9 0.5246090937500001 0.4479783611111111 0.010722885937500037 0.03639282500000002
9 0.286268575 0.46617477430555554 0.00584884687499998 0.031193851388888916
9 0.547517078125 0.5152762263888889 0.007798464062499955 0.031193850000000023
9 0.57578650625 0.43295911875000004 0.009748078125000004 0.04332479305555553
9 0.69812490546875 0.5106549034722222 0.00877327031249997 0.041591801388888905
9 0.718595870703125 0.5531132000000001 0.014622117968750015 0.029460855555555554
9 0.139397521875 0.4814828861111111 0.011697693750000016 0.03639282777777775
8 0.129649443359375 0.5733314458333334 0.009748078906249985 0.02252888888888893
8 0.528345852734375 0.5825740611111112 0.011697694531250025 0.015596924999999984
8 0.655233360546875 0.4707960965277778 0.026319811718749975 0.02079590138888887
8 0.65328374375 0.4456677145833333 0.02631981249999993 0.025994876388888866
8 0.701536733984375 0.552246704861111 0.009748078906250068 0.024261884722222127
2 0.74784010546875 0.6432287680555555 0.018521349999999992 0.07451864444444445
2 0.7229825058593751 0.6423622736111112 0.025345003906250052 0.0935815527777778
3 0.707385580078125 0.6660465034722223 0.02729461953125001 0.06238770138888883
2 0.669043128515625 0.6464059138888889 0.013647310156249981 0.07625163333333329
2 0.685127457421875 0.6438064256944445 0.016571733593750082 0.07798462361111114
2 0.70316140390625 0.6169450555555556 0.01169769531250009 0.03465983611111112
2 0.7939097775189646 0.6386074534722223 0.018013941837070613 0.08145060972222229
2 0.5757865210937501 0.5975933298611111 0.011697696875000108 0.025994876388888866
2 0.24175234687500002 0.6409181236111111 0.011697695312500006 0.053722741666666796
2 0.260273695703125 0.6183892326388889 0.007798463281250001 0.019062906944444347
2 0.269046966796875 0.6192557284722222 0.005848847656249934 0.020795898611110974
2 0.23297907499999998 0.6331196597222222 0.00779846250000002 0.024261883333333345
2 0.226642824609375 0.6287871826388889 0.004874038281249993 0.022528890277777824
2 0.2217687859375 0.6287871826388889 0.006823654687499986 0.025994876388888866
2 0.208121476171875 0.6287871826388889 0.010722886718749963 0.022528890277777824
2 0.19593637734375 0.6313866701388888 0.011697695312499978 0.020795904166666657
2 0.18033945273437502 0.6296536770833334 0.009748078906249985 0.020795898611111086
2 0.18570089453125 0.6296536791666667 0.008773270312499998 0.024261883333333345
2 0.172053585546875 0.6322531638888889 0.006823655468750023 0.022528891666666606
2 0.160843294140625 0.6305201743055555 0.009748078906250013 0.0225288930555555
2 0.11600213437500001 0.6365856437499999 0.007798462500000006 0.05198975138888884
2 0.12282578984375 0.6313866708333333 0.007798464062500024 0.03465983611111112
0 0.0628744133035946 0.7451066929959984 0.1257488266071892 0.32217696654755257
0 0.47603117421875 0.6126125743055556 0.013647309374999916 0.022528890277777824
0 0.497476946875 0.6429399298611111 0.044841159374999995 0.06585368749999998
0 0.6338798242748835 0.6290759972222222 0.06122842332523282 0.08664958611111118
0 0.5653659960848929 0.6794747652259718 0.11853739634608074 0.13199138878527739
0 0.40765632677886177 0.6760666047010624 0.15451489805327828 0.23816480740127055
1 0.3044726844297715 0.6230005893505894 0.06500259073454295 0.10573236852104329
2 0.14184468632812502 0.6308089875 0.014622117968749987 0.04159180277777774
