0 0.17354145976562502 0.5826318666666667 0.09255544453125 0.05609420833333334
0 0.261889841015625 0.5988991819444445 0.050484789843750044 0.019819966666666744
0 0.607079595703125 0.5600071909722222 0.050484789843750044 0.06170363194444439
0 0.63337375546875 0.5945986229166667 0.07993424687499995 0.08975073749999996
0 0.6601938003906249 0.6235806277777778 0.10622840859375005 0.11779783888888884
0 0.7595857281249999 0.6394739868055556 0.1451437671875 0.22063722361111116
0 0.30543298124999996 0.58842828125 0.027345928124999974 0.024307490277777788
0 0.88376827578125 0.6790258909722222 0.22901256718749996 0.40968565416666664
0 0.45373203945312496 0.7308041963398441 0.36811823359374996 0.4384499871241325
8 0.216663885546875 0.41790186041666666 0.050484789843750016 0.05422440138888884
8 0.4448972 0.4880196215277778 0.010517665624999895 0.01495845416666669
8 0.694691726953125 0.43940464166666665 0.03470829296875 0.04861498333333325
8 0.699424675390625 0.48521491388888893 0.016828263281249978 0.020567880555555584
8 0.44331955078124996 0.5057827888888888 0.01998356250000005 0.009349033333333368
0 0.5258832140625 0.5123271145833332 0.06520951874999997 0.029916909722222162
9 0.402826542578125 0.4983035618055555 0.012621196093750064 0.020567876388888906
9 0.567427988671875 0.4870847208333333 0.013672963281250006 0.0205678777777778
9 0.653146953125 0.5319600881944444 0.012621196875000074 0.024307493055555573
9 0.47329489296874994 0.50297808125 0.010517664062500043 0.014958454166666635
9 0.23086273124999998 0.5001733694444445 0.011569432812500002 0.0205678777777778
9 0.273459271875 0.5319600875 0.01262119843749998 0.0205678777777778
