0 0.285501246484375 0.50382024375 0.030274066406250022 0.03588037361111107
0 0.258380728515625 0.5088917965646248 0.03910400078125001 0.06161764020408372
0 0.22621453476562503 0.5144472826628983 0.04541109765624998 0.06396180967420345
0 0.199724728515625 0.5229250349477585 0.052979613281249976 0.06046144121559405
0 0.40533608710937497 0.5015777208333333 0.020182710156250006 0.04036541944444444
0 0.5120105256417306 0.5307305236111111 0.04936435753346102 0.06727570000000005
0 0.4936354421875 0.4926076263888889 0.025228387500000116 0.049335511111111174
0 0.35551002148437505 0.5460256975923933 0.12235767890624999 0.16510811801437764
0 0.14889868810576154 0.5307305250000001 0.08903788628847693 0.08073083888888888
0 0.9012244752524676 0.5441856645833334 0.1964802760575648 0.10764111805555554
4 0.45516215234375 0.48391594121447185 0.07946942031249998 0.15193477312661174
2 0.573104863671875 0.5083052840277777 0.02270554765624999 0.0717607458333333
2 0.6304994453125 0.49671892013888885 0.01892129062500003 0.07400326805555552
9 0.28327875078125 0.4677263020833333 0.007568517187500012 0.022425234722222187
8 0.9187337738281249 0.39730038472222223 0.02270554765624999 0.024667758333333345
8 0.557637466015625 0.3650507625 0.018921291406249985 0.01569766388888888
8 0.5626831437500001 0.41919167916666666 0.01892129062500003 0.01569766388888888
8 0.55952959375 0.4001302305555555 0.025228387500000116 0.013455138888888885
8 0.557006755078125 0.3821900451388889 0.02018271015625006 0.013455140277777777
8 0.329320558203125 0.42591925208333337 0.013875613281249977 0.024667756944444452
