0 0.873622326171875 0.6380771262198781 0.18912752890624995 0.1797194558917562
0 0.720690506640625 0.5960382708333333 0.08596705859374998 0.08915102222222226
0 0.62469395703125 0.5969235140117239 0.13754729375000008 0.13832397753210768
0 0.425536938671875 0.5603778604166667 0.03725239140625003 0.04330192361111107
0 0.47066964453125004 0.5591042756944444 0.024357332812499966 0.03056606527777772
0 0.45204344882812497 0.5603778618055555 0.01862619609374999 0.0382075819444444
0 0.237842194140625 0.5883967548611111 0.06017693984375 0.12481143194444444
0 0.28870603710937504 0.5833024111111111 0.07020643046875003 0.10952839999999997
0 0.12250305859374999 0.5935125456938736 0.24500611718749998 0.2688486169437654
0 0.491301751953125 0.5629250326388888 0.015760628906249963 0.01528303194444447
0 0.53643445703125 0.56419861875 0.011462274999999966 0.012735856944444457
4 0.519241034375 0.5591042756944444 0.0246438859375 0.04839627083333331
9 0.3023174890625 0.4865098708333333 0.01719341249999995 0.03056606666666667
9 0.73114985703125 0.5030664881944444 0.01576062812500001 0.03311323750000006
9 0.42940545195312496 0.41136829513888884 0.010029489843750017 0.02801889305555555
9 0.5862953339843751 0.4368400145833333 0.011462274218750124 0.022924548611111095
9 0.38498913828125003 0.4483022902777778 0.010029489062499952 0.020377377777777705
8 0.658937494140625 0.43938718472222227 0.02149176484375004 0.033113238888888896
8 0.716248866015625 0.42410415486111114 0.02149176484375004 0.012735859722222242
8 0.65965388515625 0.49542497291666665 0.01719341249999995 0.012735862500000028
8 0.317505 0.3782550576388889 0.02865568593750001 0.04330192638888891
0 0.5453177160156251 0.5603778604166667 0.011462274218749902 0.020377376388888813
0 0.5033371296875 0.5603778604166667 0.007163920312500016 0.020377376388888813
8 0.7258075921875 0.44848422569444446 0.017193410937500042 0.012735862500000028
