0 0.55536958984375 0.552180011111111 0.006889492187500013 0.01224798611111122
0 0.54694910078125 0.5480973479166666 0.006889492187500013 0.009526209722222179
0 0.5469491 0.5603453347222223 0.009951487499999967 0.01224798611111122
0 0.539294109375 0.54469513125 0.005358493749999971 0.01088709583333336
0 0.5327873671875001 0.5460560180555556 0.006123992187499927 0.010887097222222253
0 0.53699761171875 0.5555822291666667 0.008420489062499925 0.010887099999999927
0 0.5258978753906249 0.548777792361111 0.006123992968749992 0.010887098611111035
0 0.5274288734374999 0.5637475527777778 0.00918598906250001 0.01360887222222218
0 0.515563637109375 0.5508191229166666 0.011482486718749962 0.00952620972222229
0 0.52092213046875 0.5610257777777777 0.006889492187500013 0.01360887222222229
0 0.5082913964843749 0.5603453347222223 0.004592994531250061 0.01496975833333336
0 0.5017846546875 0.5589844465277778 0.011482485937500009 0.01769153472222218
0 0.51403263984375 0.5657888826388888 0.011482485937500009 0.020413309722222217
0 0.5056121496093751 0.5705519895833333 0.013013483593749986 0.024495970833333214
0 0.18985872617187502 0.6809105221190657 0.23271172421875003 0.16418708590479814
0 0.8017421060230083 0.6261548173611111 0.15206803392101687 0.16899020416666666
0 0.4438154953125 0.5976962763888889 0.04057145156250003 0.04899194166666665
0 0.0953195875 0.6763875541666666 0.08650139687500001 0.10614920833333341
0 0.2856662203125 0.6169355777777777 0.033441743749999975 0.03538306944444436
0 0.485709173046875 0.5674899930555555 0.019137477343750042 0.04082661944444432
0 0.71982431953125 0.6230595694444445 0.056646932812500106 0.11295364444444445
0 0.69073535390625 0.6053680354166667 0.06736392031250005 0.09662299583333334
0 0.655139646484375 0.6019658166666666 0.04363344921875001 0.07893146111111105
0 0.622988683984375 0.5842742819444444 0.048226441406249876 0.07620968611111123
0 0.587392976953125 0.5686240791666666 0.026026969531250055 0.055796377777777795
0 0.47203956562499993 0.5768217972222223 0.020668474999999964 0.029939519444444396
0 0.5723199464843749 0.5550476006944445 0.009951488281250032 0.010887098611111146
0 0.5684924515625001 0.5509649388888889 0.008420489062500036 0.01360887222222218
8 0.4434791390625 0.4857395534722222 0.022454642187499985 0.028578631944444488
8 0.589204659375 0.4959073131944445 0.006889492187500013 0.019052423611111147
8 0.60183539453125 0.5394557069444444 0.006123992187499927 0.01088710000000015
8 0.429980848828125 0.5204032847222222 0.00842048984374999 0.005443550000000075
8 0.3959161390625 0.5163206229166667 0.00918598906250001 0.010887098611111146
9 0.569837518359375 0.5164567201388889 0.005511602343750033 0.014969759722222253
9 0.456620208203125 0.5178176069444445 0.0038274960937499936 0.01496975833333325
8 0.589663940625 0.5171371638888889 0.006889492187500013 0.01360887222222218
8 0.96215582578125 0.37016133888888886 0.04057145156249997 0.12247985277777773
0 0.3642499921875 0.60083173125 0.03444745781249997 0.04218750416666661
2 0.40298059140625 0.6004429076388889 0.0030619968750000837 0.020413309722222217
2 0.408339084765625 0.6004429069444445 0.004592994531250061 0.0258568583333334
2 0.416176337109375 0.5976563333333333 0.00459299453124995 0.034022180555555614
2 0.41885558359374997 0.5990172208333333 0.005358493749999971 0.03130040555555558
2 0.4754842953125 0.5966518652777777 0.007654992187500043 0.029939519444444396
2 0.5700383460937499 0.5843693597222221 0.01145266093749997 0.03531402777777781
0 0.533692052734375 0.5815238673611111 0.019902977343750017 0.026901268055555594
4 0.027697153515625003 0.4731750909722222 0.053584936718750004 0.8587198680555554
8 0.8081756656250001 0.4654234465277778 0.009951487500000078 0.05035282916666661
9 0.46037116015625 0.5175454340277779 0.00459299531250007 0.014969759722222142
