4 0.17269147499999998 0.44105323160017984 0.1988096 0.17682537291075145
0 0.31468439765625 0.4094747513888889 0.07016809375 0.08593425555555556
0 0.34509057265625 0.4011585354166667 0.026507946874999966 0.06098560138888898
0 0.357175078125 0.40185155347222223 0.02105042812500002 0.05128334861111111
0 0.3692595828125 0.39353533472222224 0.021830073437499986 0.042967127777777725
0 0.383683023828125 0.3914562805555556 0.014813264843750007 0.030492802777777828
0 0.392259124609375 0.3879911888888889 0.011694683593750033 0.018018472222222193
0 0.408241858203125 0.38244704236111116 0.00935574609374995 0.018018470833333355
0 0.399275933984375 0.3838330798611111 0.007016808593749979 0.020790545833333285
0 0.437088740625 0.3949213715277778 0.017152201562500025 0.02910676527777778
0 0.4491732453125 0.3928423166666667 0.02416900937500005 0.03603694722222217
0 0.452291828125 0.4032375888888889 0.021050428124999965 0.04296712777777789
0 0.47529136953125006 0.4025445715277778 0.03586369218750002 0.05821352916666672
0 0.493223216796875 0.4157119173611111 0.045219438281250024 0.06791578472222232
0 0.6290516590602375 0.44186395491434793 0.15514335219202513 0.18866828461574864
0 0.8362672546875001 0.5636595282924002 0.325891815625 0.4084093461929774
