9 0.369974287890625 0.24192442986111112 0.0069587648437500205 0.02061855972222218
9 0.462177911328125 0.26563577152777773 0.005798969531250031 0.018556704166666715
9 0.49871142265625 0.3058419638888889 0.006958764062499956 0.016494847222222275
9 0.4905928640625 0.30996567569444444 0.006958764062499956 0.016494848611111057
8 0.7469073390625001 0.20957292708333336 0.02087629218749998 0.030927840277777757
8 0.5335052421875 0.27658324791666666 0.01159794062500008 0.016494848611111057
8 0.53408513984375 0.24668633611111113 0.019716498437500007 0.03092784166666665
8 0.4958119375000001 0.27452139166666667 0.010438145312500036 0.012371136111111125
8 0.496971731640625 0.25699561527777776 0.012757733593749931 0.014432991666666645
8 0.4807346156250001 0.26627396875 0.008118557812499982 0.024742273611111143
8 0.379252639453125 0.28483067222222225 0.011597941406250034 0.016494850000000005
8 0.36243562695312503 0.2611193277777778 0.01971649765625 0.022680416666666675
0 0.43492275234375 0.32916057569444446 0.02087629218750009 0.04329897638888891
0 0.42100522421875 0.32297500902777776 0.023195879687499976 0.02680412916666669
0 0.429123782421875 0.3466863520833333 0.020876291406250025 0.05360825694444443
0 0.46797688203125 0.3456554236111111 0.03131443906249998 0.06391753611111117
0 0.467396983984375 0.35905748680555555 0.023195878906250078 0.05360825694444438
0 0.48247430703125 0.3600884152777778 0.03247423125000004 0.06804124722222221
0 0.5201676113281251 0.36936676805555557 0.06610825859374991 0.09896908888888889
0 0.6726805234375 0.33946985486111114 0.027835056249999934 0.02268041527777781
0 0.710373828125 0.4106038881944444 0.07306702187499992 0.12783507361111107
0 0.34271912890625 0.3260677923611111 0.019716498437500007 0.03298969583333333
0 0.369394390625 0.32606779166666666 0.012757734375000052 0.016494847222222164
0 0.325902116015625 0.33431521597222225 0.02551546953125 0.03711340694444448
0 0.29458767734375 0.33328428888888884 0.04175258437500001 0.05979382500000002
0 0.267332518359375 0.3075110875 0.01739691015625 0.02474227222222225
0 0.21920106757812502 0.30854201666666664 0.01855670390625 0.026804130555555528
0 0.247036123828125 0.35390284791666665 0.08350516953125 0.08453609583333332
0 0.15541239609375002 0.3054492319444444 0.06494846406250002 0.04123711944444447
0 0.389270357421875 0.41484542916666667 0.12409795859375 0.18556704166666665
0 0.603252351171875 0.412783575 0.14381445703124995 0.20206188888888887
0 0.8487705359375 0.4591096017106757 0.24516004062499996 0.21636342008801818
0 0.080685417578125 0.36948459791666666 0.16137083515625 0.20206189027777777
0 0.96903096953125 0.48936863750000004 0.05798969999999981 0.24123715277777774
