9 0.398389241015625 0.3281787291666667 0.010438146093750045 0.03917526666666671
9 0.59033515 0.2838488215277778 0.006958765624999974 0.04536083194444446
9 0.6025129859375 0.2841924756944444 0.01043814531249998 0.043298976388888855
8 0.56134029921875 0.41340212986111113 0.018556704687500036 0.02268041527777781
8 0.725451150390625 0.3670103701388889 0.024355674218750067 0.04948454583333328
9 0.862886741015625 0.37147771875 0.018556703906250194 0.04742268750000006
2 0.97074758359375 0.49278358541666667 0.02551547031250001 0.08659795138888887
2 0.9904640812500001 0.4824743048611111 0.013917528125000023 0.08247424027777783
0 0.97828624375 0.6003437368055555 0.040592790624999986 0.17113405138888893
8 0.503337365625 0.4101312625 0.010530631249999922 0.018721122222222164
0 0.57120143515625 0.4732283784722222 0.012870771875000075 0.018721123611111168
