9 0.364707387109375 0.0907030548611111 0.014501942968749959 0.053906215277777766
9 0.5499367515625 0.28757791875 0.013183584375000112 0.035156226388888934
9 0.40293978203125 0.29109354375 0.009228509375000027 0.02812498194444446
9 0.33372596328125 0.26882793194444443 0.010546868749999994 0.03515622500000004
9 0.10630912617187499 0.007499989583333333 0.01450194296875 0.014062490277777777
8 0.0357769484375 0.02507810138888889 0.023730451562499998 0.04453121944444444
8 0.046982996875 0.2301560847222222 0.0250488109375 0.03749997499999999
8 0.5334572703125 0.21140609652777778 0.01186522499999998 0.05624995972222224
8 0.55059593046875 0.15984363333333335 0.022412093750000084 0.023437483333333342
2 0.81690434140625 0.38953097569444445 0.027685528125000136 0.13593740416666666
2 0.7147315609375 0.39070284930555554 0.02109373593750008 0.12890616249999998
2 0.67847670234375 0.38601535277777776 0.025048812499999906 0.13828115555555553
2 0.6389259488281249 0.3942184722222222 0.02768552890624998 0.12187491666666661
2 0.596738476953125 0.3848434777777777 0.019775375781249993 0.11718741944444439
2 0.726596787109375 0.3836716041666667 0.018457017968749878 0.10078118055555557
2 0.69363782421875 0.38835910138888885 0.02109373593750008 0.12890616111111114
2 0.6639747593750001 0.38835910138888885 0.014501943750000024 0.12890616111111114
2 0.652109532421875 0.3953903465277778 0.017138660156249985 0.1148436708333333
2 0.614536316015625 0.37781223472222225 0.026367169531250068 0.11249992222222227
2 0.5571877234375 0.3426560083333333 0.011865226562500109 0.023437483333333342
0 0.224302210546875 0.3496872527777778 0.042187471093749984 0.06093745833333336
0 0.323179095703125 0.3496872513888889 0.015820302343750037 0.0421874694444444
0 0.3086771515625 0.34851537847222225 0.026367168750000003 0.06328120694444445
0 0.38958294103028035 0.36207943091544786 0.022065578935560715 0.03146560483577099
0 0.35350133984375 0.3578903729166667 0.04746090468750003 0.06796870416666673
0 0.273081473828125 0.35085912708333333 0.06328120703125001 0.08671869027777784
0 0.46819852617187496 0.38249972916666664 0.21357407265625 0.1265624111111111
0 0.9487401894531251 0.4035934666666667 0.10151360234375006 0.1453124
0 0.0166013171875 0.3355447902777778 0.033202634375 0.038388599999999995
