9 0.56584446015625 0.19087665208333335 0.019194299999999886 0.08317530416666669
9 0.41109041679687497 0.1364928 0.016795011718749975 0.085308
9 0.39249593828124996 0.149289 0.025192518750000004 0.08957339999999998
9 0.546050340234375 0.18981030138888888 0.020393944531250097 0.08104260277777778
9 0.024205305859375 0.3945495013888889 0.029991094531250005 0.051184799999999975
9 0.329514640625 0.4670613013888889 0.014395725000000026 0.021326999999999985
8 0.75358870859375 0.43720350069444447 0.04918539531249999 0.08957339861111108
0 0.535770142540394 0.5353307578009108 0.021427136643288214 0.04036210349804181
4 0.48966708281250004 0.5033172013888889 0.04438682031250002 0.051184799999999975
0 0.454048238880408 0.5489084002239296 0.02685086755168392 0.06273238859702057
0 0.4983360699433265 0.5489084002239296 0.06063886792584683 0.07759005958052545
0 0.42460437857547484 0.5506074251599034 0.05246615066050159 0.07603555245797111
0 0.09078553476562501 0.5672982013888889 0.11036722421875 0.09383880000000011
0 0.03140316875 0.5459712013888889 0.044386820312500005 0.1023696
0 0.5730423230468751 0.5374404006944444 0.03359002578124992 0.04691939861111116
2 0.609031635546875 0.5598337513888889 0.01919430234374997 0.09597149999999999
0 0.6444211265625 0.5534356520833333 0.10196971874999994 0.12582930138888893
2 0.8723534394531249 0.5310423013888889 0.02999109453124993 0.11090040000000001
0 0.90528589296875 0.7091227520833333 0.1894282140625 0.5736963013888889
