0 0.28119304921875 0.5176773083333334 0.11001971562500001 0.12543310555555554
0 0.39240863125000003 0.5006694298611112 0.02391732968749999 0.03614174305555562
8 0.650715789453125 0.41881901388888887 0.02391732890625009 0.012755908333333343
0 0.797209432421875 0.5259686520833333 0.11121558203125015 0.08929136249999997
0 0.92636301171875 0.5336221944444445 0.13274117812499997 0.09354333055555558
8 0.5687989359375001 0.45283477083333334 0.01315453124999999 0.055275605555555496
8 0.5682010027343749 0.40287412777777776 0.019133863281249996 0.03614174166666673
8 0.199874129296875 0.44751980902777777 0.016742130468750005 0.05740159027777775
8 0.1986782625 0.32527568055555556 0.019133864062500006 0.05102363611111116
8 0.0970296125 0.42732295277777776 0.026309062499999994 0.038267727777777816
9 0.5400981406250001 0.3072048090277778 0.01315453124999999 0.04464568194444446
9 0.5538506050781249 0.30507882430555555 0.00956693203125003 0.04039371250000001
0 0.493459348046875 0.5059843923611111 0.027504928906250004 0.034015756944444475
0 0.454593687890625 0.49960643819444445 0.014350397656250014 0.021259848611111187
0 0.360718169921875 0.5091733694444445 0.02272146328125002 0.027637802777777776
0 0.43725362421875 0.4964174604166666 0.010762798437499888 0.01488189305555554
