9 0.45366327578125 0.16074480277777775 0.011527515624999984 0.0653225888888889
9 0.70426667109375 0.3799810701388889 0.032421137499999975 0.04611006250000005
9 0.479688761328125 0.42972016736111107 0.007204696093749963 0.008965843055555534
9 0.480409231640625 0.4060247194444444 0.005763758593750001 0.012808349999999968
9 0.378462763671875 0.4085863895833334 0.007925166406249962 0.010246681944444447
9 0.39899615117187504 0.4303605875 0.0072046976562500364 0.012808349999999913
8 0.094921887109375 0.39577804027777774 0.015129864843750007 0.04995256666666664
8 0.19975023320312502 0.40986722638888884 0.011527514843750003 0.037144219444444404
8 0.355371694921875 0.4066651381944444 0.017291274218749986 0.012808351388888861
8 0.3297950203125 0.4297201666666667 0.012247985937499983 0.015370019444444438
8 0.49442235390625 0.4047438847222222 0.02305503124999997 0.014089186111111152
8 0.48901883046874994 0.4284393368055555 0.010807046874999948 0.010246681944444447
8 0.524682082421875 0.4066651381944444 0.014409394531250008 0.023055031944444415
8 0.581238956640625 0.21325903958333334 0.04538959296875 0.05891841250000002
8 0.532967483984375 0.18956358958333333 0.05547616953125001 0.044829226388888865
8 0.70263810703125 0.20749528333333334 0.023055032812499987 0.019212527777777794
8 0.690390120703125 0.2734582895833333 0.04899194296874998 0.05891840972222223
8 0.982900833984375 0.24335866388888888 0.03098019921875006 0.09350096111111106
2 0.03559120546875 0.45341561736111113 0.015850334375000004 0.020493359722222215
2 0.10043348046875 0.4611006270833333 0.01296845625000001 0.02305503194444447
2 0.695901709765625 0.5052894368055556 0.0151298632812501 0.11655599027777785
2 0.68437419453125 0.5277040527777778 0.02089362187499999 0.12296016666666665
2 0.5997190011718749 0.5091319437499999 0.023055030468750015 0.1396110236111111
2 0.57774467421875 0.5084915256944444 0.03530301718750006 0.1306451763888889
2 0.630699200390625 0.47775148611111107 0.012968455468749918 0.07428843611111108
2 0.5215480343750001 0.4508539486111111 0.009366106250000006 0.040986725
2 0.4066331125 0.46366229861111113 0.008645635937500007 0.0358633805555556
0 0.4307688484375 0.4611006270833333 0.010807046875000004 0.02305503194444447
0 0.42500509140625004 0.45981979375000004 0.010807046875000004 0.028178370833333355
0 0.414198045703125 0.4643027173611111 0.016570803906250042 0.021774195833333287
0 0.40050912031249997 0.45789854027777777 0.018011742187499957 0.029459205555555534
0 0.393664658203125 0.46046020902777773 0.011527516406249994 0.026897534722222283
0 0.3864599609375 0.4617410451388889 0.010086576562500005 0.029459206944444538
0 0.37997573125 0.4623814631944444 0.010086574999999987 0.03074004305555561
0 0.373491504296875 0.4623814631944444 0.01152751484375003 0.03074004305555561
0 0.363765163671875 0.46238146319444445 0.015129864843750007 0.03330170972222224
0 0.3518774125 0.46622396805555555 0.02017315156249999 0.035863380555555546
0 0.303966175390625 0.4745493972222222 0.025216439843749994 0.034582547222222315
0 0.28379302265625 0.47326856041666665 0.032421137499999975 0.042267554166666665
0 0.270824568359375 0.4803131548611111 0.02809831953124997 0.03842505138888885
0 0.253173060546875 0.4527752027777778 0.03602348671875 0.01665085833333335
0 0.241285308984375 0.4758302305555555 0.043948653906250024 0.05763757777777778
0 0.47579820781250004 0.5411528222222223 0.13256643281250008 0.1934060972222223
0 0.44013495507812495 0.44573060625000005 0.015129864843749952 0.015370020833333331
0 0.1713997484375 0.48607691388888896 0.05979898750000001 0.06532258888888892
0 0.14438213437500003 0.48607691388888896 0.0201731546875 0.06532258888888892
0 0.117004284375 0.49760442847222225 0.06916509374999999 0.057637579166666675
0 0.05144153828125 0.5014469340277777 0.093661065625 0.0832542819444444
0 0.012752314453125 0.5200190444444445 0.02550462890625 0.06916509444444446
