8 0.678953664453125 0.44277938680555556 0.028269427343750042 0.050256762499999996
8 0.6779788566406251 0.486970675 0.02826942734374993 0.02426188333333329
0 0.0891891891891892 0.6705875445007508 0.1783783783783784 0.28405013622372366
0 0.234441287109375 0.6030811201388888 0.11600213359375 0.13170737083333328
0 0.30267783632812495 0.5762197493055555 0.07895943515624998 0.11957642916666655
0 0.35093082460937497 0.5779527402777778 0.025345003906249997 0.06758667777777783
0 0.35531745937500003 0.5510913680555556 0.04191673593749995 0.07278565000000004
0 0.427940644140625 0.5848847076388889 0.11112809453124994 0.2096919986111112
0 0.8674261328125 0.7630362866178679 0.26514773437499994 0.43428778712462457
0 0.7340303078125001 0.6836652361111112 0.19301195312499997 0.22008994999999998
0 0.620465194140625 0.6299424923611111 0.11405251796875004 0.14037232916666653
0 0.5497916249999999 0.5744867569444444 0.05653885468749997 0.07798462777777782
0 0.518110369921875 0.5762197493055555 0.01852134921875004 0.046790776388888844
0 0.5103119074218749 0.5736202618055555 0.022420580468750007 0.04505778472222233
0 0.511774119140625 0.5718872694444445 0.02924423515625002 0.06238770277777772
