0 0.04560735390625 0.40478751597222223 0.08849411875 0.059527576388888837
0 0.040823888281250005 0.38064446597222223 0.0813189203125 0.038454084722222226
0 0.107194476953125 0.3986221576388889 0.025113194531249994 0.044645681944444404
0 0.1801423328125 0.4043478756944444 0.051422259375 0.060349087499999954
9 0.07430814960937501 0.24555124930555555 0.01913386328125001 0.06590552916666667
9 0.08028748164062499 0.3167717409722222 0.01674213046874999 0.029763787499999972
8 0.25318987265625004 0.3201117625 0.013253973437499955 0.023687922222222157
9 0.75801032734375 0.2077270826388889 0.015592909374999908 0.07104462083333335
8 0.524551876953125 0.3008268548611111 0.010762799218750008 0.03614174305555551
8 0.52227503046875 0.26967475416666664 0.008141292187500149 0.020609208333333295
0 0.3684913015625 0.39796992152777777 0.052618125000000016 0.0731049958333333
0 0.38044996679687504 0.38267727152777775 0.043051192968749985 0.05952757638888889
0 0.41811976054687505 0.37523632500000004 0.02032973046875003 0.023385833333333272
0 0.4145321609375 0.35503946875000003 0.010762798437499999 0.012755909722222236
0 0.42649082578125 0.3529134826388889 0.01315453124999999 0.01275590694444445
0 0.465356486328125 0.36992136319444446 0.019133863281249996 0.029763790277777702
0 0.49405728125000004 0.37523632569444443 0.01435039687500006 0.027637804166666613
0 0.50601594609375 0.37438383680555554 0.019133864062500006 0.030184798611111063
0 0.6106542625 0.38036288472222224 0.06098919062499997 0.08891455833333334
0 0.656097188671875 0.38799223402777777 0.08968998515625004 0.10417325694444446
0 0.538304341015625 0.36566939236111107 0.021525596093749932 0.025511818055555524
8 0.469682334765625 0.011434800694444445 0.02778556015625 0.02286960138888889
0 0.5783658675781249 0.36566939236111107 0.013154530468750036 0.025511818055555524
0 0.342182239453125 0.37523632500000004 0.019133863281250052 0.023385833333333272
8 0.43426395781250005 0.305078825 0.014350398437499912 0.01062992500000004
9 0.5489901187499999 0.0280672375 0.021679639062499922 0.056134475
9 0.44030479023437497 0.023216110416666665 0.02105042890625003 0.04643222083333333
