0 0.5317822810296778 0.3727273200383865 0.013132828086115378 0.018158972168455856
0 0.5178587117187501 0.3664689395833333 0.009597149999999943 0.01492889861111113
0 0.5094612042968749 0.3664689395833334 0.011996438281249966 0.01919429861111105
0 0.5010636984375 0.37393338958333333 0.019194301562500016 0.029857798611111097
0 0.48527052731456677 0.3728556678148545 0.018798696816633598 0.02770235507415353
0 0.47680780388613986 0.38697879556344483 0.023466837459779732 0.038887010571334146
0 0.462129646131731 0.38878215645689773 0.02247172805846409 0.042543877651810724
0 0.4459324914921887 0.3937110203311929 0.0321024686549487 0.053439260952884204
0 0.3929634093052544 0.4040875758560247 0.07091727166502304 0.08041830531744715
8 0.6022264142830612 0.32536987709219367 0.010382433253622425 0.009338899972348713
0 0.5601070309805256 0.38151856758951536 0.013424668710251275 0.024903733259596494
0 0.5875400496493 0.3901368751874582 0.023347249930871672 0.04721332763798519
0 0.6057800886577934 0.39869753349544457 0.023055409306735886 0.05292043317664269
0 0.6289814182765973 0.4051828806984644 0.030351424910133318 0.05862753871530019
0 0.6813668103089907 0.3902521737673713 0.10360342156824343 0.14163998291395535
0 0.8405628800781251 0.4094114259105022 0.26632091328124996 0.2884914740432266
8 0.20915244878177103 0.271152374474947 0.025681974923958933 0.023347249930871783
8 0.3088160219241799 0.28075068833541655 0.028308540541182037 0.016602488839731033
8 0.8080066734400924 0.13808481527931396 0.04755837499999982 0.024948655555555532
0 0.4301730977888503 0.40590347307287034 0.01167362496543578 0.04565684430926037
