9 0.590733555078125 0.39598860902777777 0.01559692421875003 0.0225288930555555
9 0.36506553750000004 0.3465983451388889 0.014622117187500006 0.03812581805555548
9 0.41721775898437496 0.18976259375 0.01754654140624995 0.06758667638888888
8 0.41331852617187503 0.13603985069444444 0.011697692968749951 0.02946085972222222
8 0.3640907296875 0.31627099166666667 0.006823654687500014 0.015596924999999984
8 0.59122095859375 0.36826074166666667 0.014622117187500061 0.02599487500000003
8 0.556615279296875 0.48523768125 0.02144577265625003 0.03465983194444444
8 0.7871573355468751 0.36219527152777775 0.028269427343750042 0.03119384861111113
8 0.7836245302492912 0.3308752259493706 0.021012524937784605 0.029573183245770907
0 0.973892234872175 0.5035295768579086 0.05120950994314988 0.036836772113153116
0 0.19298771741469478 0.505604887962875 0.02714117804463842 0.030610838798254103
0 0.22469320859375 0.49910161805555553 0.014622117187500006 0.031193852777777753
0 0.2452114761958217 0.4984928002249086 0.01666634145414342 0.023044247672039553
8 0.3138881265625 0.48350469305555555 0.00974807812500006 0.01732991666666661
8 0.4063452778954977 0.46312098812040203 0.013348121415995395 0.018154315129692955
9 0.508849694921875 0.4341144256944445 0.007798461718749983 0.02599487638888892
9 0.566850762890625 0.42718245972222224 0.008773271093750035 0.025994877777777814
9 0.180826855078125 0.23048789930555558 0.020470964843749995 0.0866495847222222
8 0.31924956914062497 0.4367139138888889 0.01852134765625002 0.034659833333333334
8 0.59560759375 0.4202504923611111 0.013647309374999916 0.02252889305555561
