9 0.40821321640625 0.2109373548611111 0.011865226562499998 0.01874998749999998
9 0.196616682421875 0.22031234861111113 0.007910150781250014 0.018749986111111117
9 0.18804735234375 0.22265609722222224 0.006591792187500001 0.023437483333333342
0 0.3533736213067561 0.19943467826635627 0.01029143011351219 0.01918211764382366
0 0.3456763127097234 0.20452364428944386 0.00759728159801587 0.014149434510590503
0 0.36668492460937496 0.2062498583333333 0.010546867968749984 0.023437483333333342
0 0.32433156917244066 0.2115983615447391 0.014109237253458085 0.019294683423532466
0 0.30739398714024524 0.21076087606969046 0.01325397115549043 0.01839702991715869
0 0.35367102528943983 0.21342620273786045 0.008249520891379702 0.014352688809054215
0 0.34295447187500006 0.22382797152777778 0.015820301562499972 0.025781231944444455
0 0.3315670754562653 0.24086196473709665 0.01845054102375293 0.026369400678827676
0 0.3623179771625201 0.23943631122210923 0.01917409165213535 0.027377030333559316
0 0.32238320961370287 0.2611213823318057 0.027412114539905663 0.04244830353177134
0 0.32198002963019756 0.28684762689651566 0.0260478226217688 0.06688823586824583
0 0.28535589465123823 0.2901746784311377 0.06673631430247645 0.09753718741783102
2 0.29629398232262005 0.22992831079709491 0.007959056912207163 0.0276557129070632
2 0.23916592882981622 0.23437483888888888 0.007910150781249958 0.028124980555555568
2 0.2258528433317086 0.2314185955066183 0.0074456008365828 0.02934997009787446
2 0.275718190234375 0.22617171944444447 0.007910150781250014 0.025781233333333348
2 0.397007169140625 0.2308592166666667 0.007910150781250014 0.03984372222222224
2 0.575644741796875 0.2871091777777778 0.017138660156249985 0.09140618611111112
2 0.928305632421875 0.2660154416666667 0.07382807421874993 0.15703114166666668
0 0.36389603581940255 0.26284630086557526 0.026671512736195002 0.022744520491071618
0 0.39126000229781877 0.2617645384459234 0.0343686548481672 0.016722058967061415
0 0.42567402901224094 0.2554442482687793 0.04151341739948189 0.02807632709311425
0 0.41216829140625005 0.41587657423498825 0.20698227812500003 0.2979335737522457
0 0.87557129375 0.48421841388888887 0.24785139218750007 0.43874969166666666
0 0.14224606635062836 0.3436679061724997 0.19838960792374324 0.2782885237661117
2 0.20934890940685502 0.2570738742650547 0.009644153188710064 0.045398070752331515
8 0.11026420234375 0.1453124 0.025048810937500013 0.01874998611111109
8 0.09732009861052313 0.16191872553426162 0.020254339408546276 0.014462664957412191
8 0.4006661604667908 0.1816916022382638 0.009767933483163294 0.02508308845059215
2 0.9665380277343749 0.2524216944444444 0.02373045234374993 0.10078118055555557
0 0.337355480483325 0.2325009352535659 0.014109237253458085 0.023796776222356708
