0 0.215853898046875 0.4624017048611111 0.12556598046875 0.09992128749999996
0 0.6338040991930766 0.4019361112264202 0.013453775856544725 0.040835308832872896
0 0.6426639028059231 0.40251947278117556 0.013453775856544725 0.04550220127091542
0 0.6652839457144488 0.40430462514355847 0.04228681794610256 0.06876652806489475
0 0.5689962764694769 0.4063113228870852 0.011156789734695582 0.026251269963989743
0 0.5598172188445636 0.4083296230122717 0.017045551751627364 0.0385487932467658
5 0.544119245703125 0.558071020138889 0.047834658593750023 0.13393704305555565
7 0.5482779694139112 0.4637427959158442 0.06571903882782215 0.20890271683168837
0 0.5903131995335007 0.40829282033173286 0.035875995312499964 0.05740159166666675
0 0.6867988504328808 0.41827023475956937 0.05709651217167766 0.07350355589917124
4 0.472367256640625 0.4034056222222222 0.08610238671875015 0.150944925
2 0.415563598828125 0.42807020208333335 0.01315453203125 0.08121892916666668
9 0.419151198828125 0.34068907083333333 0.03228839453124993 0.03401575833333337
2 0.74546632147708 0.3963314409149948 0.011673580483339996 0.058794045947788254
9 0.5148439987451254 0.06812981309544631 0.013107568134749226 0.07141708730200375
9 0.625893149035051 0.09767996499490805 0.012868632445102168 0.06248587721203834
9 0.5374947525126894 0.06650321724210727 0.01837588897479281 0.07700372522770316
9 0.6455301996100251 0.0962008138888889 0.017217524217449598 0.06377954444444446
8 0.2044931671875 0.23545282152777777 0.0645767890625 0.03614174027777778
8 0.21286423203125 0.1908071388888889 0.05500985781250001 0.04464568055555557
8 0.1698130390625 0.14509846527777778 0.057401590625 0.029763788888888865
8 0.177586170703125 0.11001971527777779 0.04903052578125003 0.031889772222222224
8 0.18954483515625 0.07281498125 0.027504928124999994 0.04677166527777776
8 0.6953963546875 0.32899615277777783 0.017937996874999973 0.03614174166666667
8 0.752797944921875 0.2599016472222222 0.034680127343750033 0.021259850000000025
8 0.76296281015625 0.24289376805555557 0.02630906249999998 0.02125984722222221
8 0.7502941096582809 0.15984106600295955 0.029204537834938593 0.045502201270915504
0 0.14469984375 0.5947442576388889 0.2893996875 0.3720473458333334
0 0.9052156986855405 0.5085538396717095 0.18956860262891895 0.5489797042065131
9 0.7682246515625 0.31124418263888887 0.021525596875000108 0.029763787500000027
9 0.98678917578125 0.17326776319444442 0.025113195312499892 0.0786614402777778
0 0.6346244513794512 0.4042695574454416 0.009187944487396349 0.03733513950434092
