0 0.049840138714665846 0.35959578402777775 0.09968027742933169 0.2547497847222222
10 0.027294619531249998 0.20882550416666665 0.054589239062499996 0.08838257777777775
0 0.12972541900775134 0.32840193333333334 0.08563113854699733 0.07105266111111114
0 0.16717954492187498 0.3084725263888889 0.03216865859374998 0.0554557361111111
0 0.22323099609375002 0.36999373194444446 0.16181810312500003 0.1438383138888889
0 0.22079397773437498 0.2928756013888889 0.049715200781249996 0.017329916666666667
0 0.27777612743253066 0.3102459968656901 0.04103014669743882 0.03804486737973084
0 0.3289173428173101 0.3508188924195268 0.07591309796519186 0.10279405996532742
0 0.37822544375 0.3543968090277778 0.03509308281250001 0.06758667638888893
0 0.44743680078125 0.340532875 0.009748078125000004 0.02946085833333334
0 0.457672283984375 0.35093082430555556 0.00877327109374998 0.0329268430555556
0 0.555193670748241 0.3528273042119974 0.024288992878517934 0.04299781657600538
0 0.49471498203125 0.3543968076388889 0.006823654687500014 0.02599487638888892
0 0.8534006811506832 0.36155335998010063 0.16872893457363358 0.2543006133731322
0 0.6140681160051014 0.35781510248389736 0.033021813260202815 0.06421607003220525
0 0.514211138671875 0.35093082430555556 0.032168658593749955 0.04332479305555548
0 0.476681037109375 0.3526638166666667 0.035093082031250056 0.05372274166666663
0 0.54248056640625 0.3595957819444444 0.039967121874999956 0.04679077500000001
0 0.6977475185361135 0.40555550078301034 0.1854080531048029 0.23686238102070944
8 0.35677967109375 0.14557130694444445 0.06628693281249998 0.07625163611111112
8 0.40893189179687495 0.16203472777777778 0.03606789140624994 0.046790777777777764
2 0.57318701328125 0.35093082569444445 0.00584884687499998 0.025994876388888866
0 0.42940285664062494 0.32926842777777776 0.004874038281250048 0.0138639333333333
0 0.41770516171875005 0.32233646111111114 0.006823654687500014 0.013863933333333356
0 0.410881507421875 0.32233646111111114 0.008773271093750035 0.013863933333333356
