0 0.5266101968435605 0.3581136683686871 0.016343074951610248 0.024903733259596494
0 0.5463094389727334 0.3522624475218218 0.027141178044638337 0.039949738770602816
0 0.5681974857829257 0.36834610858531125 0.014883871830930762 0.05032629429543467
0 0.590085532593118 0.376387939117056 0.04523529674106408 0.07159823312134006
0 0.6113898981550385 0.40466405292222285 0.07441935915465381 0.08145596086993034
0 0.4761055594583845 0.36171664211574184 0.022212306253659664 0.027959042710406
0 0.429812888671875 0.3666525666666666 0.027751227343750018 0.02915280555555555
0 0.41300312919382964 0.36500256060140274 0.013716509334387061 0.03787442766563642
0 0.39149229684290376 0.3714811476068939 0.03436372024830742 0.06227285354404882
0 0.3771553695603806 0.3854962577629457 0.029767743661861523 0.05188277762415944
0 0.3444367919315596 0.40947761821660494 0.06420493730989735 0.07782416643623924
9 0.10951068512610318 0.3113601540081514 0.019986073497793633 0.03966423857185847
9 0.13968234523223522 0.3095848832331931 0.012622368910529563 0.03564704186694717
9 0.8757650848028298 0.2734870955096924 0.014300190582658856 0.030092011022012477
9 0.899060897265625 0.2735878479166667 0.01765987109374989 0.03588037361111113
0 0.4936322063162041 0.358834260743093 0.01400834995852307 0.023347249930871783
8 0.9318578 0.24892008958333334 0.03531974375000002 0.026910279166666662
9 0.219786562109375 0.029152803472222225 0.02144413046874999 0.05830560694444445
