9 0.266338931640625 0.35405078194444445 0.006864405468750001 0.010677963888888864
9 0.46652216132812496 0.2823558784722222 0.006006355468750002 0.025932198611111068
9 0.45785584414062497 0.28311858958333336 0.010296608593749978 0.027457620833333307
8 0.4883380828125 0.29892462128316166 0.018019064062500034 0.024725875899656746
0 0.2599355632464011 0.40229414938065144 0.030027351077872383 0.08296713872118949
0 0.22228762980814482 0.40222087156069203 0.059739528366289596 0.1744418625658285
0 0.3923259710091489 0.4100124962976113 0.011977299830797816 0.06624602684922187
0 0.4294272979449939 0.4241614572606548 0.08393187289236609 0.1305606911659029
4 0.332280127734375 0.3676270472222222 0.11841099453124998 0.25779656111111116
4 0.5507062634376496 0.4150303261575552 0.09857135593720068 0.1603997634262216
4 0.100499186328125 0.29669485972222226 0.20099837265625 0.5735592111111111
4 0.7726165687499998 0.36738870208333335 0.4547668625000003 0.7322032486111111
