8 0.6158782257812501 0.3974866423611111 0.0074125515624999805 0.020498906944444506
9 0.6154664171875 0.36600617916666667 0.006588934374999966 0.01317787222222222
9 0.5561660058593749 0.38357666944444446 0.0032944679687499923 0.013177869444444434
9 0.5160434464843751 0.39144843541666663 0.007058271093750013 0.014279323611111117
9 0.41326848085937495 0.36820248888888885 0.010707022656249954 0.020498908333333288
9 0.39720795 0.38357667013888885 0.008236165625000014 0.016106284722222197
9 0.39020720820312504 0.41578924236111114 0.00905978515625 0.016106290277777713
9 0.66570704375 0.4033434736111111 0.006588932812499948 0.011713658333333321
0 0.55698961953125 0.42530659097222223 0.0181195703125 0.02342732361111116
0 0.650881941015625 0.42969921527777777 0.04612254296874996 0.02928415833333331
2 0.5013954843749999 0.4340918368055555 0.0074125515624999805 0.049783065277777816
0 0.515808778125 0.41652134375000005 0.01647233749999988 0.017570493055555525
0 0.49027665546875 0.4245744895833333 0.024708504687499966 0.01903470694444448
0 0.47462793554687505 0.4362881479166667 0.02470850546875003 0.03074836249999996
0 0.452390281640625 0.4421449805555555 0.021414038281250047 0.03660519166666659
0 0.434270709765625 0.43994866666666665 0.01976680390625002 0.023427322222222213
0 0.39679614296875 0.45532285069444445 0.02882658906250002 0.030748362500000015
0 0.375793913671875 0.4597154708333333 0.023061272656249965 0.03367677777777783
0 0.34721085551166975 0.463174849230248 0.05319854227333942 0.04352394846049584
0 0.60723024921875 0.4478116281370135 0.05435871250000002 0.07798337428152852
0 0.53557558359375 0.43921656458333336 0.03129744062499995 0.05417568472222217
0 0.23042553906250002 0.47142913333333336 0.11448274218750001 0.08638825555555557
1 0.542576326171875 0.40700399305555557 0.01729595390624994 0.021963113888888885
0 0.049936888600807264 0.5248727173611111 0.09942451782661452 0.10542295694444442
9 0.78101340390625 0.059986760416666667 0.023061271874999956 0.054175684722222214
8 0.7105941628906249 0.3089020756944444 0.010707017968749954 0.02196311527777778
8 0.054049843359375 0.40694515694444444 0.03623914140625001 0.039533611111111144
