0 0.10235482382812501 0.55888983125 0.20276003203125 0.36566125416666667
0 0.010722886328125 0.44104639375 0.02144577265625 0.03985880972222228
0 0.8938987949218751 0.5779527409722223 0.20665926328124995 0.43844690694444444
0 0.33630870703125 0.5103660631944444 0.09163193749999998 0.10917847916666662
0 0.539068738671875 0.4887036659722222 0.05458923984374997 0.11091146805555552
0 0.5887839390625 0.49303614652777783 0.03509308281250012 0.039858809722222166
0 0.444512377734375 0.47483973263888885 0.027294619531249953 0.05198975138888884
0 0.389923138671875 0.49390264236111114 0.01949615703124996 0.03812581805555554
0 0.41867996992187495 0.4817716993055556 0.014622117968750015 0.02772786527777782
0 0.47613440836282084 0.48718124873774793 0.02144577265625003 0.03812581805555554
0 0.508849695703125 0.4817716993055555 0.015596925781249937 0.03465983472222223
0 0.564901146875 0.4817716993055556 0.00877327031249997 0.02772786527777782
0 0.4922779625 0.4791722125 0.005848848437499998 0.01906290833333335
9 0.46985738203125 0.4020540805555556 0.005848848437499998 0.020795900000000034
9 0.377738040625 0.38472416319444447 0.004874040624999965 0.02772786805555555
9 0.5527160484375 0.38992313819444446 0.0038992312499999127 0.017329918055555504
9 0.2144577265625 0.3968551055555556 0.007798464062499982 0.010397950000000045
8 0.348006401171875 0.37779219583333334 0.02924423515625002 0.013863933333333356
8 0.29146754609375003 0.41245203124999996 0.0058488468750000355 0.02772786805555555
8 0.5800106683593751 0.3968551055555556 0.023395388281249985 0.01732991666666661
8 0.8265352333677461 0.3781407753309105 0.017750181702007817 0.06308485899515431
2 0.23980273007812497 0.4939026423611111 0.011697694531249997 0.05198975138888884
2 0.22469320859374997 0.49476913819444446 0.008773270312499998 0.04332479305555553
2 0.27440840859375004 0.4930361465277778 0.008773270312500026 0.05025675972222221
8 0.43086506757812504 0.43324793194444444 0.015596924218749975 0.013863933333333356
9 0.54735460546875 0.3899231381944444 0.006823654687500014 0.02079590138888887
9 0.287080910546875 0.4488448569444444 0.014622117968750015 0.01732991666666661
0 0.6058430761718749 0.49130315416666664 0.012672502343749947 0.022528891666666717
7 0.263685522265625 0.49563563402777777 0.014622117968750015 0.041591801388888905
3 0.26514773398437497 0.5103660631944444 0.01754654140624995 0.029460859722222232
9 0.6155911546874999 0.44971135277777774 0.010722885937500037 0.012130941666666673
0 0.37518605661575133 0.4930804252414528 0.017242938815113074 0.04778435331769898
