9 0.35740215078125 0.28330543680555553 0.020182710937500015 0.06279065416666668
9 0.708076737109375 0.4200993604166667 0.015137032031250053 0.04933551250000001
9 0.8802604828124999 0.48625379861111107 0.013875614062500041 0.05157803611111106
9 0.015147028125000002 0.08630509930555555 0.028572168750000005 0.08303746249999999
9 0.474714152734375 0.5180228916666667 0.007568516406250003 0.017940186111111145
9 0.5485071859374999 0.5325992923611111 0.006307096874999973 0.020182709722222136
8 0.0836741453125 0.20930216666666668 0.08829935625000002 0.13006635277777778
8 0.011793254687500001 0.16634187777777776 0.0201426828125 0.04107011111111111
8 0.33532731054687503 0.3135795027777778 0.02901264609375004 0.03363784999999997
8 0.317667440234375 0.40141167777777775 0.02396696796875003 0.01794018611111109
8 0.223691696484375 0.34871237847222225 0.030274064843750004 0.024667756944444397
8 0.8726919660156249 0.5169016291666666 0.026489807031250145 0.02018271111111114
8 0.40785892578125 0.43729205069444443 0.015137032812500006 0.0717607458333333
2 0.040785886328125 0.5034464902777778 0.02775122578125 0.15921915833333333
2 0.420473119140625 0.5628733576388889 0.010091353906249989 0.03139532638888887
2 0.34163440820312496 0.5539032645833333 0.011352774218749973 0.053820559722222217
2 0.393983312890625 0.5595095722222222 0.007568516406250003 0.03363785000000008
2 0.38136911835937504 0.5583883104166667 0.007568516406250003 0.03588037361111107
0 0.45705428124999997 0.5953899472222222 0.08829935624999996 0.132308875
0 0.5182331210937501 0.5942686847222223 0.04919535624999993 0.07176074722222225
0 0.01976223359375 0.4881225569444444 0.0395244671875 0.10315607222222217
0 0.258380729296875 0.5501657222222223 0.16524593828125 0.20182710000000004
0 0.7370893832031249 0.6682719548611111 0.28508077890625005 0.35431868750000006
0 0.4835335867118788 0.8451311721042732 0.07881037329025198 0.011776548089925454
