0 0.49794399101562503 0.5102340208333334 0.017138660156249985 0.02578123333333343
0 0.510468395703125 0.5032027722222222 0.013183585156250066 0.02109373611111115
0 0.523651979296875 0.5090621444444445 0.01845701796874999 0.042187475000000085
0 0.784950623046875 0.5524214895833333 0.06591792265624996 0.09140618749999996
0 0.36144995390625 0.5154683979166667 0.03032224687499996 0.05499998194444444
0 0.34435522812499997 0.5160933875 0.026367168750000003 0.06562495555555548
0 0.16564232578125 0.53504428125 0.3312846515625 0.4078122180555555
0 0.667089385546875 0.5199215180555556 0.18457018515625 0.2648435666666667
0 0.8554512639769576 0.5665098568138216 0.12887236545391512 0.11976700640766103
0 0.54184533046875 0.5196455432743139 0.03955075468749991 0.05914565789581683
0 0.47078580742187504 0.5164058958333333 0.026103502343750085 0.03749997499999996
0 0.48515591718749995 0.5117183965277777 0.01054686718749992 0.03281247916666663
0 0.42398408320312503 0.5129684097222222 0.022675760156250058 0.034999963888888985
0 0.45922821328124996 0.5039059041666667 0.01054686718749992 0.023437486111111128
8 0.38188451132812495 0.41132784236111114 0.026367167968749994 0.01640623750000003
8 0.32036110859375 0.43085908472222223 0.013183584375000001 0.011718744444444484
9 0.3256345421875 0.45507782083333337 0.007910151562499967 0.021093727777777738
0 0.320141386328125 0.5089840388888889 0.048779266406249966 0.09609368333333329
9 0.42978486054687504 0.41132784375 0.005273433593749988 0.021093734722222257
9 0.5932613101562499 0.4218747090277778 0.005273434375000052 0.02343748194444445
9 0.58776816484375 0.4230465826388889 0.006591792187499945 0.030468729166666653
