0 0.273725591015625 0.5005104305555556 0.016484017968749987 0.021428580555555632
0 0.231600869140625 0.49438797638888893 0.018080364843750002 0.01530613055555563
0 0.21696438281249997 0.49438797777777777 0.012914545312499998 0.009183675000000058
0 0.2148119578125 0.5028063465277778 0.012053578124999964 0.016836743055555603
0 0.26819208359375 0.504336961111111 0.017219396875000015 0.022959194444444386
0 0.2944516625 0.502041042361111 0.021524245312500023 0.024489804166666684
0 0.200605956640625 0.50969410625 0.023246182031250007 0.0336734847222222
0 0.08547898545109049 0.5270500084191786 0.027510751134463857 0.05193192220231646
0 0.05978267053845084 0.5149967930456026 0.033185180762173985 0.046787922979222796
0 0.28842487421875 0.5326532993055556 0.033577821875000025 0.042857162500000046
0 0.17301617462563143 0.533423499817043 0.056938013786697106 0.09342009304616194
0 0.039076742365586434 0.5486795633095922 0.07815348473117287 0.09642410233222543
0 0.12802775302028277 0.5486795633095922 0.08432350514859821 0.1147056210636288
0 0.246667840625 0.5096941055555555 0.03788266874999996 0.03061226111111115
0 0.24116835105499876 0.5912341600342226 0.10162069636885612 0.14598874494071412
0 0.3376185989071874 0.557515621397976 0.07997235039459188 0.12323697787469456
4 0.444690889453125 0.4974492027777778 0.16875007578125 0.2846940055555556
8 0.320280755859375 0.47295939583333335 0.01463648515624999 0.024489805555555633
8 0.5691010207031251 0.42857162152777784 0.018080363281249956 0.07040819305555551
8 0.2647673722580013 0.4316328472222223 0.04825264139100252 0.03061225833333331
8 0.34481839609375 0.41938794166666665 0.02582909375000003 0.012244902777777789
8 0.072751944921875 0.43392876875 0.07059952109375 0.047449001388888856
8 0.05165818671875 0.3612246520833333 0.012914545312499998 0.027551031944444415
9 0.07146048984375 0.3704083284722222 0.011192607812499991 0.039795934722222204
9 0.091262797265625 0.37193894236111114 0.006026789843749991 0.0336734847222222
9 0.2621652953125 0.3841838465277778 0.0051658203125000135 0.02755103194444436
9 0.274218873046875 0.38494915277777775 0.005165819531250004 0.026020419444444387
9 0.26862256953124997 0.38615211558433693 0.007748728124999993 0.028426345057562752
9 0.0852360078125 0.3711736361111111 0.011192607812500005 0.03520409722222223
8 0.28602849713976775 0.3857058065246265 0.009843733342035421 0.01835005193814171
