0 0.34080471953125 0.3344212328535241 0.05394139531250003 0.05844355095961851
0 0.29075909140625 0.3311449826388889 0.050944649999999925 0.07352012083333337
0 0.232022905859375 0.340495006390481 0.07132251171874998 0.09435118500318429
0 0.1328721078125 0.34736444583333337 0.12954052968750002 0.10997753888888889
0 0.539232008984375 0.31927217013888887 0.014983721093750013 0.03516179861111107
0 0.530541451171875 0.3208704333333333 0.011986975781250075 0.03835832499999997
0 0.51645675390625 0.319804925 0.022175907812499895 0.038358325000000026
0 0.503570752734375 0.3214031868055556 0.01917916171875006 0.04368587083333336
0 0.49398117187499996 0.32513247083333335 0.026371348437499997 0.038358325000000026
0 0.47869777617187503 0.32353420625 0.023374602343749995 0.04368587083333331
0 0.454124474609375 0.329872364186603 0.03176548671874996 0.03740260773790516
0 0.5772090652980013 0.32193594375 0.048624841278997244 0.061799523611111074
0 0.6160342773437499 0.3075515715277778 0.023374604687499967 0.03089976250000004
0 0.644503347265625 0.3054205513888889 0.017980464843750044 0.022375691666666697
0 0.658887719140625 0.30328953541666664 0.016781766406250065 0.02237569027777775
0 0.672373067578125 0.30328953263888886 0.012586325781249963 0.01811365416666666
0 0.6871534328125 0.30207180972222225 0.017381117187500017 0.01917916111111112
0 0.709235691015625 0.3212509715277778 0.028768742968749983 0.04368586805555558
0 0.741001178125 0.3233819895833333 0.039557023437500005 0.05860299583333334
0 0.8057308527343751 0.33456983472222224 0.09229971953125005 0.11081293888888888
0 0.9233938441406251 0.35743143125 0.15063050390625 0.1586671458333333
8 0.8556208239039496 0.18646408055555555 0.048647997807898746 0.07671665
8 0.857368499609375 0.24027228541666668 0.024573300781250085 0.03303077916666666
0 0.042240265625 0.36529436666666665 0.08448053125 0.12705891111111112
