9 0.2137553421875 0.30749978055555555 0.015820301562499972 0.07968744722222221
9 0.538071525390625 0.2032029777777778 0.01582030234374998 0.10078118055555554
9 0.21807475389537573 0.4355306984757938 0.0165489749782515 0.02637449417380977
9 0.556528543359375 0.3438278805555556 0.0184570179687501 0.035156224999999985
9 0.766806719921875 0.015703107638888887 0.017138660156249985 0.030468729166666667
9 0.53477562890625 0.34851537916666664 0.011865224999999868 0.02578123333333332
9 0.11468671036713177 0.4350703028827979 0.016749379652605464 0.024813895781637674
8 0.534775629296875 0.30398415833333337 0.02768552734374996 0.0539062111111111
8 0.9235576240450345 0.4309149087821765 0.043238321527569124 0.08598201576898046
8 0.8768896515625 0.4317184458333333 0.05009762031249998 0.05156246388888891
8 0.767417144722958 0.42762613414830664 0.028906376945915913 0.05459057071960299
8 0.740439550390625 0.4153122083333333 0.02768552734374996 0.028124980555555568
0 0.29219767109375 0.4598434270833333 0.0250488109375 0.01874998750000001
0 0.28956095390625003 0.4797652868055556 0.03559567812500003 0.0445312180555556
0 0.279673266015625 0.48328091041666665 0.03691403671875004 0.05156246527777775
0 0.174204587890625 0.47507779166666664 0.026367169531250012 0.02109373611111115
0 0.153110852734375 0.4821090368055555 0.039550753906250014 0.03515622638888888
0 0.11158256093749999 0.5114058909722222 0.10678703593749998 0.07031245138888886
0 0.515659431640625 0.43992156666666665 0.013183585156250066 0.025781233333333264
0 0.526206298828125 0.44226531319444445 0.01845701796874999 0.030468726388888867
0 0.58025899765625 0.43874969027777777 0.015820303124999935 0.03281247777777774
0 0.61849139296875 0.42820282361111117 0.015820301562500028 0.02109373611111115
0 0.64419938203125 0.4235153270833333 0.027685528124999914 0.044531218055555544
0 0.681772598046875 0.4340621951388889 0.03955075390624996 0.0656249541666667
0 0.6000343734375 0.4446090625 0.03427732031249997 0.04921871666666666
0 0.4873187516834496 0.45434854480540504 0.025040757570600813 0.035885203499698926
0 0.413486649609375 0.4762496645833334 0.06459956484375001 0.0937499347222222
8 0.601943844921875 0.3708602291666667 0.01657173359374997 0.006931966666666678
0 0.208121475 0.5398269222222222 0.135498290625 0.15077028055555552
9 0.18761630093785137 0.010339121664724041 0.02163461538461542 0.020678243329448082
