8 0.6086436796875 0.4087445118055555 0.03159189531250006 0.027041620833333335
0 0.519133313671875 0.5117106875 0.018721122656249922 0.024961497222222295
0 0.53083401484375 0.5189911222222222 0.014040842187499902 0.027041619444444498
0 0.5378544347656249 0.5221113104166666 0.014040841406249949 0.033281995833333355
0 0.547214996875 0.5273116208333333 0.021061264062499974 0.031201869444444363
0 0.6602733722123488 0.5185455866689107 0.10640732147085608 0.16943195715038928
0 0.760752801953125 0.593875613888889 0.14157848984375 0.12688761111111113
0 0.91227688828125 0.6032361743055555 0.17317038437499999 0.2412944680555555
0 0.599868153515625 0.5616336805555555 0.10062603359375 0.1372882333333333
1 0.4553644875 0.5158709340277778 0.10413624375000002 0.2163329736111111
9 0.8034603640625 0.42122525833333335 0.011700701562500027 0.027041622222222228
0 0.5880225800670746 0.4743691491086591 0.03932311000742417 0.03495387556215496
