9 0.5468672015625 0.41245203055555557 0.00584884687499998 0.013863933333333356
9 0.60486826875 0.41071903888888894 0.006823656249999921 0.0138639333333333
0 0.5527160484375 0.4592428069444444 0.009748078125000115 0.0138639333333333
0 0.5463797976562501 0.4696407576388889 0.00877327031249997 0.03119385138888886
0 0.5356569113281251 0.46270879097222223 0.012672502343750058 0.03119385138888886
0 0.5281031604070847 0.47384144547400164 0.019010772376669594 0.046527193725781124
0 0.5159732957717327 0.4794245720248702 0.018146432168465565 0.05769344682751815
0 0.5023868177523856 0.4835208553478644 0.029965790192271302 0.0693519968068399
0 0.487891326953125 0.48350469166666665 0.02047096484374994 0.06931966944444445
0 0.47229440117187504 0.4947691375 0.03411827421874997 0.09531454444444443
0 0.43281468359375 0.49996811319444445 0.08968232187500003 0.11957642916666672
0 0.370426981640625 0.5172980305555556 0.12477540390624997 0.14730429722222227
0 0.27830763984375 0.5649553027777778 0.17838983593750002 0.18023113888888892
0 0.13501088671875 0.6516048881944444 0.2700217734375 0.35353030972222216
0 0.58732172734375 0.46184229513888886 0.006823654687500014 0.019062909722222188
0 0.599019421484375 0.4644417826388889 0.014622117968750015 0.03465983472222223
0 0.61559115546875 0.4731067409722223 0.02437019843749999 0.04505778472222227
0 0.630700676171875 0.48437118749999997 0.02534500390624994 0.05718872777777778
0 0.63898654375 0.49390264166666664 0.02437019843749999 0.0693196694444444
0 0.666281162890625 0.4913031541666667 0.06726174140624996 0.1022465111111111
0 0.7018616488281251 0.5103660631944444 0.10527924765624996 0.12304241250000003
0 0.7720478140625 0.56408880625 0.1462211765625 0.18889609583333328
0 0.88999956328125 0.659403351388889 0.2164073421874999 0.4107190388888889
