0 0.34152854813788847 0.6276072859609543 0.05551846502577701 0.06927788858857509
0 0.39221164453125 0.6445308055555555 0.06723628281250005 0.07968744444444442
0 0.234667806640625 0.6269526937500001 0.08964837421875 0.09140618749999996
9 0.11399477739945214 0.4880230067501259 0.009216353907990055 0.022938480837664144
9 0.1280290620990046 0.4912999325840779 0.010250285176990795 0.0229384808376642
8 0.148974506640625 0.43124970347222225 0.029003885156249964 0.018749987499999954
9 0.4858150953125 0.5765621048611111 0.009228507812499953 0.018749990277777684
9 0.5438228683593749 0.595312092361111 0.011865225781250044 0.01874998750000001
9 0.6347378878496335 0.1923016868874965 0.017242089925733062 0.027896342891673725
9 0.60117146171875 0.16054676527777778 0.026367168750000003 0.10078118333333336
9 0.759374478125 0.3820309868055556 0.018457018750000054 0.037499976388888856
8 0.7006110555841245 0.2551998025920462 0.14653073101925107 0.06039991351742574
8 0.744872533984375 0.3503903847222222 0.03427731953125002 0.07265620000000006
8 0.7976068734375 0.49730762994632327 0.044824187499999946 0.030584641116885525
8 0.717846186328125 0.5847652229166667 0.017138660156249985 0.025781231944444483
9 0.8107904582031249 0.5835933486111111 0.021093735156250015 0.0421874694444444
9 0.8371576277343751 0.5906245944444445 0.029003886718749983 0.04687496944444436
0 0.5827144429687501 0.6855464027777778 0.015820301562499917 0.06796870277777778
0 0.6065213698032805 0.6848916004027177 0.05025057085656093 0.10209078808345362
0 0.6733730840985894 0.7255932610973683 0.11663173180282116 0.17912487502748553
0 0.488451812109375 0.7296088791666666 0.19643541171875 0.3117185361111111
8 0.75410104375 0.6550776756944445 0.015820301562500028 0.030468729166666653
0 0.6230447249174369 0.7037539574853008 0.04178080438288834 0.10267700946383007
