2 0.030219043359375 0.54589239375 0.025345003906250003 0.11437745416666661
2 0.095043765234375 0.5285624770833334 0.02631981171874999 0.13517335694444443
2 0.446949397265625 0.5094995673611111 0.00877327109374998 0.041591801388888905
2 0.005848846875 0.5337614513888889 0.009748078124999998 0.09011556944444438
2 0.13793531015625 0.5138320465277777 0.012672501562499994 0.03985880972222222
2 0.16669214179687503 0.5458923944444445 0.013647310156250009 0.09011557222222233
2 0.23346647929687503 0.5216305097222222 0.01852134921875001 0.06585368611111103
2 0.4342768953125 0.5086330715277778 0.006823654687500014 0.057188726388888944
2 0.424041412890625 0.5094995673611111 0.009748078906250068 0.04852376805555553
2 0.39918381328124997 0.5146985423611111 0.0068236562499999764 0.051989751388888894
2 0.38602390703125 0.5268294840277779 0.013647309375000027 0.031193848611111075
2 0.49081575078125006 0.5017011048611111 0.00487404062500002 0.036392826388888855
3 0.283669083203125 0.5372274354166666 0.02144577265625003 0.05198975138888884
3 0.321199184765625 0.5285624770833334 0.014622116406249996 0.03812581805555548
3 0.30950149101562496 0.5285624770833334 0.016571733593750027 0.03812581805555548
0 0.5434553738281249 0.5069000798611111 0.02242058046874995 0.032926843055555544
0 0.513236330859375 0.5129655506944444 0.028269427343750098 0.038125818055555594
0 0.688701743359375 0.4956356340277778 0.014622117968750015 0.027727868055555605
0 0.65604568046875 0.4982351215277778 0.009748078125000115 0.019062909722222188
0 0.6740796253906249 0.49736862569444446 0.01852134921875004 0.038125818055555594
0 0.712584535546875 0.5060335840277778 0.025345003906250052 0.03465983472222217
4 0.72087040234375 0.48350469166666665 0.051664817187500045 0.06931966944444445
0 0.599994229296875 0.5536908569444444 0.11210290234374998 0.16116823055555546
0 0.8634726034005005 0.6695059625212947 0.26751164632399915 0.4361158432708689
8 0.149145600390625 0.19322857777777777 0.02924423515625002 0.0641206944444444
8 0.14768338828125 0.25474978402777776 0.03996712031250002 0.05198975138888892
8 0.14573377265625 0.30500654375 0.03996712031249999 0.03812581805555554
8 0.1345234828125 0.3474648409722222 0.03704269843750002 0.019062909722222188
8 0.40893189140624997 0.26861371805555556 0.034118274999999976 0.07278565277777782
9 0.39820900507812496 0.10138001527777778 0.016571733593750027 0.06758667500000001
9 0.39723419726562503 0.1776316513888889 0.020470964843749995 0.07105265833333335
9 0.41867996992187506 0.3465983451388889 0.02047096484375005 0.04852376805555553
9 0.384561694921875 0.34313236180555556 0.022420580468750007 0.04852376805555558
9 0.164255122265625 0.4211169895833333 0.020470964843749995 0.03119385138888886
2 0.075060204296875 0.5268294847222222 0.017546541406250005 0.06238770277777772
2 0.2012978203125 0.5242299972222222 0.012672501562500021 0.057188727777777726
2 0.18277647109375 0.5250964930555555 0.014622117187500006 0.058921719444444354
