0 0.077497223046875 0.4549103291666667 0.15499444609375 0.2443518361111111
0 0.17449060429687502 0.41071903888888894 0.029244235156249992 0.027727866666666656
0 0.197885992578125 0.41158553611111115 0.021445772656249973 0.015596927777777714
0 0.9801692890625 0.41245203055555557 0.03801750625 0.08318360277777781
0 0.91095793203125 0.40414985607017795 0.11990136562499998 0.08939000174853295
0 0.760350120703125 0.4037870722222222 0.09943040234375 0.07278565277777777
2 0.72525703828125 0.3656612541666666 0.011697695312499867 0.027727866666666656
0 0.687239531640625 0.3916561298611111 0.07018616484374995 0.058921718055555516
0 0.64239836953125 0.38992313819444446 0.044841159374999995 0.045057784722222216
0 0.554178259765625 0.39512211319444446 0.03021904140624998 0.031193851388888916
0 0.5288332566406251 0.3873236493055555 0.01657173359374997 0.02252889027777777
0 0.5054378691406249 0.3899231381944444 0.018521350781249946 0.02079590138888887
0 0.47521882421874995 0.3907896340277778 0.014622115624999987 0.015596926388888877
0 0.46205891953125 0.3890566423611111 0.009748079687499966 0.019062909722222243
0 0.29634158515625 0.40118758402777777 0.03119385156250004 0.032926843055555544
9 0.329485051953125 0.3587292875 0.007798463281250001 0.0138639333333333
9 0.368477365625 0.35006432847222224 0.00584884687499998 0.013863934722222193
8 0.4264660828125 0.3513602347222222 0.00779645468750001 0.015246402777777779
