9 0.4128898812499999 0.22571073819444443 0.005998218750000006 0.03199049861111111
9 0.466274030078125 0.19585294236111112 0.004798575781249981 0.03199049861111111
9 0.40629184140624997 0.2278434388888889 0.004798574999999972 0.03199049999999998
9 0.45967598828125 0.19478659166666668 0.005998218749999951 0.03412319999999999
9 0.5316546156249999 0.3163504888888889 0.013196081249999936 0.01706160000000001
8 0.37270181640625 0.31954953888888893 0.011996437500000012 0.023459700000000028
8 0.24613939960937498 0.2843599888888889 0.06598040546875003 0.0469194
2 0.3421109 0.36326989097222223 0.020393943750000032 0.05971560138888887
0 0.4278854289062499 0.3398101902777778 0.009597149999999999 0.02132700000000004
0 0.44108151054687506 0.34834099166666666 0.01439572578124998 0.025592400000000015
0 0.456676879296875 0.3440755902777778 0.011996436718749948 0.021326999999999985
0 0.46687385078125 0.3526063888888889 0.015595368750000005 0.021326999999999985
0 0.47707082187500005 0.35260639027777774 0.019194300000000053 0.02985779999999999
0 0.49266619218749996 0.3728670402777778 0.026392162500000038 0.03625590000000001
0 0.5418515875000001 0.39099498958333334 0.03359002499999997 0.07251179861111107
0 0.580840006640625 0.38973406238667074 0.08517470703124996 0.12117474421778596
0 0.62282753828125 0.4143052298158458 0.0803761328125 0.13252632092386396
0 0.7180473722495467 0.4368480402777778 0.18025025393840655 0.19407569999999996
0 0.86329836171875 0.5146113211560294 0.27340327656249996 0.38573931996279387
0 0.397294512890625 0.39392657845263224 0.07557755546875 0.10930262365029114
0 0.2970329318304189 0.39845944166666664 0.07659454491083789 0.09170610000000001
0 0.22514563437500001 0.4181764911653309 0.11996437500000001 0.1402688436228342
0 0.10657459843749999 0.4525131351771705 0.21314919687499997 0.2293980046748434
