0 0.36849670078124996 0.6092763194444444 0.03197368437499998 0.05684210555555558
0 0.32852959531250003 0.6048355298611111 0.02398026406249998 0.02664473750000007
0 0.29405796640625004 0.608388161111111 0.028976151562499997 0.03375000000000006
0 0.26458222695312494 0.6146052666666666 0.02398026328124997 0.035526316666666724
0 0.23610566367187502 0.6163815819444445 0.024979441406249997 0.03907894722222227
0 0.20463156796874998 0.6137171083333333 0.031973684375000005 0.04796052500000003
0 0.09232400742187499 0.6392725065079027 0.18464801484374999 0.17803393976197235
4 0.877078117578125 0.6922537102758849 0.24379934296874994 0.24411268166288091
0 0.446432555078125 0.6030592138888888 0.019983552343750044 0.03375000000000006
0 0.464417753515625 0.6003947395833333 0.013988486718750082 0.02842105138888884
0 0.478905829296875 0.60927631875 0.016986019531249952 0.03552631527777783
0 0.492894315234375 0.6110526347222223 0.02298108515624997 0.03907894722222227
0 0.51137910234375 0.6101644770833334 0.033972039062500126 0.044407895833333266
0 0.533361010546875 0.6225986868055555 0.03597039453124995 0.05506578750000002
0 0.557840862109375 0.6297039500000001 0.036969572656250005 0.05861841944444446
0 0.5918129019531251 0.6297039506944444 0.058951480468749984 0.08703947361111108
0 0.64776685 0.6368779167553946 0.10491365156249999 0.11532312482254403
0 0.726701883203125 0.6652302666666666 0.12090049453124996 0.12611842222222225
