2 0.367074801953125 0.47319595416666665 0.012757733593749987 0.053608255555555595
2 0.34561861367187496 0.4845361631944445 0.016237116406249974 0.08865980694444447
2 0.331701086328125 0.4814433798611111 0.01623711640625003 0.07835053194444441
2 0.159046790625 0.5031127375 0.03510384375 0.14643151944444444
2 0.014497424218749999 0.5350516354166667 0.028994848437499998 0.1855670430555556
2 0.029389291796875 0.5626671979166666 0.047180642968750006 0.2201796069444445
2 0.40998718046875 0.5041237951388888 0.017396910937499954 0.10309280138888888
2 0.394329962109375 0.5051547222222222 0.020876292968749932 0.10927836944444441
7 0.247616019921875 0.5319588520833334 0.049871141406249986 0.1793814763888889
3 0.246456226171875 0.5917526736111112 0.03131443828124997 0.09278351944444452
9 0.12061857578124999 0.2597938548611111 0.020876290625000002 0.08865980694444445
8 0.139755177734375 0.188659825 0.02667526171875001 0.04948454444444442
8 0.131056723828125 0.3391753138888889 0.04639176015625 0.03711340833333332
0 0.45057996953125 0.5030928666666666 0.061469082812499964 0.08453609722222222
0 0.7150130046875001 0.4989691555555556 0.06030928593749996 0.07216496388888893
1 0.7440078542968749 0.4608248194444445 0.08118557890625 0.09896908888888889
0 0.71617279921875 0.49793822638888885 0.060309287499999975 0.06597939166666661
0 0.78692023125 0.5082475048611111 0.048711346875000006 0.0659793930555555
0 0.8913016933593749 0.5835052506944445 0.21340209921874997 0.34845366527777777
9 0.581636694140625 0.3814433604166667 0.00579896953124992 0.018556704166666715
9 0.6448454671874999 0.3948454270833333 0.006958764062500067 0.02061856250000005
0 0.58279648828125 0.6092784506944444 0.27255159218749997 0.4123712013888888
2 0.31396729453125 0.4774332388888889 0.013875612500000023 0.05606308333333332
3 0.3158594234375 0.5189199222222223 0.025228387500000005 0.058305608333333425
3 0.36089209140625 0.5081558006944444 0.01892129218750005 0.04933551250000001
8 0.13106147304687502 0.04395345347222222 0.14254038828125 0.07176074583333333
8 0.854737777734375 0.35880373402777777 0.01765987109375 0.026910276388888876
8 0.727628756640625 0.3517024152777778 0.03658116171874992 0.051578036111111114
