9 0.411685425 0.31776717986111114 0.013778984375000025 0.050352831944444454
9 0.46182561484374995 0.32116939583333337 0.00995148906249993 0.04354839166666663
9 0.46580619609374996 0.32865427847222217 0.008420492187500017 0.025856859722222236
9 0.46144286484374997 0.40282263402777774 0.009185989062499955 0.05171371527777774
9 0.57351192890625 0.4293599361111111 0.015309982812499956 0.02585686111111113
9 0.5918839062500001 0.3701613354166667 0.010716987500000053 0.06804435972222223
9 0.546068780078125 0.36880045208333334 0.007884630468749876 0.038104843055555615
9 0.54082510703125 0.37186244583333333 0.006123992187500038 0.025856858333333288
9 0.37126705859375 0.42765882777777775 0.005358493750000026 0.012247988888888839
9 0.29854464453125 0.4147303958333333 0.005358493749999971 0.016330647222222217
9 0.303903137890625 0.41541083749999996 0.005358492968750017 0.01496975833333336
9 0.2606524390625 0.4058846284722223 0.012247985937500039 0.02585685694444445
9 0.257973192578125 0.45079390694444443 0.005358492968750017 0.012247980555555593
0 0.258202858984375 0.47494965972222225 0.006889491406249948 0.01360887222222218
0 0.344168394921875 0.48039320555555554 0.015003761718750008 0.021774194444444395
0 0.29532956328125 0.47290832777777775 0.010716987500000053 0.014969761111111146
0 0.2750438375 0.47222788125000004 0.006889492187500013 0.010887093055555519
0 0.24825136953125 0.47018655277777777 0.009951489062499957 0.05307460277777776
0 0.35894251835937496 0.4824345368055556 0.016075478906249996 0.01769153194444434
0 0.574430536328125 0.5042087326388889 0.07042591640625007 0.0476310513888889
0 0.7681018046875001 0.5014869583333333 0.056646932812499995 0.08029234722222228
0 0.7015033855468751 0.521219825 0.13319684140625 0.08981855833333324
4 0.8851465902343749 0.5176693486111111 0.22582223359374998 0.22429856944444443
0 0.28132091484375 0.46950610625 0.01301348437500005 0.01905242083333336
0 0.265628184375 0.47835187708333327 0.016840981250000053 0.025856859722222236
0 0.26945568007812504 0.4633821180555556 0.012247983593749956 0.009526211111111127
0 0.4382482296875 0.4926411916666667 0.10028038124999994 0.09798388055555562
4 0.3777738015625 0.483795425 0.02219947499999997 0.03674395555555565
8 0.25001200859375 0.3381804854166667 0.010716989062499988 0.014969759722222253
8 0.352002006640625 0.30869459930555554 0.06353642578125002 0.03402218194444445
8 0.763968091796875 0.41461699583333333 0.030619961718750033 0.0190524222222222
8 0.5852240546875 0.42323594166666667 0.011482487500000027 0.029939519444444396
8 0.6694289558593749 0.4654234451388889 0.01148248828124998 0.01088709861111109
9 0.7264586359375 0.40350307569444444 0.009185985937499974 0.034022181944444396
8 0.33643684921875006 0.4184728375 0.006889489062500032 0.014969758333333305
0 0.3054341375 0.47290832569444446 0.013778984375000025 0.01769153472222229
2 0.324380239453125 0.5147556097222222 0.028323466406250053 0.13881050277777773
9 0.33088698203125 0.4575983472222222 0.00918598906250001 0.013608874999999965
8 0.458227759765625 0.44024703263888887 0.009185988281249946 0.017691534722222235
9 0.395456834765625 0.43548392708333333 0.004592992968750043 0.013608873611111183
