0 0.60023954921875 0.3163161694444444 0.11360731562499993 0.16370083333333335
0 0.54941522421875 0.28017442708333334 0.028700795312500027 0.03614174305555551
0 0.5153330289062499 0.2791114361111111 0.015546264062500037 0.021259847222222183
0 0.447766573046875 0.26529253541666664 0.00956693203125003 0.010629926388888877
0 0.46736738100511077 0.2971505880512966 0.044509037989778566 0.07009405388037104
0 0.38645305597982327 0.30627588811518075 0.06283370991535348 0.08591500400813934
9 0.372426984765625 0.08898762847222222 0.0071751992187499836 0.04677166805555556
9 0.47228183632812504 0.14851520486111108 0.005979333593749969 0.025511818055555552
9 0.548219357421875 0.14152980972222223 0.00956693203124992 0.03401575833333334
9 0.560775955859375 0.1404668201388889 0.008371064843750053 0.036141743055555564
9 0.31741712734375005 0.14471878680555555 0.009566931250000021 0.031889773611111116
9 0.331767526171875 0.14259280138888888 0.009566932031249975 0.03614174166666667
9 0.286922532421875 0.21381329583333336 0.008371064843749942 0.03826772777777779
8 0.727001394921875 0.11601799375000002 0.04903052578125 0.09354333194444447
9 0.5266937609375 0.22611367152777778 0.016742131250000014 0.02946007916666671
9 0.41189057890624997 0.2291507923611111 0.009566932812499984 0.01488189305555554
9 0.454941771875 0.23659173958333335 0.009566932812499984 0.012755909722222208
2 0.9662697961190375 0.3274016631944444 0.06488627026192506 0.2551181791666667
