9 0.34163611367187496 0.3297653916666667 0.007910150781250014 0.03984372222222221
9 0.45633330078125 0.33328101388888887 0.007910151562499967 0.03281247777777779
8 0.5255471199218751 0.39304659722222224 0.017138658593749967 0.011718741666666588
0 0.270444756640625 0.44343718819444444 0.021093735156250015 0.02343748472222218
0 0.213755342578125 0.4469528104166667 0.042187469531249994 0.030468729166666653
0 0.18475145625 0.4457809381944444 0.023730451562499977 0.018749987499999954
0 0.12608450390625 0.4481246861111111 0.027685528124999984 0.023437483333333287
0 0.14651905937499998 0.4481246847222222 0.0342773203125 0.01874998611111106
0 0.0397320234375 0.44109343958333336 0.068554640625 0.0328124763888889
1 0.027776162890625 0.4211715784722222 0.05555232578125 0.06796870416666662
0 0.4418313578125 0.4563278055555555 0.013183584375000001 0.02109373611111115
0 0.421396801953125 0.45515592986111114 0.02768552734374996 0.04687496805555558
0 0.79251471015625 0.4446090631944445 0.06064448906249997 0.03515622361111109
0 0.38777866015624995 0.4680465458333333 0.04746090468750003 0.06796870277777767
0 0.4662209890625 0.46335905208333333 0.04350582968749994 0.07265620138888884
0 0.306699615234375 0.4680465451388889 0.06459956484374996 0.07734369583333328
9 0.6692481937500001 0.36140599444444443 0.011865226562499998 0.03749997500000002
9 0.63233415625 0.39656222013888887 0.009228509374999971 0.0328124763888889
0 0.6593605046875 0.4399215666666667 0.015820301562500028 0.025781230555555534
