0 0.082434839453125 0.6129145388888888 0.15837235234375 0.3046524583333333
0 0.7175485796875001 0.6605616041666666 0.15349935781250001 0.16604280555555562
0 0.630646826171875 0.6006418097222221 0.11451539296875002 0.10395723611111107
0 0.580292541015625 0.586203301388889 0.04304479296875008 0.08663102777777787
2 0.64161106796875 0.6244653437500001 0.032486639062500045 0.14005349861111116
2 0.8093233265625 0.5833156027777778 0.00893382499999984 0.0231016083333333
2 0.709020837109375 0.5695990236111111 0.012994653906249987 0.012994655555555568
0 0.31512037109374996 0.6352942201388889 0.44019392031249993 0.7132621458333334
0 0.8531802847656249 0.7609092145833334 0.28669456328125 0.3465241208333333
9 0.4629345671875 0.3811765340277778 0.009745990625000034 0.03465241527777774
9 0.23024903515625 0.38911771111111115 0.007309493750000007 0.030320858333333367
9 0.8097655501148986 0.3869738654420919 0.01278408972685019 0.04090908712592045
9 0.76209791297682 0.41151280924587136 0.014369372672773273 0.04637664901958882
8 0.9185596410156249 0.42593589583333336 0.027613639843749982 0.014438502777777862
8 0.923026554296875 0.4439840298611111 0.030050139843750046 0.010106951388888896
8 0.8877880925405855 0.4771901735521087 0.029056460231329018 0.03320372765977303
8 0.90759540234375 0.46636371249999997 0.010558157812500024 0.014438505555555592
8 0.9186654350368806 0.534124217594764 0.055015693988738956 0.09509319907841679
8 0.05925305703125 0.09425047638888889 0.04210085624999999 0.02217658055555556
9 0.8596235000496142 0.48745501027453547 0.011931817078393525 0.0369164762154649
