0 0.23601808046875 0.5480118701388889 0.049871142187499995 0.04329897638888891
0 0.12003867851562501 0.5459500138888889 0.08930413671875001 0.07216496111111115
0 0.38621140429687495 0.5418263034722222 0.03711340859374995 0.03505155416666661
0 0.427963987109375 0.54801186875 0.018556702343750064 0.026804129166666635
0 0.462177912109375 0.5449190861111111 0.012757735156250005 0.02474227222222225
0 0.484213997265625 0.5397644451388889 0.019716497656250054 0.02268041805555554
0 0.60599236796875 0.5665685729166667 0.07306702187500003 0.07628867361111114
9 0.031894334375 0.37997060555555556 0.0545103171875 0.07422681666666675
9 0.05335052421875 0.11678940694444442 0.027835056249999997 0.13814435277777776
2 0.7034122792968751 0.5884462631944445 0.03271685078124997 0.11020413194444456
0 0.53896705234375 0.5570686986111111 0.024107153125000003 0.035204097222222175
0 0.2778871044351389 0.548064211679819 0.024122510707276 0.037350984320943414
0 0.31796159802948454 0.5425307325211607 0.02956952925408024 0.04841794263826005
