9 0.25839647810373517 0.37875974355592035 0.0056137015199703155 0.018572112111840733
9 0.293558378125 0.39345394930555555 0.005995067187499981 0.01953947361111108
9 0.35450821328125 0.35348684444444445 0.005995065624999962 0.017763158333333307
9 0.4039920566896399 0.367026652132866 0.004729308182769287 0.01228811698770832
9 0.40271878140966344 0.39321974360666534 0.0043655152456332225 0.007760915992236828
9 0.11520516953124998 0.11546052569444445 0.01898437500000001 0.06394736527777779
9 0.31154357539062494 0.05861842083333334 0.01798519609374999 0.08526315833333334
9 0.679740534375 0.3215131597222222 0.022981085937499923 0.03907894722222227
9 0.29205961132812497 0.07282894861111111 0.01498766484374997 0.06750000277777779
8 0.008892675 0.19184210694444442 0.01778535 0.05684210555555555
8 0.64776685 0.21671052777777777 0.01698602031249985 0.02842105277777776
8 0.6562598601562499 0.23980263333333335 0.043963817187499976 0.02842105277777776
8 0.5215760878751605 0.36923142069545617 0.015485271315732074 0.038922243831475245
8 0.454925566015625 0.35615131944444445 0.010990953906249934 0.012434213888888879
8 0.29361824561624433 0.36074180553817004 0.010111511544988683 0.014509922187451174
8 0.146179676171875 0.3597039486111111 0.020982730468749988 0.047960524999999976
4 0.4151041930236773 0.4250680907257814 0.01233605635985452 0.024260353673785096
4 0.3820215884762791 0.4220802449205493 0.013018536770152911 0.026355587288130755
0 0.4289208067971035 0.4306429078339813 0.015989021406706994 0.024752093445740475
0 0.3615720178138655 0.42846571874838374 0.017538384381370065 0.02910647161693558
8 0.010128031249999999 0.2557339638888889 0.020256062499999998 0.026644736111111123
