0 0.3893975940278066 0.26542930627094363 0.012947513855823267 0.028077448652998493
0 0.3761718260432565 0.27083012977661336 0.01779379142417642 0.030479015108782204
0 0.36154096671492725 0.2731826885878904 0.019373772754877838 0.040177403086726016
0 0.3500968930678947 0.27983232077692455 0.023357318948289407 0.04848339710940469
0 0.324185691015625 0.2784443145833333 0.035810914843749986 0.06203144305555558
0 0.2854159338732577 0.29225532302749513 0.061572053459412246 0.0800511228768806
0 0.20894800351562498 0.30374661180555557 0.10284160390624997 0.13222491527777783
0 0.4533525931571045 0.2658614203875688 0.014669066001709141 0.02241205188624873
0 0.47081023242187503 0.27342806736111114 0.025710400781249976 0.05386940972222223
0 0.493765946484375 0.27669287986111113 0.040402057031249994 0.0636638486111111
0 0.6292046636718751 0.26281742569444444 0.032137999218749935 0.026118501388888854
0 0.661020164705312 0.28186530939423177 0.06587248179861405 0.05441982989957461
0 0.516262547265625 0.29546555555555554 0.05050257265624991 0.06529625555555557
0 0.42692660339405597 0.26152835683747544 0.009456913575798809 0.016674673385937533
0 0.4127457809874766 0.2587364097222222 0.011936970312500073 0.014691655555555572
0 0.6011986910156251 0.32403266597222224 0.11569680078125 0.13548972916666663
0 0.839311928515625 0.40038988811509535 0.31678886171875 0.39529002900796856
0 0.044125971874999996 0.37366800763888885 0.08539525937499999 0.2383313291666666
8 0.7888093554687501 0.12010089444444444 0.046829657812499925 0.08814994166666668
8 0.7901866976562499 0.032299537499999996 0.055093714062499966 0.06459907499999999
0 0.4318238512632112 0.2650645249969449 0.013840868662978512 0.024005842667496613
0 0.7093163939989 0.2718661682093993 0.038821948688842145 0.0420102246681191
