1 0.37327476718749997 0.3475985215277778 0.08131891875000002 0.18070871250000003
0 0.733828509375 0.45283477083333334 0.357564075 0.39543318055555554
0 0.051586687109375 0.4050001118055555 0.06936025703125001 0.053149620833333355
0 0.007339626171875 0.41137806666666665 0.01435039609375 0.031889772222222224
0 0.9448989417968751 0.37629931666666666 0.10762798203125001 0.08929136388888892
0 0.42888255937499997 0.38692924166666665 0.02989666249999995 0.051023636111111104
0 0.5203663445312501 0.375236325 0.016742131250000014 0.019133863888888825
0 0.586736933203125 0.3635434076388889 0.02272146328125002 0.02551181805555558
0 0.5544485382812501 0.37629931666666666 0.015546264062500037 0.012755908333333288
0 0.1550291359375 0.39968515069444444 0.032288393750000005 0.03826772916666671
8 0.456985420703125 0.31570875 0.04783465859374997 0.040393713888888905
8 0.32065664296875 0.23279534027777776 0.031092528124999963 0.019133863888888852
8 0.5472733394531251 0.3412205659722222 0.02989666171875005 0.036141740277777834
0 0.24221667673550087 0.3889554042179262 0.02056239015817224 0.028119507908611563
