0 0.89646634765625 0.6692600347222222 0.20449316249999994 0.3188977277777777
0 0.5056965231863855 0.5487110807869515 0.01643213856027087 0.028051786573902948
0 0.47503442840768273 0.5520373569481041 0.012940552915435555 0.022599526384972646
0 0.45060141652291086 0.5487236556646566 0.013869909608321851 0.02322546828499339
4 0.4740332118764911 0.5257111040255604 0.019669136252982278 0.041643852495565015
0 0.49474874108634465 0.5611081988762139 0.03360155248518926 0.04646806719687224
0 0.4553400322823326 0.5543236286094124 0.017895964589945357 0.027629320129354817
8 0.5422840109375 0.5112993534722222 0.03061104375000001 0.0574015902777778
8 0.47854589804687503 0.46133870902777774 0.09447345078125002 0.03401575694444442
8 0.24140560976562497 0.5241360479166667 0.009951488281250004 0.01905242083333336
8 0.41329295429687496 0.5341482541666667 0.008420489843750045 0.006804436111111145
