8 0.665580647265625 0.4130399756944444 0.016258666406250066 0.05270783750000002
9 0.30741177343750004 0.47570643333333335 0.005738353124999984 0.02210328611111112
4 0.458999934375 0.46829819166666664 0.09468282499999997 0.15982376111111107
0 0.3108501870809547 0.5041280479504906 0.006876827286909304 0.010936401456536737
0 0.3163162691161797 0.50911561617108 0.0067588946392346805 0.01057391516893591
0 0.32271404882812504 0.5105616173611112 0.007651136718750007 0.01360202361111118
0 0.345667460546875 0.5097114916666667 0.007651136718750007 0.01870278055555563
0 0.35284040234375 0.5063109861111111 0.00860752968750006 0.02210328611111123
0 0.35905695195312504 0.5105616166666667 0.007651136718750007 0.0170025250000001
0 0.364795304296875 0.5080112381944445 0.007651136718749951 0.022103281944444497
0 0.370055462109375 0.5080112375000001 0.008607530468750013 0.01870278055555563
0 0.39826903125 0.5071611118055556 0.021040628125000016 0.03400505416666677
0 0.378605264846975 0.5089286217106935 0.01828690468104993 0.027338557310276013
0 0.33466895078125003 0.5088613666666667 0.014345882812499988 0.02380353888888892
0 0.15725820000000001 0.5014531208333334 0.015302275000000004 0.015302275000000087
0 0.1314356109375 0.4997528694444444 0.021040628125000016 0.015302277777777762
0 0.1008310609375 0.49210173194444445 0.032517334375 0.030604552777777738
0 0.5991113898437501 0.4716986965277778 0.0344301171875 0.051007581944444436
0 0.5277643558859458 0.4821552285620525 0.029003522039693586 0.05151761267966054
0 0.5158922628955989 0.4883103515363109 0.028956398890281565 0.043052426792574816
8 0.56420307578125 0.37818479375 0.01625866718749991 0.03400505416666666
