9 0.50379420546875 0.10124992222222223 0.021093735937500024 0.11249991944444444
9 0.655405428515625 0.03539059722222222 0.023730450781250134 0.07078119444444445
9 0.959946235546875 0.2336717076388889 0.03691403671874993 0.08203119305555553
8 0.943466755078125 0.15398426180555555 0.043505830468750006 0.06328120694444443
8 0.9731298195312501 0.10007804861111111 0.052734337499999895 0.04453121944444445
8 0.632993334765625 0.4059372138888889 0.013183583593749937 0.023437483333333287
8 0.5683937710937501 0.4305465715277778 0.015820303125000046 0.016406240277777817
8 0.5571877230468749 0.4340621944444444 0.009228510156250036 0.01874998611111106
2 0.6745216265625 0.45749967708333333 0.014501943750000024 0.07031245138888886
2 0.625742363671875 0.4797652868055556 0.011865225781249933 0.0445312180555556
0 0.38711948085937503 0.5090621444444444 0.06196284765625004 0.08906244166666671
0 0.561142798828125 0.48679653333333334 0.011865225781249933 0.016406238888888813
0 0.615195495703125 0.4762496638888889 0.01450194296875007 0.03281247500000001
0 0.54532249765625 0.49031215625 0.014501943750000024 0.018749987499999954
0 0.586191609375 0.48679653194444444 0.04086911250000003 0.05390621111111116
0 0.46292509335937504 0.4996871479166667 0.021093736718750034 0.032812476388888845
4 0.478086216015625 0.49031215625 0.022412094531249926 0.04218747083333341
0 0.49654323398437494 0.4996871493055556 0.014501942968750015 0.02343748472222229
0 0.30801797265624997 0.52429650625 0.1067870359375 0.12421866527777775
0 0.10828666484375 0.5407027479166666 0.13710928125000002 0.17109363472222222
0 0.045574002343749996 0.5910933368055555 0.09114800468749999 0.1874998708333333
