9 0.36470738671875 0.28757791944444444 0.009228509374999971 0.021093736111111094
9 0.319224019140625 0.2840622986111111 0.007910150781250014 0.023437483333333287
2 0.890732415234375 0.4657027965277778 0.07778315078124987 0.2695310652777778
2 0.75889656875 0.4739059180555556 0.1015136015625 0.36562475000000005
0 0.31245095703125003 0.32377208958333337 0.013183584375000057 0.02812497916666662
0 0.30454080585937504 0.32845958402777775 0.01582030078125002 0.0328124763888889
0 0.29531229609375 0.33080333472222223 0.021093737499999987 0.0421874694444444
0 0.36782201406250004 0.3328122354166667 0.007910151562500023 0.028124981944444405
0 0.35661596445312504 0.33063591180555557 0.01713866015625004 0.02779013472222225
0 0.381664776171875 0.33431895833333336 0.017138658593750078 0.03984372500000005
0 0.392870823828125 0.33431895833333336 0.021093735156250015 0.03984372500000005
0 0.415282917578125 0.33314708263888887 0.03691403671875004 0.07499994861111114
0 0.44099090820312503 0.3425220756944445 0.06723628046875002 0.09374993472222232
0 0.2834470703125 0.3401783291666667 0.023730451562499977 0.0656249527777778
0 0.240600421484375 0.34141716805555555 0.08569330078125001 0.12877223333333332
0 0.33618140976562494 0.33616047083333334 0.02900388515625002 0.0421874694444444
0 0.4627990719980437 0.3838003123952193 0.08975887680858735 0.11700464187622817
0 0.14520070234375 0.41787363374219744 0.1898436203125 0.20581449640449417
2 0.5888283269531249 0.3649216152777778 0.02768552890624998 0.07734369722222223
