9 0.554551005859375 0.19031236180555555 0.009228508593750018 0.0328124763888889
9 0.6329933359375 0.21843734166666667 0.010546868749999994 0.037499975000000046
9 0.644199381640625 0.28992166875000003 0.009228508593750018 0.025781231944444427
9 0.012046495703125 0.021328106944444446 0.02373045234375 0.04265621388888889
9 0.035117769921875 0.02273435416666667 0.019775377343749997 0.04453121944444444
9 0.752963955859375 0.2793748006944444 0.029003886718749983 0.0328124763888889
9 0.74043955078125 0.16101550694444444 0.01186522499999998 0.044531219444444436
9 0.033799410937499996 0.2653123104166667 0.011865225 0.0328124763888889
9 0.048301354296875 0.22078109166666665 0.01450194296875 0.05624996111111111
8 0.6316749765625 0.2676560590277778 0.013183584375000001 0.037499973611111126
2 0.12081106953125001 0.33679663680555555 0.01713865937499999 0.06796870416666667
2 0.10564994765624999 0.3391403840277778 0.0158203015625 0.07265619861111111
0 0.31526894375000003 0.3321091402777778 0.023730451562500032 0.044531219444444436
0 0.5024758468749999 0.2957810402777778 0.013183584375000001 0.018749988888888902
0 0.5189553273437499 0.31218727916666666 0.032958962499999966 0.04218746944444446
0 0.544004138671875 0.3110154027777778 0.011865225781250044 0.03046872777777776
0 0.5360939875 0.36609349166666666 0.0514159796875 0.0843749416666667
0 0.6507911746093751 0.3614059944444445 0.05141598046875007 0.056249961111111135
0 0.6890235703125 0.3813278555555556 0.07514643281250011 0.09609368333333335
0 0.77076179453125 0.3895309743055555 0.14106435625000002 0.14999989861111113
0 0.55784690234375 0.3180466493055556 0.026367168750000003 0.03984372361111116
0 0.400303065234375 0.3239060208333333 0.03823239609375001 0.046874966666666684
0 0.35547887773437503 0.34617163055555555 0.05405269765625004 0.07734369722222223
0 0.468857705078125 0.37312473819444447 0.09624016796875001 0.16406238749999996
0 0.25748115051799514 0.37147879153787033 0.10327191978599032 0.09983303585351838
4 0.9124853312500001 0.38953097430555556 0.1740233187500001 0.3796872402777779
