9 0.368477365625 0.04505778402777778 0.03314346718749994 0.0866495875
9 0.6653063546875 0.3604622791666666 0.030219043750000063 0.05198975277777779
9 0.41478073906249996 0.5008346090277778 0.006823654687500014 0.017329918055555615
9 0.5107993113281251 0.4861041784722222 0.011697694531250025 0.015596926388888877
9 0.522984409765625 0.48437118749999997 0.012672502343749947 0.019062908333333295
9 0.77643444921875 0.32320295694444445 0.03606789062499993 0.14037233055555554
8 0.513236330078125 0.15163677430555556 0.07506020390625001 0.057188726388888916
8 0.6799284722656249 0.4055200638888889 0.04581596953125 0.013863933333333356
8 0.797392818359375 0.3916561298611111 0.03119385078124992 0.02772786805555555
8 0.8037290691406249 0.42284998055555556 0.02437019609375002 0.031193852777777864
8 0.9850433289062499 0.39945459166666664 0.02631981093749991 0.07105266111111114
8 0.9874803484375 0.45404383125000003 0.02339538906250005 0.02772786805555555
9 0.6745670296874999 0.4393134034722222 0.019496156249999896 0.036392826388888855
8 0.4805802671875 0.4679077659722223 0.00974807812500006 0.02772786805555555
8 0.32363620507812496 0.46964075694444446 0.01169769453124997 0.01732991666666661
0 0.39674679296875 0.5476253868055556 0.009748078125000004 0.02426188472222235
0 0.382124675390625 0.5476253840277778 0.025345003906250052 0.038125818055555594
0 0.30024081562500005 0.5450258979166667 0.019496156249999952 0.025994876388888866
0 0.26514773476562503 0.5432929069444445 0.021445772656249973 0.02599487777777776
0 0.27879504453125004 0.5458923944444445 0.023395389062499994 0.031193852777777753
0 0.232004266796875 0.5467588895833333 0.03509308359374996 0.04332479305555548
0 0.19642378124999998 0.5493583763888888 0.0321686578125 0.04159180277777774
0 0.160355890625 0.5467588888888888 0.03021904374999998 0.03639282777777775
0 0.136473098828125 0.5450258979166667 0.02729461953125001 0.03985880972222211
0 0.11892655703125 0.5450258993055556 0.02729462031249999 0.04332479305555559
0 0.05932994488963606 0.5494635507619705 0.10696219602927214 0.08685993485727417
4 0.344594573828125 0.5441594027777777 0.055564047656250004 0.0831836027777777
0 0.4508486296875 0.577952738888889 0.0984555921875 0.16463421388888888
2 0.50884969609375 0.5476253854166666 0.013647310937499935 0.06931966805555556
2 0.691626165625 0.5900836819444444 0.02631981093750002 0.17849815000000002
