0 0.13125505234375 0.35362120555555554 0.022231332812500018 0.02496149722222224
0 0.15875170312499998 0.3588215173611111 0.018721121874999996 0.035362120833333344
0 0.1663571578125 0.3629817666666667 0.01755105312500002 0.027041619444444442
0 0.1815680703125 0.36402182986111115 0.026911612500000015 0.03744224583333333
0 0.19560891171875 0.37338239236111115 0.026911614062500033 0.035362120833333344
0 0.31671117382812497 0.4025041388888889 0.06786406953125002 0.0811248638888889
0 0.382235103125 0.42892145291699013 0.09126547343750002 0.08237347472157536
0 0.49397680468749994 0.4540158043826421 0.1556193328124999 0.14867176345693794
0 0.22837087578124998 0.3817028902777778 0.04095245625000002 0.04368261944444446
0 0.031214053125000002 0.35258114236111116 0.032761964062499996 0.0353621208333334
0 0.0068315 0.36818207986111107 0.013663 0.05408324583333329
0 0.733841187890625 0.5262715597222223 0.2843270507812501 0.195531725
9 0.069826368359375 0.3213792722222222 0.01872112265624999 0.02288137222222225
