0 0.23878123046875 0.49224996875000004 0.06243749374999996 0.06149999583333332
0 0.291093726171875 0.4869999715277778 0.06918749453125006 0.06299999583333327
0 0.458015597265625 0.46824997083333336 0.010968749218749962 0.013499999999999956
0 0.489234344921875 0.46524997222222225 0.007593749218750001 0.019499997222222176
0 0.5774062125 0.47574996875 0.02868749687499994 0.04649999583333331
0 0.596812460546875 0.4832499694444444 0.020249997656249907 0.05249999722222215
0 0.631828083203125 0.49299996805555557 0.05990624453124993 0.06899999444444443
0 0.1658359125 0.5045646229166667 0.09695314062499999 0.08872931249999999
0 0.402500512109375 0.45963791597222226 0.034826096093750036 0.05952757638888889
0 0.439087459765625 0.46619996597222224 0.02362499609374996 0.02699999861111113
0 0.4737655859375 0.46499996180555553 0.01940624843750005 0.035999995833333354
0 0.508781210546875 0.46724996180555556 0.02699999765624994 0.04049999583333341
0 0.693984319140625 0.5062499618055556 0.09871874140625003 0.10349999305555557
0 0.018984373828125 0.5458928173611111 0.03796874765625 0.13049998750000003
0 0.9145646742187501 0.5721428131944444 0.1679062375000001 0.17699998472222223
8 0.6707811964843751 0.2539499791666667 0.025312497656249988 0.07049999444444444
9 0.376987471484375 0.3791999770833333 0.010124999218749986 0.03000000138888892
9 0.428962460546875 0.42869996944444444 0.006749999218749969 0.015000000000000013
9 0.49097808046875 0.3896999715277778 0.012656248437500017 0.023999995833333287
9 0.455118707421875 0.44819996666666667 0.008437499218750033 0.020999997222222233
4 0.348398326171875 0.4424998451388889 0.06960935078124997 0.12374995694444435
