0 0.487973903515625 0.4926559027777778 0.01054686796875004 0.018749986111111117
0 0.48224216075419934 0.5003154193262085 0.012266966820898506 0.03406901920797234
0 0.47536647774442287 0.5063678760251309 0.014335902363845576 0.03679893816137292
0 0.678476703125 0.4926559034722222 0.06459956562500002 0.12656241249999994
0 0.5571877234375 0.4903121548611111 0.011865226562500109 0.02343748194444445
0 0.563120336328125 0.49617152638888895 0.010546869531249947 0.035156224999999985
0 0.46325069555732823 0.5066794856491443 0.024381658302156384 0.0421096518538443
0 0.578281458984375 0.5020308979166667 0.03295896171875001 0.04687496805555552
0 0.7542823140625001 0.4903121555555555 0.14765614843749997 0.17343738055555558
0 0.9685155664062499 0.5418746201388889 0.0619628499999999 0.16406238750000002
