0 0.09748078515625 0.6009009009009009 0.1949615703125 0.19999999999999996
0 0.32071178125 0.7344365333333334 0.6414235625 0.5261255666666667
8 0.106741458203125 0.4263159638888889 0.022420580468750007 0.04159180000000001
8 0.39089794609374995 0.21142499097222223 0.033143468750000016 0.055455734722222205
8 0.533707296484375 0.3656612548611111 0.032168658593750066 0.03812581527777781
8 0.694913322265625 0.27569206874999996 0.02364473046874993 0.05169698194444444
8 0.068236548828125 0.4427793861111111 0.017546539843750007 0.01906290833333335
9 0.4318398765625 0.22355593194444445 0.03314346718749994 0.034659833333333334
0 0.415268142578125 0.4687742611111111 0.017546541406250005 0.019062911111111136
0 0.42891545156250005 0.4514443430555556 0.015596924999999984 0.01906290833333335
0 0.48545430624999997 0.4566433208333333 0.023395387499999976 0.03985880833333333
