8 0.886724925 0.5835213347222222 0.014033618750000088 0.030492799999999987
0 0.958452309765625 0.6174792263888889 0.032745110156249924 0.020790544444444503
0 0.94168993125 0.6119350819444445 0.01169468125000006 0.015246399999999993
0 0.926876668359375 0.6195582826388889 0.03664333984375001 0.02772072916666657
8 0.854759459765625 0.6230233729166667 0.040541564843750044 0.029106762500000105
4 0.8173364761718751 0.6244094097222223 0.04366014765625004 0.03742298333333327
1 0.8925722664062501 0.6077769729166667 0.03820262812500008 0.03187883749999998
1 0.851251055859375 0.6091630083333333 0.044439792968750114 0.04019505555555558
0 0.769886001953125 0.6158951923611111 0.015592910156249973 0.018018473611111085
0 0.748835573046875 0.6145091548611111 0.024948653906249896 0.020790545833333285
0 0.7059550718750001 0.6179742472222223 0.02650794687499991 0.013860363888888894
0 0.651435571484375 0.6373787569444445 0.036643336718749975 0.05821353055555556
0 0.534878571484375 0.6332206479166667 0.015592910156249973 0.016632437499999986
0 0.42572820273437506 0.6477740305555555 0.014033619531249986 0.012474327777777794
0 0.47172728671874997 0.6415368659722223 0.01247432812499999 0.013860365277777786
0 0.29006988671875 0.6477740298611111 0.029626526562499977 0.015246401388888886
0 0.262782294921875 0.6505461027777777 0.029626527343750042 0.015246399999999993
4 0.62024975234375 0.6451999673611111 0.06315128437499995 0.07345992916666655
8 0.18985875234375 0.6277884909722222 0.0035887296874999863 0.017863901388888825
