0 0.8682052179687499 0.39910001944444445 0.19033166718749994 0.12146522500000001
9 0.379199243359375 0.2880461006944445 0.008784538281250032 0.031233915277777802
0 0.3938401421875 0.38261545138888886 0.030257854687499974 0.04685087222222223
0 0.36651046640625 0.39649719305555553 0.05368329062499999 0.06767348055555561
0 0.47192492656249996 0.39389436597222227 0.014640896875000031 0.02429304305555552
0 0.4953503625 0.3878211048611111 0.026353615624999938 0.050321304166666636
0 0.50706308125 0.39302675902777784 0.02049725625000004 0.05726217638888892
0 0.516335649609375 0.4025704541666667 0.02537755546874998 0.07287913333333335
0 0.54952168359375 0.40604088958333334 0.06832418906249993 0.10064261249999995
0 0.57489923984375 0.42686349861111117 0.07222842656250006 0.12146522222222228
0 0.648916206640625 0.4502889347222222 0.14217757578125 0.19260913888888886
0 0.43727480390625 0.3973648027777778 0.05075511249999998 0.0659382638888889
4 0.222541641796875 0.44421567361111114 0.25182343671875 0.30192784166666664
