9 0.38693821054687505 0.2167967263888889 0.01713866015625004 0.0726562
9 0.37507298437500003 0.2179686 0.011865226562499942 0.05624996111111111
9 0.402758512109375 0.21914047430555555 0.014501942968749959 0.06328120694444447
9 0.63742631953125 0.43037035347222224 0.01713865937499992 0.02636628194444446
8 0.5115230859375 0.25703104930555554 0.06328120625 0.023437484722222235
8 0.4930660671875 0.44453092083333334 0.005273434374999997 0.028124980555555512
8 0.63742631953125 0.34492161388888887 0.027685528125000025 0.01640623888888887
8 0.59853474453125 0.40468719791666663 0.015820301562500028 0.014062490277777784
8 0.6657710265625 0.45156216597222226 0.00791015000000006 0.02343748472222218
8 0.590624594140625 0.48203089513888886 0.010546867968749929 0.018749987499999954
0 0.39946261601562505 0.4757809243055555 0.023730452343749986 0.02812498472222219
0 0.42187471015625 0.4746090472222222 0.021093735937500024 0.0351562222222222
0 0.47856412421874994 0.4767853736111111 0.029003885937499974 0.023437483333333287
0 0.51481898203125 0.4767853736111111 0.0250488109375 0.023437483333333287
0 0.458788746875 0.4756134993055555 0.015820301562500028 0.025781231944444427
0 0.437035832421875 0.49201973819444444 0.038232396093749954 0.05859370972222222
0 0.562468228125 0.500222857638889 0.009228509375000082 0.01874998750000001
0 0.134472563671875 0.5084259770833334 0.17138660078125 0.16640613472222215
0 0.346728276953125 0.5246648027777778 0.08964837578125001 0.10982134722222225
0 0.338818126953125 0.4615510090277778 0.039550755468749976 0.021093734722222146
0 0.36254857890625003 0.45803538680555556 0.013183584375000057 0.014062490277777784
0 0.46142546406249996 0.5265063256944444 0.06328120624999994 0.08671869305555568
0 0.5036129359375 0.49486572083333336 0.03691403906249996 0.056249961111111135
0 0.537231076171875 0.48616036805555557 0.017138660156249874 0.03281247777777774
0 0.5543697359374999 0.4955353590277778 0.011865226562499998 0.01874998472222228
0 0.57612265078125 0.49553536111111113 0.018457018749999943 0.023437483333333398
0 0.674528698046875 0.4908478645833333 0.017138660156249985 0.014062490277777784
0 0.690348999609375 0.50256660625 0.059326130468750016 0.037499973611111126
0 0.814274695703125 0.5025666055555555 0.05141598046875007 0.03281247777777768
0 0.8518479117187501 0.5107697250000001 0.018457018750000054 0.021093736111111094
0 0.9657226796874999 0.6655451001313814 0.06855464062500016 0.10781242638888888
8 0.15036603828125 0.3649490784722222 0.014036503125000016 0.009981515277777797
