9 0.23616743671875 0.2864060465277778 0.007910149999999977 0.028124981944444405
9 0.296152746484375 0.28992166875000003 0.00659179296875001 0.025781231944444427
9 0.331748425390625 0.32507789513888885 0.00659179296875001 0.021093737500000043
9 0.37261753828125 0.29109354305555557 0.011865226562499998 0.028124980555555568
9 0.361411491015625 0.3742966104166666 0.010546867968749984 0.021093734722222257
9 0.423374338671875 0.2946091652777778 0.007910150781249958 0.02578123333333332
9 0.5354348085937499 0.31921852361111114 0.010546867187500086 0.028124980555555568
9 0.698911259375 0.32859351666666664 0.010546868750000105 0.028124980555555568
9 0.5420266003906249 0.3660934909722222 0.013183583593750048 0.01874998750000001
9 0.7094581265625 0.32624976805555556 0.010546867187500086 0.03281247499999995
8 0.36075231132812496 0.11531241319444445 0.14633778984375 0.10312492916666668
8 0.512363535546875 0.2992966611111111 0.01977537734375001 0.04921871666666666
8 0.49258815820312496 0.31453102638888886 0.019775377343750067 0.03281247777777779
8 0.28560587812500005 0.2934372909722222 0.017138659374999976 0.042187470833333296
8 0.259897888671875 0.27820292708333333 0.023730452343749986 0.03515622638888882
8 0.26517132265625 0.3063279076388889 0.015820301562499972 0.03515622638888882
8 0.68177259921875 0.30984353124999997 0.02636717031249991 0.01874998750000001
8 0.19463914453125 0.12585928263888888 0.11206047031250005 0.21796860138888888
8 0.069963634375 0.07406244583333334 0.13992726875 0.14812489166666667
8 0.32977088710937497 0.35671849722222226 0.01845701796874999 0.023437483333333342
8 0.32977088828125 0.38015598194444444 0.010546867187499975 0.023437483333333398
0 0.529502195703125 0.4188278291666666 0.01977537734375001 0.03984372222222221
8 0.52818383671875 0.3684372395833333 0.009228509374999971 0.023437484722222235
0 0.6804542398437501 0.40945283680555555 0.015820301562499917 0.030468729166666597
0 0.38448276406250004 0.4035934652777778 0.019775376562500002 0.023437483333333287
0 0.30076700117187494 0.41179658402777775 0.023730452343749986 0.030468726388888923
0 0.263852964453125 0.3989059673611111 0.026367169531249957 0.02343748472222218
0 0.23748579414062498 0.4071090868055556 0.036914036718750015 0.039843723611111104
0 0.144541522265625 0.4047653409722223 0.05668941328125 0.053906212499999995
0 0.067417551953125 0.39773409583333336 0.07382807421874998 0.08671869166666668
4 0.31263222773437505 0.3789841076388889 0.05537105703124995 0.0726562013888889
0 0.0284353421875 0.40359346597222223 0.056870684375 0.09843743194444443
1 0.90325682109375 0.38835910069444446 0.19248033593750002 0.19921861249999995
0 0.45303740468750003 0.462187175 0.15161122500000002 0.22031235000000005
