0 0.491987694921875 0.4554198652777778 0.013183592968749991 0.024999997222222237
0 0.469136134765625 0.45932611458333333 0.029003903906250017 0.032812495833333344
0 0.43441934140625005 0.4655761138888889 0.02988280937499993 0.05468749166666664
0 0.414204501171875 0.4694823638888889 0.02812499609375002 0.05624999444444445
0 0.3830033332031251 0.4687011138888889 0.05361327421875001 0.07968748888888882
0 0.34784708750000004 0.4851073611111111 0.05361327499999996 0.0781249888888888
0 0.2872025640625 0.49135736111111106 0.08701170625000001 0.12499998333333323
0 0.077143996875 0.5327636041666667 0.10986326874999999 0.14218748333333325
0 0.17206585937500002 0.5476073527777778 0.20478513125 0.199999975
0 0.0229714140625 0.6140135958333334 0.045942828125 0.3484374583333334
3 0.79646978515625 0.50062465625 0.07910150781249992 0.16406238749999996
3 0.693696653125 0.48979486111111115 0.054492181249999994 0.10937498611111113
3 0.6508205667968749 0.4752878840277778 0.07245093203124997 0.06473603472222217
3 0.6114895429687499 0.4690378881944445 0.03082048906250001 0.05848604305555555
7 0.8441798796875 0.41122540416666664 0.04532256718750005 0.10848605277777779
7 0.7167385148437501 0.43544414861111114 0.024989974999999998 0.07879855000000002
7 0.6453568160156251 0.42495111875 0.019335935156249984 0.03906249583333332
7 0.6027298683593749 0.42573236736111114 0.01142578046874998 0.024999995833333344
