8 0.6178322128906251 0.3578903729166667 0.08833001796874995 0.12890616250000003
0 0.1662944375 0.5043746458333334 0.031640603125 0.028124980555555568
0 0.34690954765625004 0.5032027722222222 0.01054686718750003 0.01640623888888898
0 0.33834021757812505 0.5020308979166667 0.011865225781249988 0.018749987500000065
0 0.325815812109375 0.5032027722222222 0.01054686796875004 0.01640623888888898
0 0.30801797265624997 0.5043746465277777 0.02241209375000003 0.018749987500000065
0 0.26055706796875 0.5032027722222222 0.022412093749999973 0.01640623888888898
0 0.36404820703124996 0.5231246333333333 0.015820301562499972 0.03749997499999991
1 0.36404820703124996 0.49265590347222227 0.015820301562499972 0.018749984722222224
0 0.424033518359375 0.5278121291666666 0.11733390390624998 0.24843733055555556
0 0.096330803515625 0.6227339388888888 0.19266160703125 0.3773434888888888
