0 0.1995750890625 0.45057846736111107 0.050533987500000016 0.04856119027777778
0 0.42288068789062505 0.4542205555555555 0.03824193828124994 0.05098925000000004
0 0.23918281015625 0.44693637708333334 0.03414458749999999 0.03642089305555557
0 0.25284064453125 0.4347960805555556 0.031413018749999994 0.03642089444444441
0 0.27264450546875 0.43722414097222223 0.019120968750000022 0.036420893055555514
0 0.2856194484375 0.43236802083333337 0.012292051562500017 0.026708652777777786
0 0.30064306640625 0.43722413958333334 0.009560484375000011 0.02185253472222226
0 0.401028151953125 0.4420802583333333 0.01365783515625002 0.02670865555555557
0 0.38395585781249997 0.4408662291666667 0.02048675312499998 0.03399283333333336
0 0.309520658984375 0.4323680194444445 0.008194700781250008 0.021852536111111154
0 0.3174402010621329 0.43319214205864465 0.007644383374265762 0.018644659117289242
0 0.340250787890625 0.43323517708333337 0.00956048515625002 0.019424476388888945
0 0.3518697707610705 0.43566323611111113 0.008175053790358933 0.014568358333333364
7 0.36893223984375 0.43687726527777776 0.006828917187500005 0.026708652777777786
3 0.36824934921874997 0.44658950347222226 0.01092626718749995 0.016996418055555573
8 0.6237599750434062 0.23806809155030442 0.038460170399312266 0.05157266087838658
8 0.9562096236166071 0.3047722938697144 0.05051496754571416 0.13156375996165104
9 0.6506667022960426 0.3485910777716995 0.02791531884541487 0.047885222234378855
8 0.47662413770624734 0.3472100070693284 0.020076758224994606 0.0367627752497679
