0 0.259684573738738 0.43901586944444443 0.08407375216497609 0.07228348333333334
0 0.44955646598633414 0.44926588860193106 0.036054647714831634 0.04327950890724891
0 0.48313005429687506 0.4379528784722222 0.028700794531250018 0.02763780416666667
8 0.44904786171875 0.39118121180555554 0.02272146406250003 0.03614174305555551
0 0.5554799765625 0.4528347701388889 0.009566931250000077 0.027637804166666613
0 0.54112957890625 0.4538977638888889 0.021525596874999997 0.038267727777777705
0 0.50405771953125 0.4666536736111111 0.05500985781250001 0.0680315138888889
0 0.6188609 0.47303162847222224 0.05500985624999999 0.08078742361111108
0 0.64995342734375 0.46133870972222224 0.016742129687499996 0.03188977222222217
0 0.6601182921875 0.4751576138888889 0.02750492812500005 0.06803151666666668
4 0.7145302171875 0.4825985611111111 0.10523624843750001 0.12968507777777782
0 0.85384866171875 0.46452768819444445 0.0896899874999999 0.09354333194444453
0 0.36174960820312496 0.5112993583333333 0.16742130546874995 0.17858273055555557
0 0.08670031953125 0.49034141373117013 0.1734006390625 0.3735695169821042
0 0.9279923832031249 0.5899607923611112 0.13991637734374995 0.27212605972222226
