0 0.019880959765625 0.35066721666666667 0.03820262890625 0.04435316388888888
0 0.107980900390625 0.35066721319444444 0.06315128515625 0.03603694583333328
0 0.21362286484374998 0.35066721458333333 0.04054156718749999 0.024948654166666695
0 0.26001177109375 0.3485881625 0.02260972031249997 0.026334694444444473
0 0.27716397187499997 0.3603694694444444 0.03820262968749999 0.04435316388888888
0 0.31868009296875 0.3693787076388889 0.05379553906250001 0.0637576763888889
0 0.35999533319591587 0.3494623624361478 0.018843052109181135 0.03225806451612906
0 0.38185180745364966 0.3465048914779305 0.017890988217700743 0.026343122599694457
0 0.40015304765625004 0.3513602333333333 0.0202707828125 0.02772072777777773
0 0.418864539453125 0.3444300534722222 0.012474328906249998 0.01663244027777777
0 0.42977957578125003 0.3465091048611111 0.009355746875000015 0.015246401388888886
0 0.44576231015625 0.34581608680555553 0.010135393749999944 0.013860365277777786
0 0.458626458984375 0.3451230673611111 0.009355746093750006 0.012474326388888901
8 0.224732811328125 0.2536446652777778 0.05145660234374996 0.07900407499999998
8 0.31556151171875 0.2612678666666667 0.055354829687499996 0.055441455555555574
8 0.44459284101562496 0.27443520972222224 0.042100857031249994 0.029106761111111157
8 0.392746415625 0.2564167402777778 0.038202629687499934 0.01801847777777779
1 0.18180268346171413 0.33753949514831927 0.053276611201571705 0.05555873192558364
