2 0.04769643359375 0.5169915875 0.04911766562499999 0.16909644166666665
8 0.8227209023437501 0.3423509979166667 0.008576099999999975 0.012474329166666631
8 0.614165733203125 0.38254605277777776 0.011694683593749922 0.00693018333333334
8 0.626640062890625 0.3839320888888889 0.007016810156249997 0.009702255555555594
0 0.75021387265625 0.42412714652777783 0.010915035937499984 0.031878837500000035
0 0.6925201062499999 0.4151179083333333 0.023389365625000047 0.04712523888888892
0 0.591556015234375 0.4372944916666667 0.024169010156249948 0.027720727777777787
0 0.5716750542968749 0.4372944923611111 0.015592910156250084 0.03049280138888899
0 0.55881090546875 0.4393735472222222 0.02105042812499991 0.03465091111111118
0 0.5400994125 0.44283863888888886 0.02260972031249997 0.036036947222222226
0 0.5209980984375 0.4463037298611111 0.03274511093749988 0.04019505416666658
0 0.4442030175781251 0.4615501298611111 0.03976191953125002 0.04851127361111107
0 0.24968146796875 0.49065689444444444 0.10759107812499996 0.10672480277777774
0 0.14481914921875 0.5183776243055556 0.144234415625 0.11504102361111107
0 0.040346653515625 0.5405542076388888 0.08030348359375 0.13167345972222216
0 0.41106808476562495 0.4677872923611111 0.05613447265624999 0.05266938472222227
0 0.48903263281250003 0.4476897652777777 0.038982275000000066 0.05128334722222222
0 0.657046237109375 0.44561071041666667 0.07094773984375002 0.10533876805555553
0 0.78100986875 0.45254089444444445 0.08030348437500001 0.10533876944444437
0 0.94122701796875 0.45739202152777775 0.1021335593749999 0.12058517083333331
0 0.9719778875 0.47055936805555554 0.05604422499999995 0.1469198638888889
1 0.59787381015625 0.41855677013888887 0.03595361406250008 0.04329897638888891
