2 0.91193273984375 0.6091465916666666 0.08675789843750015 0.518164525
7 0.8276118609375 0.5155650388888889 0.05263962343749995 0.2512838
3 0.924605241796875 0.5779527402777778 0.14719598515624988 0.1923620805555556
3 0.824687437109375 0.5632223104166666 0.10332963046874988 0.14557130694444437
2 0.66384414296875 0.49303614583333333 0.027294620312500073 0.11957643055555556
2 0.6321628886718751 0.5017011055555556 0.026319811718750086 0.10917848055555557
2 0.557102683203125 0.4965021298611111 0.026319811718749975 0.11264446249999999
8 0.475218825 0.4410463930555556 0.014622117187500006 0.02599487500000003
8 0.141347137890625 0.3379333861111111 0.02924423515625002 0.08664958611111112
8 0.45377305234375 0.4419128895833333 0.00877327031249997 0.013863931944444408
8 0.15255742773437503 0.2334936605294883 0.034118274218749994 0.04597822894102338
0 0.053614431250000004 0.6498718979166667 0.10722886250000001 0.3362003958333333
0 0.367015154296875 0.5077665743055555 0.020470964843749995 0.055455734722222205
0 0.3484938046875 0.5077665763888889 0.024370196875000028 0.058921719444444465
0 0.34215755390625 0.5155650381944444 0.015596924999999928 0.05718872638888889
0 0.283181679296875 0.4817716993055555 0.11405251796874999 0.19409507361111106
