9 0.35020544296875 0.5430464937499999 0.006591792187500056 0.021093737500000098
8 0.511704355859375 0.4985152763888889 0.013183583593749937 0.025781233333333264
8 0.5136818941406249 0.5231246319444445 0.009228510156250036 0.018749986111111006
8 0.6435402031249999 0.44578093611111114 0.018457018750000054 0.06093745833333336
8 0.6409034859375 0.39304659791666663 0.021093735937499858 0.049218715277777825
0 0.23258764902147358 0.6215620652777778 0.017138660156249985 0.060937458333333305
0 0.19690678926940758 0.6217800809441029 0.06837444383336691 0.09590649541795648
0 0.1135600984375 0.6360470778613361 0.113378828125 0.12102986927732795
0 0.32102627778961745 0.5778682019880432 0.026367169531249957 0.02544088282248602
2 0.328452528515625 0.5793745944444444 0.013183583593750048 0.03749997499999991
0 0.398325528125 0.5758589715277778 0.010546868749999994 0.030468729166666653
0 0.4115091125 0.5641402319444444 0.018457018749999998 0.016406238888888924
0 0.42667023437499996 0.5688277263888889 0.011865224999999924 0.016406238888888813
0 0.4508176944979446 0.5838327346900025 0.022544987654359083 0.029386797354200245
0 0.3848717705141008 0.590196800318494 0.021634080846798298 0.032976981683587425
0 0.4220385450503691 0.6059511592304938 0.045890454439450334 0.06822500944019272
0 0.3413404295978975 0.6073008198681302 0.036322668570795025 0.04475692287317623
2 0.52488794140625 0.5864058402777779 0.010546868749999994 0.042187469444444514
0 0.276413942040754 0.6143779649964327 0.07521957783150807 0.1047767943727983
0 0.03191806898072665 0.6652999717656323 0.0638361379614533 0.14689902591318005
