0 0.42109433710937494 0.5612509395833333 0.011803755468750066 0.032642487499999984
0 0.44207879296874997 0.5612509395833334 0.035411270312500076 0.0419689124999999
0 0.47880159140625 0.5600851361111111 0.05901878437500002 0.10958549444444454
0 0.5306069695312501 0.5764063791666667 0.09180699687500005 0.1562176194444445
0 0.7011056757812499 0.5903960180555555 0.29640544687500003 0.32875648333333335
9 0.299219882421875 0.45459169444444447 0.007152666406250008 0.02331239444444444
9 0.411278324609375 0.4651882375 0.004768444531250027 0.02331239444444444
9 0.292544071484375 0.4503530763888889 0.004768444531250027 0.023312394444444384
9 0.30625334882812505 0.45459169444444447 0.005960555468750017 0.02331239444444444
9 0.405198569140625 0.46306892777777775 0.005960555468749962 0.023312394444444495
9 0.417119680078125 0.46518823680555554 0.005960555468749962 0.027551012500000083
0 0.40639068007812507 0.5541991979166667 0.020265888281250033 0.03178962916666672
0 0.31102179296875 0.5647957409722222 0.04887655468750002 0.06569856527777784
