9 0.4860681499999999 0.2399287513888889 0.013196081249999991 0.019194299999999997
9 0.45907616601562495 0.22606620277777778 0.011996436718750003 0.025592402777777745
9 0.4290850734375 0.2761846513888889 0.009597150000000054 0.027725100000000003
9 0.39909397890625 0.27085290069444445 0.009597149999999999 0.029857798611111153
9 0.33311357265624997 0.23886240138888887 0.014395725000000026 0.03412319999999999
8 0.30732123125 0.25699035138888887 0.013196081250000047 0.014928899999999995
8 0.31331945039062503 0.2687202 0.015595369531250014 0.01706160000000001
8 0.48606815078125 0.2633884513888889 0.008397506250000075 0.019194299999999997
9 0.489067260546875 0.2772510013888889 0.01439572578125009 0.008530800000000005
8 0.5250565742187501 0.2644548013888889 0.011996437500000012 0.03412319999999999
8 0.791977309375 0.13222739930555555 0.029991093750000086 0.042654001388888904
8 0.803973745703125 0.07144544930555555 0.025192517968749994 0.044786698611111106
8 0.8021742800781251 0.0277251 0.031190736718749945 0.0383886
0 0.9533293929687501 0.18554489861111112 0.002399287499999958 0.021326999999999985
0 0.2947249734375 0.3316348506944444 0.023992875000000025 0.05331749861111107
0 0.27433102890625 0.3390993013888889 0.0263921640625 0.055450200000000005
0 0.25393708515625 0.3369666013888889 0.033590026562500014 0.06824640000000004
0 0.22814474453125 0.34869645138888894 0.04198753124999999 0.08744069999999998
0 0.168762378125 0.34656375069444445 0.08397506249999998 0.12156390138888884
0 0.06439337109375 0.3582936020833334 0.1271622390625 0.16635059861111112
0 0.494465657421875 0.34336470138888886 0.029991096093750003 0.09810420000000003
0 0.5358533664062499 0.3476301013888889 0.06478076249999998 0.10663500000000004
0 0.721987268359375 0.3408035034722222 0.08741014296874994 0.1057780041666666
0 0.44588008554687497 0.3369666013888889 0.07197862421875001 0.11090040000000001
0 0.35950573554687504 0.3540282027777778 0.09597150078125 0.1407582
