9 0.634970259375 0.43266594583333334 0.011700701562499916 0.01664099722222223
9 0.608058645703125 0.4368261958333334 0.009360561718750104 0.01664099722222223
0 0.5624259101562499 0.4742684402777778 0.011700701562500027 0.03328199444444441
0 0.552480312109375 0.47530850347222225 0.01989119296874997 0.035362120833333344
0 0.5349292609375 0.47842869097222224 0.024571473437500102 0.033281995833333355
0 0.48520127773437505 0.4763485659722222 0.039782385156250044 0.04576274583333334
0 0.588167453515625 0.47946875277777784 0.049142947656249936 0.04784286944444449
0 0.6455008906249999 0.5096305611111112 0.07020420937500005 0.08736523888888886
0 0.868984292578125 0.6105166118055556 0.2597555773437501 0.30161808750000013
0 0.029977879296875 0.5390406270833333 0.05863571640625 0.16999359027777777
8 0.704589434765625 0.34010039444444445 0.017551053906250114 0.02288136944444441
0 0.970780397265625 0.8372502083333333 0.05616336796875021 0.18929135277777787
