8 0.478884875 0.522671336111111 0.015485743749999947 0.011216011111111146
8 0.41321385390625004 0.4900429375 0.011470921874999984 0.011216011111111035
8 0.406618074609375 0.5150240534722222 0.02236829453125 0.03670694583333334
8 0.6645312898437501 0.5099258673611111 0.04703077499999997 0.04690331805555553
8 0.72991553671875 0.5094160493055555 0.014912196875000117 0.025490937499999977
0 0.43771123046875005 0.5412575291666667 0.012044467187500019 0.015294561111111049
0 0.45950597890625 0.5463557173611111 0.010897374999999931 0.017333837499999838
0 0.446027646875 0.5641993729166667 0.017206381249999958 0.024471295833333295
0 0.54133187421875 0.5774546590277778 0.03422159218749998 0.0509818680555556
0 0.090380812890625 0.58221295625 0.07522915546875002 0.055060418055555616
