8 0.5100736089843749 0.15158609374999998 0.01988292734375008 0.03262839583333335
8 0.55946372578125 0.14546826805555557 0.031223537499999954 0.02854984722222223
8 0.58807587109375 0.1434289951388889 0.02600075468750007 0.035347431944444424
8 0.6328124621093749 0.16110270972222224 0.029824394531250076 0.04622356111111112
8 0.60872352734375 0.18217521388888888 0.012235650000000042 0.020392744444444444
8 0.510455973828125 0.18353473125 0.013000378906250054 0.02311177916666668
8 0.660725035546875 0.1577039173611111 0.012235649218749867 0.02583081527777778
0 0.5613103886718749 0.21718276666666664 0.006882552343750015 0.017673713888888914
0 0.5674282136718749 0.2144637340277778 0.013000375781249907 0.02311177916666665
0 0.57048712578125 0.2205815590277778 0.011470921875000095 0.021752265277777794
0 0.61220304375 0.24828170555555557 0.06737254687499994 0.09958458333333334
0 0.58119331875 0.22737913888888886 0.0130003781250001 0.051661627777777774
0 0.54196277890625 0.22187310486111111 0.028294937499999895 0.04350452916666667
8 0.532633087109375 0.19667672569444447 0.017588744531250033 0.013595168055555551
8 0.5644457785156249 0.19509062222222223 0.01452983359374993 0.017673713888888887
0 0.580505066796875 0.19645013819444443 0.016059288281249917 0.01767371527777778
8 0.73035776328125 0.17071845208333336 0.00994146406249996 0.016314198611111136
