0 0.043866353125 0.5562903458333334 0.08773270625 0.23222089444444444
4 0.268559561328125 0.47224024652777774 0.10430443984374999 0.12650839861111107
4 0.4796054609375 0.31193851111111115 0.20665926562499998 0.4887036666666667
0 0.34800640078125 0.44451237777777775 0.04484116093750001 0.0745186444444445
0 0.742803578125 0.4072530555555555 0.2339538843750001 0.2634147416666667
0 0.61656596328125 0.4297819479166667 0.05361443124999998 0.11784343750000004
0 0.59024615 0.4115855347222222 0.04971520000000007 0.10571249444444442
0 0.37481361757812504 0.43498092430555557 0.014622119531249977 0.05198975416666668
0 0.386511310546875 0.43238143402777784 0.01852134765625002 0.04332479305555553
0 0.3996712171875 0.4471118638888889 0.007798464062499955 0.02426188333333329
8 0.307064471484375 0.3301349236111111 0.01949615703124996 0.03985881111111106
8 0.614616347265625 0.3093390243055556 0.008773271093750035 0.025994879166666707
8 0.24711378789062502 0.3890566423611111 0.01657173203125001 0.01906291250000003
