0 0.33427550625 0.3496405701388889 0.012292051562499962 0.014568359722222257
0 0.3281294796875 0.3714931055555556 0.01365783437500001 0.016996416666666625
0 0.31583742890625 0.370279075 0.013657835937500029 0.019424477777777838
0 0.3131058625 0.3775632534722222 0.01365783437500001 0.019424476388888834
0 0.3069598359375 0.38484743194444443 0.023218318750000022 0.019424477777777782
0 0.324032130078125 0.3884895215277778 0.019120967968749958 0.016996415277777788
0 0.324715019921875 0.3969877305555556 0.01775518515625002 0.019424477777777838
0 0.31174007773437495 0.4042719083333334 0.01912096953125003 0.029136713888888888
0 0.290570433984375 0.40427190972222227 0.02048675234374997 0.02670865555555557
0 0.25027982109375 0.4285525041666667 0.027315668749999966 0.04613313055555557
0 0.22605859743324885 0.43508849426604246 0.033354984026443185 0.04666595268082835
0 0.34178731484375 0.38727549097222225 0.013657835937499974 0.016996415277777732
0 0.344518881640625 0.39820175972222216 0.019120969531249976 0.019424475000000052
0 0.16687720620802274 0.4845384064860323 0.04079385616604547 0.07069479074984247
0 0.13338792854588866 0.48480431395168483 0.05303074146677729 0.09065108623670304
0 0.08436531544650569 0.4944081157102 0.08336916526801137 0.10985868975373336
0 0.03834583464634773 0.5154040277069798 0.07600877866769547 0.11908714180558788
0 0.3602253921875 0.3884895215277778 0.012292051562500017 0.019424476388888834
0 0.3629569578125 0.3945596708333333 0.015023617187500005 0.0218525361111111
0 0.36910298359375 0.40427190972222227 0.019120967187500004 0.02670865555555557
0 0.37456611757812497 0.42491041597222223 0.02185253515625002 0.043705070833333304
0 0.39641865234375 0.4285525027777778 0.03551037031250004 0.06555760833333335
0 0.28262060147601586 0.44634714891060806 0.03835773757064548 0.05488080901894554
0 0.41690540624999994 0.4831838423611111 0.03277880312499998 0.06312954583333336
0 0.4426949439382364 0.4929281769945475 0.05674306463386358 0.0872084291623314
0 0.4793497552718875 0.5099491113053334 0.07851107937586138 0.10694785038844451
8 0.466073611328125 0.3508545979166666 0.019120969531249976 0.016996415277777788
8 0.45514734375 0.37149310416666664 0.024584103124999923 0.021852536111111154
8 0.184722215234375 0.3399283326388889 0.016389402343749998 0.016996415277777732
8 0.1942826984375 0.3678510145833333 0.02185253593750003 0.014568356944444472
8 0.11779882382812501 0.4066999694444445 0.030047236718749995 0.058273427777777775
8 0.25437717265625 0.38484743194444443 0.010926268750000023 0.019424477777777782
8 0.294667783984375 0.34842653888888886 0.006828916406249996 0.019424477777777782
8 0.300813809765625 0.3472125097222222 0.008194700781250008 0.0218525361111111
8 0.298082244140625 0.34842654027777775 0.008194700781250008 0.0242805972222222
8 0.360908282421875 0.3520686284722222 0.008194700781250008 0.02670865694444452
0 0.19428269921875 0.4164122055555556 0.040973504687499995 0.03884895277777778
