9 0.5199977046875 0.17709827083333335 0.024088932812499908 0.0897280916666667
9 0.576205216796875 0.3533101527777778 0.02179474921875002 0.07545316666666668
9 0.8268448355468749 0.34839735555555557 0.027530210156250123 0.04486404722222226
8 0.5148357906250001 0.11999857638888889 0.013765104687499918 0.024471297222222202
8 0.569896210546875 0.3045529458333333 0.013765105468749983 0.026510572222222195
8 0.7236065488281249 0.18729464652777778 0.05735460390624991 0.09380664027777777
8 0.782108244921875 0.4269094333333333 0.013765105468749983 0.02243202222222218
8 0.7838288828125 0.4503610951388889 0.017206381249999958 0.024471298611111136
8 0.967363615234375 0.04658468263888889 0.0630900648437499 0.08972809027777778
8 0.014234374999999999 0.45647891875 0.028468749999999998 0.08972809027777778
0 0.1398409578125 0.7556961486111111 0.279681915625 0.4404833583333334
0 0.51942415859375 0.6363985715277778 0.29136138749999996 0.4139727847222222
8 0.9219620703125 0.2983943625 0.028691765624999865 0.049307330555555584
9 0.9721726601562499 0.2890429722222222 0.01625866718750013 0.10541567222222223
