9 0.738416943359375 0.11524395 0.01852134921875004 0.08838257777777778
9 0.368477365625 0.43238143541666674 0.007798462500000047 0.02599487638888892
9 0.465470746875 0.42804895624999995 0.004874040624999909 0.024261884722222293
9 0.46985738203124994 0.42978194791666663 0.00779846406250001 0.027727868055555605
8 0.9324037046875 0.16983318888888888 0.05556404687499994 0.06931966944444443
8 0.8446709984375 0.13430685902777778 0.09455636093749986 0.050256759722222225
8 0.48691651914062506 0.42804895694444445 0.018521349218749983 0.01039795277777783
8 0.341182745703125 0.43064844375 0.02339538828125004 0.019062909722222243
8 0.47521882460937503 0.4575098152777778 0.02047096484375005 0.0138639333333333
0 0.10430443984375 0.5155650381944444 0.089682321875 0.11264446249999999
0 0.172540988671875 0.5086330722222222 0.07213578046875 0.08145061111111107
0 0.21494512968750001 0.507766575 0.03996712031250002 0.07278564999999998
0 0.244676769140625 0.5060335840277779 0.02339538828125004 0.04852376805555558
0 0.371401789453125 0.49910161736111114 0.023395388281249985 0.03465983472222223
0 0.517622966015625 0.5129655506944445 0.03704269765625007 0.04852376805555553
4 0.41234371875 0.46617477430555554 0.04484116093750001 0.0658536847222222
4 0.448899012890625 0.48263819583333334 0.026319811718750086 0.05718872777777778
0 0.5532034523437499 0.5146985423611111 0.03606789062499993 0.04852376805555553
0 0.494227577734375 0.4817717 0.02144577265625003 0.01732991666666661
0 0.2875683140625 0.5164315347222221 0.08383347343750003 0.09704753611111105
0 0.406007467578125 0.5181645263888889 0.05946327890624997 0.09358155277777774
0 0.4771684406250001 0.5181645263888889 0.04776558437500006 0.05892171944444441
2 0.34556938125 0.49476913819444446 0.00877327031249997 0.04332479305555553
8 0.141834541796875 0.40118758402777777 0.028269427343750014 0.029460856944444447
2 0.868553791015625 0.5372274347222221 0.023395388281249874 0.06585368611111109
2 0.836385131640625 0.5311619638888889 0.015596925781249826 0.07105266111111108
4 0.03800675675675676 0.4751697841591591 0.07601351351351351 0.25686763888888886
8 0.3080392796875 0.4445123777777778 0.007798464062499955 0.012130941666666617
0 0.336308706640625 0.49650212986111114 0.01949615703124996 0.029460859722222232
