0 0.42888009414062495 0.45721739166666664 0.017193410156249977 0.022924549999999988
0 0.41311946796875 0.4572173916666667 0.022924546874999896 0.03820758055555551
0 0.43389483828125003 0.4686796673611111 0.021491764062499974 0.030566068055555562
0 0.40094080039062496 0.4623117361111111 0.024357333593749975 0.038207580555555565
0 0.307809820703125 0.44957587569444446 0.01576062734375 0.022924548611111095
0 0.2841688796875 0.45084946319444447 0.0315212546875 0.025471723611111052
0 0.292765585546875 0.4521230493055556 0.014327842968750004 0.02292455138888888
0 0.254796801171875 0.44957587708333335 0.021491764843749983 0.028018895833333335
0 0.225424721875 0.4457551173611112 0.02865568593750001 0.030566065277777776
0 0.20321656796874998 0.44702870347222223 0.035819607812500015 0.028018893055555605
0 0.35879970440244935 0.46261110489864865 0.05064383443834458 0.06937238479729735
0 0.4680280610747466 0.4928788264451951 0.0673222562288851 0.09532342819069067
0 0.10412392888513512 0.5323589701388889 0.20729268277027027 0.44320794861111124
8 0.22399193828125 0.3413210625 0.03152125312500004 0.030566066666666725
8 0.24691648906249997 0.3413210625 0.020058979687500006 0.04075474999999995
8 0.23115585859375 0.36806636875 0.03438682343749999 0.02801889305555555
8 0.28918362539062503 0.35915126319444446 0.03295403828125004 0.03566040972222223
8 0.43604401601562504 0.34132106111111116 0.020058980468750043 0.02037737777777776
8 0.483325898828125 0.35363237986111107 0.017193413281250014 0.01783020416666664
8 0.4295964859375 0.37146258402777776 0.032954040625000014 0.06877364583333334
8 0.472580015234375 0.3778305145833334 0.041550742968750054 0.04584909861111114
8 0.61729123046875 0.41731168194444446 0.03008847031249995 0.06367930277777778
8 0.49837013398437496 0.4415098173611111 0.012895060156249971 0.020377376388888813
