9 0.100964090234375 0.5363960944444444 0.007016808593749993 0.027720727777777676
9 0.1418954796875 0.5668888979166666 0.006237164062499995 0.0138603625
9 0.383975403515625 0.5343170430555555 0.003898227343750005 0.018018474999999978
9 0.10759107734375 0.5363960944444445 0.006237164062499995 0.030492799999999987
9 0.09394728125 0.5357030770833333 0.005457518750000001 0.02633469305555558
9 0.091998168359375 0.5703539895833334 0.0046778726562499845 0.018018473611111085
9 0.38865327656250004 0.5357030798611111 0.003898228125000014 0.018018473611111085
9 0.379687353125 0.5350100618055555 0.0031185828124999926 0.016632437499999986
9 0.4673974703125 0.5246147881944445 0.007016809374999988 0.02633469305555558
8 0.042490678125 0.5412472256944445 0.016372554687499992 0.020790545833333174
8 0.01286415078125 0.5467913680555556 0.0257283015625 0.020790544444444392
8 0.44127934648437506 0.54956344375 0.02027078203124999 0.008316218055555602
8 0.43816076640625 0.5370891145833334 0.010915037500000058 0.005544145833333292
0 0.350840469921875 0.6382697749999999 0.020270783593750008 0.04296712777777778
0 0.33329844726562496 0.6493580659722222 0.016372555468749994 0.054055420833333256
0 0.30912943632812495 0.6410418486111111 0.03820262890624998 0.1205851722222222
0 0.07289685390625 0.6651588743055555 0.0413212109375 0.05128334861111106
1 0.15281051679687502 0.6382697743055555 0.031185819531249992 0.07345993194444445
1 0.07094773984375 0.6417348659722222 0.1418954796875 0.08870633194444444
0 0.11577735625 0.6542091930555556 0.04132121250000001 0.06375767499999996
2 0.043660147265625004 0.6662677256944445 0.01091503671875 0.04851127638888897
2 0.010525214453125 0.6718118708333334 0.01949113828125 0.05959956666666677
2 0.6404787695312499 0.6510213243055556 0.04599908281249998 0.20097528194444447
0 0.22921577421875 0.6285675194444444 0.14813264375000001 0.24532844722222213
0 0.416330691796875 0.6736137041666668 0.13409902578125005 0.22453790277777774
