0 0.5155756076555587 0.700909718482621 0.016315165938882603 0.022205764743019496
0 0.4907312031199754 0.7054767526155905 0.018353375376647885 0.04125787794444702
0 0.4654068350763434 0.7095854779663042 0.041146518744085925 0.059743125475261616
0 0.41187243257387685 0.7308919610856507 0.0584121523830291 0.07350252217130149
0 0.3545742456152685 0.7226745124675565 0.050526440350917634 0.051366855294251224
8 0.376246345703125 0.6269657923611112 0.026815789843749993 0.04767251527777783
0 0.23474952963714746 0.7495199695453483 0.1582479967742949 0.09726698590930338
0 0.5784251133329253 0.6940671982946276 0.015843943425679408 0.02402293923800969
0 0.6013781364511154 0.7008864765906966 0.024199320272969116 0.041537530583487414
0 0.6282332020580159 0.7059722388634285 0.044531078696467996 0.11740803367524766
0 0.6796389401161436 0.7174692339356438 0.10216078179478705 0.1463359567601763
8 0.674454688530076 0.6133419746416188 0.027659880752347932 0.048916964605651314
