0 0.466387923828125 0.6165356041666668 0.0071751992187499836 0.02125984999999997
0 0.456820993359375 0.613346625 0.01674213046875006 0.02763780277777772
0 0.44486232851562496 0.6144096187500001 0.00956693203125003 0.017007879166666684
0 0.4364912624999999 0.6197245812500001 0.014350398437500023 0.027637804166666613
0 0.37917983587421566 0.6322020828074855 0.019240173506738678 0.046017466137123764
0 0.4085468114556995 0.6320160131437178 0.051739080723899045 0.07926631118722782
0 0.35114462828298865 0.6344925559834691 0.04695443000347732 0.06992966474471596
0 0.121380447265625 0.6973230277777778 0.18296756953124999 0.16582681666666654
0 0.029896661328125 0.6548033326388889 0.05979332265625 0.1062992430555556
0 0.50345978515625 0.6080316625000001 0.011958664062500013 0.01700787777777779
0 0.514820517578125 0.60909465625 0.020329730468749974 0.03188977083333344
0 0.527975046875 0.6090946576388889 0.017937996874999973 0.04039371250000001
0 0.5393357792968749 0.6133466270833333 0.019133863281249996 0.04039371250000001
0 0.5669205108054698 0.6194564376756344 0.043210798173439646 0.0621898468709533
0 0.488169779296875 0.613650342361111 0.02032973046875003 0.027637804166666613
0 0.7054177425878971 0.6424075667794468 0.13593238201170588 0.18921264999999998
0 0.8278416389225915 0.6819942835025034 0.22861595909518317 0.2572441652777777
0 0.93957055078125 0.6847181111111111 0.11599904843749986 0.36354340555555553
8 0.10523624921875 0.41297255416666667 0.014350398437499981 0.025511819444444472
8 0.09387551757812501 0.4321064194444445 0.022721463281250007 0.021259850000000025
8 0.11420524804687499 0.46931115486111113 0.044247058593749986 0.027637804166666613
8 0.611087768359375 0.5086418736111111 0.02391732890624987 0.01700787777777779
8 0.7013756855468749 0.4650591847222222 0.03468012734374992 0.023385830555555487
8 0.71751988359375 0.4076575909722222 0.023917329687499933 0.019133862500000043
9 0.27760544960937494 0.5638111722222223 0.016742130468750005 0.025511819444444472
9 0.30750211171875 0.38299027638888883 0.011958665625000031 0.0593032083333333
9 0.5472733398437499 0.4288111375 0.010762798437499943 0.04464568055555551
9 0.43665569101562496 0.5701891277777777 0.007175199218749928 0.02125984999999997
9 0.517376677734375 0.5627481812499999 0.008371064843750053 0.019133862500000043
9 0.09327758515625 0.5283072326388889 0.0287007953125 0.034015756944444475
9 0.323282582421875 0.3879922347222222 0.016742132031249968 0.05314962222222219
9 0.5580710453125 0.42307098472222227 0.009566931249999855 0.038267727777777816
9 0.7286813171875 0.48897651111111107 0.031092528124999963 0.03826772500000003
9 0.6250395675781251 0.5400001486111111 0.01674213046874995 0.021259849999999858
