8 0.661997221875 0.4188278284722222 0.015820301562500028 0.021093734722222257
8 0.6606788632812499 0.37851096228894554 0.03427732031250008 0.05295992180011333
8 0.787241276171875 0.3789841069444444 0.02373045234375004 0.03984372222222221
8 0.5987160152343749 0.4233734973451795 0.021093735156250015 0.03956006413480351
8 0.298130284375 0.4129684590277778 0.026367170312499966 0.06562495416666664
8 0.10235405156249999 0.4024215916666667 0.027685528124999984 0.044531219444444436
0 0.43260284765625 0.49617152708333334 0.02636717031249991 0.030468729166666708
0 0.41042170477550827 0.5013761952275302 0.025969228863298555 0.03620509326441812
0 0.5242287609375 0.4852243515993171 0.009228507812499953 0.021093734722222146
0 0.5337459081992368 0.4920193570725607 0.009519247119508134 0.028438593827384118
0 0.5425240709359685 0.49318033829887575 0.012180473735299291 0.04169320534356169
0 0.5596545611525798 0.49706721927528774 0.03154635531084937 0.0526113321533071
0 0.685068494921875 0.5324996284722222 0.11733390390624987 0.14062490694444446
0 0.7542823152343751 0.5711714743055556 0.14238271484374998 0.17109363194444455
0 0.21968795546875 0.5430464944444444 0.0936034515625 0.13828115555555553
0 0.12366951417132424 0.5922231010539267 0.1406209013448515 0.15694692155229772
0 0.39072598619870424 0.5173639703984836 0.02926702084360061 0.03849800565388867
0 0.5017448293344942 0.508767805346924 0.043649505393511756 0.06503628013829243
0 0.5723488457031249 0.5114131534880122 0.034277319531249906 0.042187470833333296
0 0.029094521875 0.5849947921551443 0.05818904375 0.2559469212452669
0 0.88545898125 0.5946089590277778 0.22807601562500002 0.400780973611111
8 0.351523801171875 0.44578093611111114 0.01713866015625004 0.028124980555555512
1 0.46028837578125004 0.4797652881944444 0.034277320312500026 0.06796870416666673
0 0.407854083635176 0.5097433831292344 0.017961736857781463 0.03972026362045977
