8 0.497551187109375 0.31863668888888885 0.027530210156250123 0.052001508333333335
8 0.413526693359375 0.4216200680555556 0.01433864921875 0.023451663888888863
9 0.345170438671875 0.43924646319444444 0.008029644531249991 0.017333834722222274
9 0.32480955390625 0.4525017472222222 0.012044467187500019 0.015294558333333375
0 0.3764026234375 0.4794294402777778 0.016059289062500037 0.026510572222222195
0 0.323062841015625 0.49421418333333333 0.022941841406249996 0.029569486111111154
0 0.29209135390624996 0.49931236944444446 0.033265670312499995 0.045883680555555584
0 0.361238409765625 0.4792933194444444 0.018927019531249978 0.027530211111111147
0 0.423627476171875 0.47215585972222224 0.01777992890625002 0.04996223333333327
0 0.43825290039062503 0.4701165861111111 0.02294184296874996 0.06627643055555554
0 0.45603282695312497 0.46297912430555554 0.02638311796874998 0.07443352916666668
0 0.5128138843750001 0.45839075347222225 0.1009441015625 0.17741690694444445
0 0.6069073035156249 0.438507825 0.16460771484375003 0.22330058888888893
0 0.23234985664062502 0.5282359145833333 0.09406155078125 0.08259062916666665
0 0.1916280875 0.55627594375 0.09864991875000001 0.12031721250000005
0 0.124523202734375 0.6200032833333333 0.13420977265625 0.14988669722222225
0 0.06254837304687501 0.7007812222222223 0.12445948984375 0.1836480444444445
0 0.81558247578125 0.41511279722222216 0.36706946406249996 0.3425981666666666
0 0.4016096765625 0.4798597729166667 0.022941840624999987 0.04792295694444443
0 0.35027730703125 0.4982132458333333 0.03039794062500001 0.047922958333333265
