0 0.31293511835937504 0.41381071041666667 0.020486752343750025 0.029136715277777725
0 0.340250787890625 0.41363727291666663 0.042339286718750035 0.046133131944444405
0 0.37029802265625 0.4099951819444444 0.028681453125000034 0.033992833333333305
0 0.38668742500000003 0.4148513020833333 0.03687615312500003 0.04370507361111109
0 0.40922285234375 0.4269915993055556 0.03277880468749994 0.043705070833333304
0 0.437904305078125 0.4269916006944444 0.03551037109374999 0.04856119027777778
0 0.5936036222656249 0.4925492076388889 0.10926267734375006 0.13111521250000008
0 0.273327396484375 0.4549142854166667 0.06419182265625001 0.07526984305555551
0 0.1708936375 0.47676681875000004 0.11062846249999998 0.12383103472222229
0 0.028425358203125 0.497405325 0.05685071640625 0.19910087777777785
0 0.8251039222656251 0.6273065097222222 0.34827478671875 0.3860614611111112
9 0.4638541921875 0.3347253388888889 0.010926268750000023 0.024280594444444414
9 0.33820211171875003 0.3383674298611111 0.01365783437500001 0.03642089305555557
9 0.3375192203125 0.38085847083333335 0.006828917187500005 0.02428059444444447
8 0.31908114374999996 0.3820724986111111 0.010926268749999968 0.03156477499999999
9 0.28357077304687506 0.39542682569444443 0.01365783515625002 0.024280595833333363
8 0.31470432578125 0.33872541944444445 0.027874603125000008 0.02256852222222222
9 0.515071071875 0.38814265000000003 0.012292051562500017 0.019424477777777727
8 0.9503225953125 0.1508930638888889 0.04742192500000009 0.09428920833333333
0 0.24772934492187498 0.43320604166666665 0.051165760156250045 0.07764993611111115
