2 0.8584674938399321 0.6758769788004422 0.04221510799236439 0.32235687148977343
2 0.802754261328125 0.66373583125 0.06531212578125012 0.2668807263888888
2 0.849057633984375 0.68193224375 0.07213578046875002 0.27901166805555555
0 0.4952023859375 0.5684212868055556 0.08968232187500003 0.13170737361111107
0 0.5858595156249999 0.571020773611111 0.042891545312499946 0.057188727777777726
0 0.07213578046875001 0.5120990548611111 0.1403723296875 0.10917847916666673
0 0.191549741796875 0.5198975180555555 0.10430443984374999 0.09011556944444438
0 0.257836675390625 0.5250964930555556 0.057513663281250044 0.06931966944444451
0 0.30414004765625 0.5268294854166666 0.04484116093750007 0.04852377083333337
0 0.334359091015625 0.52769598125 0.029244235156249965 0.04679077916666674
0 0.357754479296875 0.5268294854166666 0.019496157031250017 0.05545573749999999
0 0.37383880898437505 0.53029546875 0.01462211796874996 0.045057784722222216
0 0.382124675390625 0.5285624777777778 0.01949615703124996 0.045057788888888894
0 0.399671216796875 0.5337614520833334 0.017546541406250005 0.038125818055555594
0 0.425503624609375 0.5380939312499999 0.026319811718749975 0.025994876388888755
0 0.444999781640625 0.54069341875 0.02437019609375002 0.03465983472222223
0 0.5561278761718751 0.5580233354166666 0.01852134921875004 0.027727868055555605
0 0.542480566015625 0.5545573520833333 0.014622117968750015 0.02079590138888887
0 0.9514124578125 0.6169450541666667 0.09553116875 0.14557130555555564
