0 0.47971077109375 0.35706022708333335 0.05681311874999995 0.07112753472222222
0 0.5622187262588993 0.3847999659722222 0.07779576970529856 0.10669130416666667
0 0.066815428515625 0.39120144444444443 0.11922753046875001 0.06828243333333328
0 0.132030487890625 0.37328408105609434 0.07521736953125 0.06997594344336694
0 0.202446747265625 0.37344382699454204 0.08001847734375 0.061218212322417476
0 0.33609441631104725 0.34965647285372325 0.057579679877905465 0.05916512904077981
0 0.39489118515625 0.34567982222222227 0.021604989062500024 0.028451016666666662
0 0.41689626640625 0.35065875 0.019204434375000023 0.015648058333333326
0 0.24765718671875003 0.3549264013888889 0.012002770312499994 0.021338261111111145
0 0.1728399109375 0.3584827777777778 0.025605912499999994 0.019915708333333337
0 0.709363800390625 0.3421234444444444 0.037608683593749914 0.03271866666666662
0 0.74337165390625 0.34923619791666666 0.02880665312499986 0.029873565277777736
0 0.795783755859375 0.33927834375 0.10002309609375004 0.058324579166666723
0 0.8465954890625 0.33998961875 0.04000923906249998 0.04552162361111112
0 0.8866047277343749 0.34070089444444446 0.08001847734375012 0.06401478333333332
0 0.9546204328125001 0.33927834375 0.08962069375000004 0.08108539027777778
0 0.5466811272405809 0.33457402496716526 0.030707196029776784 0.04218362282878413
0 0.5089950230222186 0.3308519405999195 0.020936724565756792 0.039702233250620333
0 0.43289996171875 0.32409900552362947 0.035208129687500034 0.050726713825036684
0 0.38128804375 0.33643324236111116 0.016803879687500023 0.024183362500000027
0 0.40889441875 0.3321655902777778 0.01600369531250001 0.02133826111111109
8 0.53092259609375 0.25890422916666667 0.023205357812499994 0.017070611111111078
8 0.5537278625 0.2553478520833333 0.01920443437500008 0.018493159722222208
8 0.5881358078125001 0.04409907222222223 0.16643843281250004 0.08250794166666667
8 0.461306521484375 0.2987356479166667 0.03280757578125004 0.03129611527777776
8 0.49931529765625 0.2702846347222222 0.009602217187499984 0.022760811111111112
0 0.2884615242629134 0.3376757619398699 0.020936724565756792 0.02357320099255583
0 0.22017662536521132 0.34142624944077865 0.04026086479292271 0.028479173881557296
8 0.05779794818721043 0.3050339435767726 0.04678000574942085 0.026822098264656258
0 0.2664779634688687 0.35132340461977063 0.017447270471463994 0.02605459057071957
0 0.27938894361775213 0.35566583638155724 0.030707196029776673 0.02481389578163773
2 0.887949737662417 0.3376757619398699 0.022332506203473934 0.07320099255583135
