8 0.802402398046875 0.4113278423611111 0.017138658593750078 0.049218715277777714
8 0.795151426953125 0.44765594236111106 0.02373045234375004 0.014062490277777784
8 0.65380736793537 0.47105045176617266 0.011864143920595538 0.044665012406947924
8 0.4543557625 0.4617184326388889 0.02241209375000003 0.04218747083333335
8 0.45237822578125 0.4218747097222222 0.02373045312500005 0.03281247777777779
8 0.435898744140625 0.4992184069444444 0.022412094531249926 0.03749997500000002
8 0.395029631640625 0.47343717430555554 0.03559567890624998 0.037499973611111126
8 0.41941926328125 0.5261715131944444 0.01054686718750003 0.0210937347222222
9 0.5894875058593749 0.49218716180555555 0.007910150781250014 0.02343748472222229
9 0.5334572707031249 0.49453091041666664 0.003955075781249984 0.018749987500000065
9 0.47676785625 0.4851559166666667 0.009228507812499953 0.023437483333333287
9 0.45040068749999995 0.5308590104166666 0.006591792187500001 0.025781231944444483
9 0.6415626652343749 0.5414058777777777 0.003955075781249984 0.018749986111111228
0 0.49720241289062495 0.5503416502679085 0.01318358515625001 0.022559042202483726
0 0.45665321160782657 0.552133871968005 0.011166253101736912 0.02145598838045437
0 0.510776599410458 0.5613277395833334 0.02031253242908415 0.025781231944444483
0 0.46626480990983754 0.5812496006944445 0.02759788643032479 0.037499973611111126
0 0.41019075390625004 0.5718746069444445 0.015820301562500028 0.018749986111111117
0 0.3421122555499586 0.581085662063125 0.03332503577508289 0.019077864762639063
8 0.35152380234375 0.47343717500000004 0.030322245312499996 0.05624996111111119
8 0.2887585317450966 0.47996518805395755 0.028717399427693135 0.05256892666986268
0 0.613877137109375 0.5824214743055556 0.017138658593749967 0.05859370972222222
0 0.636289231640625 0.5894527194444444 0.03295896171875001 0.06796870277777778
0 0.6685890140624999 0.5847652229166667 0.04482418750000006 0.11015617361111119
0 0.7410987296875 0.5824214743055556 0.12919912968749991 0.20390610972222223
2 0.75889656875 0.6035152097222223 0.05932613124999997 0.19453111666666667
2 0.9731298203125001 0.5695308583333333 0.031640603125000055 0.16874988333333335
2 0.920395481640625 0.5578121166666667 0.021093735156250015 0.11249992222222216
2 0.8973242085937501 0.5578121166666666 0.0250488109375 0.12187491666666661
0 0.99224601796875 0.8465619111111111 0.014501943750000024 0.2531248249999999
0 0.4754962637170077 0.5554176974237409 0.020936724565756792 0.037220843672456594
10 0.7208048865457918 0.6472291118158005 0.07327853598014888 0.11166253101736967
