0 0.33114395703125 0.40822289791666666 0.02417109218750002 0.042970831944444454
0 0.297405140625 0.4180703798611111 0.05136357187499996 0.05908489305555553
0 0.267694838671875 0.4010610930555556 0.02215683515625 0.021485416666666646
0 0.24755226171875 0.40285154444444443 0.020142576562500042 0.025066319444444374
0 0.203238591796875 0.4162799291666667 0.04632792734375002 0.04834218611111113
0 0.15993205078125 0.410908575 0.02417109218750002 0.04118038055555551
0 0.10252570546875 0.4010610930555556 0.03222812343749999 0.02506631944444443
0 0.077347484375 0.40643244652777777 0.0402851546875 0.032228123611111104
0 0.059722729296875 0.41359425208333334 0.03726376796875 0.05371354027777775
0 0.022458961328125 0.41807038055555557 0.043306541406249996 0.06624669722222226
10 0.011491080085667309 0.45156445727438765 0.01935652110883462 0.10100672843766428
0 0.116625509765625 0.4341844423611111 0.07855605078125 0.06982760138888894
0 0.427324763671875 0.307957625 0.17020477734375 0.45119373055555556
0 0.5245126984375 0.43597489375 0.04028515468750005 0.06624669861111115
2 0.5760096103721903 0.42254650833333335 0.00980460894311952 0.05013263611111107
2 0.6485565720153355 0.42985229846545464 0.012528805182263403 0.0575824108197982
2 0.660088385305097 0.4307475241598991 0.011864143920595538 0.05579195943090931
2 0.777302042578125 0.4610412118055556 0.030213866406250012 0.1020557236111111
2 0.8568652226562499 0.4735743708333333 0.036256639062499985 0.10205572499999999
2 0.874993541796875 0.4825266277777778 0.048342185156250106 0.11279843333333334
8 0.692703218359375 0.2766247270833333 0.020142577343750023 0.04118037916666667
8 0.685653316015625 0.21933028541666666 0.024171092968749974 0.023275868055555593
8 0.6972352984375 0.2452918291666667 0.019135448437499925 0.010742708333333378
9 0.31805128203125 0.3151194298611111 0.008057031250000013 0.021485415277777753
9 0.309994251171875 0.3133289784722222 0.006042772656249973 0.025066318055555536
0 0.5693299328125 0.38852793402777774 0.023163964062500098 0.025066318055555592
