8 0.867342434375 0.20637680625 0.0647807640625001 0.10031306527777781
8 0.3558079882827645 0.2694375485403662 0.016051488833746907 0.028535980148883366
8 0.021593587890624998 0.2681870256944444 0.02639216328125 0.044786701388888905
8 0.11876473046874998 0.20527237569444445 0.023992874999999997 0.029857801388888855
9 0.512247883203125 0.2546699856656201 0.007197863281249939 0.016370581446537608
0 0.371289741015625 0.3821798520833334 0.015595369531249959 0.025592401388888908
0 0.30859106161191574 0.3882306441833345 0.019759535723831545 0.02916318836666898
0 0.28851432304687497 0.3917770013888889 0.01799465546875001 0.027725099999999947
0 0.271119488671875 0.3843125506944445 0.01919430078124995 0.03412320138888897
0 0.253124832421875 0.38751160069444446 0.026392163281249936 0.044786698611111175
0 0.5523101719823794 0.3883644271358434 0.05853099240225901 0.09341175149390901
0 0.8435495058593749 0.4197864576388889 0.20034050703124995 0.1812794986111111
0 0.036589134375 0.40094760277777775 0.07317826875 0.11232220555555555
0 0.016195190625 0.43044995694444443 0.03239038125 0.12156390000000006
0 0.19914086328125002 0.3977485513888889 0.09597150000000002 0.08744070000000004
0 0.35149561992187506 0.38388600347222224 0.026392163281249992 0.03412320138888897
0 0.3922835078125 0.38281965069444446 0.04078788749999995 0.053317498611111125
0 0.467861063671875 0.3753552020833333 0.045586461718750027 0.07251179861111107
0 0.6583644957031249 0.4094784013888889 0.16986956328125002 0.2260662
0 0.95384021875 0.4455819555555556 0.09231956249999995 0.22819889999999998
0 0.4409506681835089 0.37861868997957215 0.01325992555831268 0.048387096774193616
