0 0.47484321835937504 0.41348590555555553 0.01123150859374994 0.032169261111111125
4 0.5231387000000001 0.39819585887695175 0.08735617656250005 0.13082084830945906
10 0.018968765625 0.5666226729166667 0.03793753125 0.5453244069444445
2 0.258792673828125 0.4193096486111111 0.01435137109375001 0.07432208055555561
2 0.5788129137734387 0.46479032430555556 0.01669176192187738 0.22962194861111113
2 0.62912046640625 0.4692274645833333 0.03806233437500006 0.3094904569444445
2 0.225410133984375 0.45369747569444446 0.05116575859375 0.15973700972222227
2 0.28156767656250004 0.4531428340277778 0.044926034375000035 0.20299911527777775
2 0.32930135972664126 0.45022393537612465 0.035565986640782477 0.1483527846411382
2 0.40885810546875 0.4620171125 0.048669868749999956 0.22296624166666668
2 0.5910581316406249 0.4681181791666667 0.041182197656249975 0.2351683750000001
2 0.7089889703125 0.4403860611111111 0.028702743750000037 0.16195557777777786
2 0.834875461328125 0.5568609618055556 0.14538563828124995 0.6211994763888888
8 0.185319889453125 0.2512530048611111 0.039310278906250024 0.07432208194444442
9 0.448937212109375 0.33088381041666665 0.006239727343750001 0.015529987500000009
