0 0.6976790766947133 0.4898155921539206 0.015321632767134608 0.03813384155375721
4 0.7317492506961933 0.46444178125 0.030530967017386668 0.03465983472222223
0 0.715724563599634 0.5066685747600211 0.04719062892277459 0.054546639526494245
4 0.5895764288793393 0.4804939762810361 0.060673665757853046 0.07578344569691514
4 0.6584371227455135 0.4607107258928054 0.06540328107147309 0.13810918789672194
0 0.31632514609374995 0.4817716993055555 0.0809090515625 0.06238770138888888
0 0.25930886676804854 0.46543464623469055 0.09356159146390286 0.09210129802493666
1 0.470428526621966 0.4490621909722222 0.14684271418143197 0.27656230972222223
9 0.7330555 0.4089860472222222 0.00584884687499998 0.020795900000000034
0 0.7315398851100807 0.4922670533966622 0.013789469490421147 0.025604150757522703
0 0.7398135668043334 0.49199466881413534 0.015015200111791804 0.028327996582791004
