0 0.15742086835937502 0.3752363270833333 0.09208171796875 0.07866144027777777
0 0.49166554882812497 0.3933071944444444 0.011958663281250004 0.025511819444444417
0 0.5292004949382079 0.41385637252678353 0.08517621324858415 0.126137745053567
0 0.6005002527120712 0.44751980902777777 0.1219566695758576 0.17220477361111114
0 0.23156459218750003 0.37948829375000004 0.022721462499999984 0.07440947083333332
7 0.06816713390081415 0.33909457986111113 0.03316089436412831 0.12968507638888888
3 0.06811950932966107 0.37417333263888886 0.03545737959682215 0.09779530416666665
0 0.35548418046874997 0.43877565277777775 0.24127020625 0.38432282222222214
8 0.9569507441595356 0.2504870896924126 0.03808145543092878 0.09004960672628576
9 0.5329229421875 0.03295276597222222 0.022721464062499974 0.061653559722222216
9 0.561025803515625 0.28062999930555554 0.00956693203125003 0.021259848611111076
9 0.5628196042968749 0.3082678006944444 0.010762799218750008 0.029763787499999972
9 0.5544485390625 0.3103937854166666 0.008371065625000007 0.025511818055555524
8 0.19688446328125 0.23066935486111112 0.027504928124999994 0.04464568194444443
9 0.35115123789062497 0.1902756423611111 0.008371064843749998 0.04889765138888891
8 0.35055330429687503 0.1594488638888889 0.009566932031249975 0.025511819444444445
8 0.327233908203125 0.21259848402777778 0.010762799218750008 0.02551181805555558
9 0.14546220507812502 0.11161420486111111 0.013154530468750009 0.07015749861111112
9 0.006143759375 0.17645674166666667 0.0071751984375 0.05527560555555555
9 0.662076520703125 0.2689370826388889 0.013154530468750036 0.04464568194444443
0 0.7852507671875 0.5357581189969656 0.3838731375000001 0.46769678700606876
