9 0.32501606367187497 0.33914236736111114 0.011192607031249968 0.0367347097222222
9 0.367203582421875 0.3115913347222222 0.011192607031250024 0.04285716111111115
9 0.378396190234375 0.3115913347222222 0.0077487289062499465 0.03673471111111115
8 0.40293382851562504 0.31235664166666666 0.01205357734375001 0.01989796944444444
9 0.5656571414062499 0.1813776326388889 0.010331635937499972 0.050510226388888885
9 0.58588993125 0.3015307465277778 0.009470667187500004 0.02755103194444447
8 0.5841679921875 0.25943889166666667 0.014636487500000128 0.0168367416666666
9 0.4795601640625 0.3895409909722223 0.012053576562500001 0.019897968055555604
9 0.005596303515625 0.23954092430555557 0.01119260703125 0.047449001388888884
9 0.13215886054687498 0.4033165083333333 0.011192607031249996 0.01683674444444444
0 0.514859925 0.43928591180555554 0.03271685156250004 0.03673470972222226
0 0.47051998125 0.44081652430555557 0.030133940624999966 0.0336734847222222
0 0.39848169019223445 0.44021530838660283 0.02381252257196881 0.03247105288431679
0 0.427901977734375 0.4507655090277778 0.017219394531250043 0.019897968055555493
0 0.37260876954694344 0.4400542363066845 0.02873346231392776 0.03783830428171564
0 0.32701198203125004 0.4521091444444445 0.029272971874999998 0.03061225833333331
0 0.18673129139202055 0.45610293485098896 0.043559878153458936 0.05017571085357769
0 0.6983615489337884 0.5341317007158004 0.40535552599257696 0.38751459865382304
