9 0.014683213281250001 0.26531231111111114 0.01845701875 0.05156246666666667
9 0.1023540515625 0.3754684847222223 0.011865226562499998 0.037499975000000074
9 0.368662462109375 0.33328101388888887 0.009228510156250036 0.028124980555555568
9 0.5242287621093751 0.31687477569444444 0.009228510156250036 0.032812476388888956
9 0.673862448046875 0.38835910069444446 0.007910150781250014 0.021093734722222146
9 0.705503050390625 0.3918747229166667 0.007910150781250014 0.02343748194444445
9 0.11487845703125 0.3789841076388889 0.010546867187500003 0.030468729166666764
9 0.100376513671875 0.41414033333333333 0.007910150781249986 0.02109373611111115
8 0.1933743222444249 0.35020372475858164 0.02895788592988438 0.045760609864508694
8 0.19266160585937503 0.3977340951388889 0.023730452343750014 0.049218718055555555
8 0.31131386875 0.35570952714676374 0.018457018749999943 0.011392937373139234
8 0.30274453828125003 0.3660934909722222 0.019775376562500002 0.01874998750000001
8 0.3699286077717637 0.39656222013888887 0.011760801481027428 0.04218747083333335
8 0.421396801171875 0.39890596875 0.014501942968749959 0.037499973611111126
9 0.635630051953125 0.38835910069444446 0.010546867968749929 0.021093734722222146
8 0.6267058697413161 0.37286158422135984 0.015444205829271751 0.013156175336046183
0 0.7902688792671333 0.4493739340231803 0.09414003834073348 0.05843895973141722
0 0.8828222652343749 0.4350988393676386 0.07778314921875007 0.05886416848694492
0 0.6685890140624999 0.43523406805555553 0.03427732031249997 0.035156224999999985
0 0.6059633922714679 0.4315222548525911 0.017145848269564334 0.023829865294817676
0 0.38642690001990165 0.4800812431483572 0.09330874355184965 0.14357391344989595
0 0.955991159765625 0.4340621951388889 0.08701165859375004 0.05624996250000003
4 0.03775448671875 0.4481246854166667 0.07514643281250001 0.22968734305555555
