9 0.48857067304687496 0.18830187986111113 0.01639845234374998 0.06951822083333334
9 0.47469505820312496 0.19146180069444446 0.016398452343750092 0.053820559722222217
2 0.56110228671875 0.4246842270833333 0.030274065625000013 0.11661121527777785
0 0.032051526171875 0.48859614375 0.06410305234375 0.10988364583333332
0 0.470280091015625 0.48186857361111113 0.042888258593750006 0.17267429722222222
0 0.638679578515625 0.47065595694444445 0.04919535390624985 0.12782383333333336
0 0.808340483203125 0.4998087583333334 0.37842581484375004 0.5135378416666667
0 0.31512550781250004 0.4443023760573221 0.31535484375000006 0.6200655673298002
8 0.5352431882812501 0.1647553861111111 0.07946942187499995 0.035880372222222234
8 0.5311036320312499 0.3446374423611111 0.014912196875000006 0.024471295833333295
