9 0.25850817890625 0.16821838680555556 0.02081463125000005 0.0778355652777778
9 0.738329787109375 0.11441401458333333 0.027769658593750024 0.1148393597222222
9 0.096297585546875 0.4155483409722222 0.01507266484375 0.0331758152777778
9 0.11603559921875 0.41810032708333333 0.0157904109375 0.0331758152777778
9 0.764399478515625 0.4853026354166667 0.010048444531249978 0.022967873611111078
9 0.7453792078125001 0.4891306111111111 0.006459712499999992 0.017863902777777774
9 0.53902723671875 0.4918952486111111 0.005741968749999993 0.007655955555555538
9 0.53328526953125 0.5116731402777778 0.005741968749999993 0.006379961111111054
9 0.474071226171875 0.4836012965277778 0.006459713281250001 0.011483937499999985
9 0.5070875406249999 0.5084831590277779 0.0050242203125000495 0.010207943055555613
9 0.528978793359375 0.5199670909722223 0.007177460156249982 0.010207943055555613
9 0.502063318359375 0.5123111368055555 0.0035887304687499677 0.010207943055555613
9 0.442490401171875 0.5212430902777778 0.0035887304687500232 0.010207944444444395
9 0.23936828710937502 0.16141309722222222 0.019379141406249994 0.07400758611111112
9 0.270949111328125 0.15822311597222222 0.009330697656250053 0.06252364861111112
9 0.708056417578125 0.11866733541666666 0.030863077343749934 0.11356336249999999
8 0.126682167578125 0.35855399583333336 0.03516955390625001 0.021691877777777813
8 0.7588113187500001 0.5124934256944444 0.009330698437500007 0.019139890277777738
8 0.7579397640625001 0.5314510298611111 0.010048445312499932 0.012759929166666684
8 0.604700995703125 0.4995512076388889 0.009330699218750071 0.012759929166666573
8 0.5523055382812501 0.5327270229166667 0.0050242203125000495 0.010207943055555613
0 0.44930898945312503 0.5474009402777777 0.011483935156250014 0.024243861111111098
0 0.44249040234375 0.5499529263888889 0.012201681249999985 0.024243863888888884
0 0.43028871953125003 0.5505909222222223 0.0208146328124999 0.028071841666666653
0 0.41435385684424536 0.5502794198748804 0.020525730875990633 0.03765678141642759
0 0.401578880859375 0.5518669152777778 0.01937914296875004 0.03572780277777776
0 0.3764871530489448 0.5536144452966828 0.03666380922288959 0.046878818371143494
0 0.3426591030656189 0.5566667324558802 0.035040338943737814 0.06063935380064933
0 0.309348520703125 0.5569708875 0.057419680468749956 0.07145559999999995
0 0.47155911445312504 0.5454869513888889 0.01722590390624995 0.017863899999999933
0 0.49273262070312496 0.5448489555555556 0.016508158593750044 0.016587908333333345
0 0.6510207930068845 0.5905736739410794 0.07038947038876897 0.0876214617710479
0 0.237215049609375 0.5582468791666667 0.09474246953125001 0.09442347222222214
3 0.75294866522984 0.6207245696758986 0.04190053670968019 0.06498367546290851
3 0.8256642488281251 0.6151197201388889 0.02368561640625 0.04976372083333336
2 0.89779772109375 0.6036357854166666 0.022967871875000045 0.10080343749999998
0 0.948322288671875 0.6488423736111111 0.10335542265625008 0.1135633611111112
0 0.508881905859375 0.5403829798611111 0.012919428906250086 0.011483937500000096
0 0.5454834979837605 0.5549079470639474 0.009311770194328384 0.01986510974790079
0 0.5533053849469964 0.5575566283636675 0.010801653425420943 0.022513791047620857
0 0.5585199762558204 0.5595431393384576 0.009311770194328384 0.026486812997201015
0 0.5646657445840771 0.5621918206381777 0.008939299386555355 0.027811153647060993
0 0.5715564545278802 0.5635161612880377 0.010056711809874663 0.029135494296921083
0 0.5758398688172713 0.5641783316129677 0.011174124233194194 0.03045983494678106
0 0.5873864638582385 0.5678202684000829 0.022348248466388276 0.041716730470591434
0 0.5920423489554028 0.5724554606745931 0.02048589442752269 0.040392389820731345
0 0.5996780005147522 0.5774217381115683 0.020858365235295717 0.0450275820952416
0 0.6106658893440597 0.5810636748986834 0.026445427351892814 0.05231145566947193
