9 0.2480933363077915 0.39982864153439257 0.013208239884416995 0.0466521275132295
9 0.3111654926631985 0.1520186115290201 0.01933046188889692 0.087704250835818
9 0.6180454772118431 0.5079427091827875 0.013305477782236896 0.048230887771740893
9 0.5784059919281976 0.5109968084819633 0.01418606664736366 0.06867028932650321
9 0.348888103515625 0.1674500423611111 0.017551052343749984 0.09776586527777777
9 0.48637134882812505 0.20509382194884102 0.023401403906250007 0.11816404221342902
0 0.4292418286159112 0.6157646900062923 0.015098310306581986 0.018420127196528524
4 0.40747425471960275 0.6086408017767593 0.012589964083642158 0.021606403591796997
8 0.19023214999068633 0.4561681433931278 0.016589705692885814 0.030060655128214764
9 0.15915041726250156 0.5671885310003872 0.010157993900003104 0.019430200889663518
8 0.028288878125000003 0.5470728055555556 0.012870773437500004 0.0249614944444444
8 0.02419363125 0.5668339923611112 0.0163809828125 0.010400623611111048
9 0.347718033203125 0.5595535548611111 0.005850350781249958 0.020801245833333315
9 0.37989496328125 0.5647538666666667 0.00702042187499996 0.022881372222222196
9 0.48542470412137173 0.609259964286329 0.008913708944756626 0.020368078572657766
8 0.6027093319154919 0.4422519249380983 0.06637730600412928 0.03581295543175217
8 0.6110622303404318 0.3612489288655245 0.02851639028223696 0.02525954658165941
8 0.26522808671875 0.5803548027777778 0.023401403124999998 0.03744224444444444
