9 0.368586607421875 0.35135760208333333 0.009380219531250011 0.037549665277777755
9 0.483083165625 0.4345947354166667 0.009052153124999907 0.03200254583333334
9 0.230628705078125 0.4917218354166667 0.015086919531249993 0.02503310972222228
9 0.160223078125 0.4711589229166667 0.011063742187500003 0.02324503194444444
8 0.153685412890625 0.40589402430555555 0.024139072656249982 0.021456954166666653
8 0.5660612242187499 0.5033443534722222 0.016092712499999995 0.01609271527777778
8 0.704860888671875 0.3513576034722222 0.03218542890625009 0.09119205138888892
0 0.4671934280486706 0.5684356608143366 0.012695251505951688 0.02406991658570723
0 0.477048398046875 0.5757615680555557 0.019110099218749954 0.04649006388888888
4 0.509736723828125 0.5757615666666667 0.05230132265625004 0.08582781111111126
0 0.43329632929687495 0.5677152111111111 0.05230132265624998 0.0983443666666668
9 0.7049798797280404 0.5128155438618854 0.007808376481419188 0.027882779390437484
8 0.5749855625 0.4935934104166667 0.015820301562500028 0.018749987499999954
