0 0.084849277734375 0.6517605326388889 0.16799136796875003 0.2719426652777778
0 0.9078616589843751 0.6675429194444444 0.18327066171874995 0.303507438888889
0 0.803934277734375 0.5947011326388889 0.10379954453125007 0.12383103472222223
0 0.44562391541863866 0.5459400471979206 0.10558092927477736 0.07001393328473016
0 0.5742568190954582 0.5477458101943322 0.05062297645980096 0.050078311371878126
0 0.7633409125737127 0.546497028847909 0.018309184714646598 0.021833261157048534
0 0.6806979010388907 0.5360513441146952 0.013812141044171056 0.020366366690620974
8 0.35573545499631204 0.39884659290301094 0.02900653915384177 0.06552538497759486
8 0.89817333671875 0.38345995555555556 0.024584103124999812 0.06555760833333335
9 0.47546335078125 0.34582503402777776 0.012292051562500017 0.043705070833333304
9 0.532143365234375 0.45422055625 0.008194700781249953 0.03642089305555557
9 0.7848133085937501 0.37409459375 0.008194701562500017 0.03642089305555557
9 0.90363646953125 0.4627187638888889 0.016389401562500128 0.04856118888888894
9 0.490486969921875 0.4942835368055556 0.012292050781250063 0.01942447638888889
8 0.8988562285156251 0.43809129583333334 0.02594988671874998 0.014568358333333364
8 0.5410209578125 0.4878665159722222 0.012292051562500017 0.03156477361111104
9 0.7110610007812499 0.4927226347222222 0.008194701562500017 0.021852536111111043
9 0.6905742480468751 0.49029457430555556 0.005463133593749947 0.02185253472222226
0 0.6009438645790401 0.5437890923423496 0.013755572536815142 0.031441308655577704
0 0.6158784861904396 0.5427410487204969 0.016113670685983683 0.029345221411872457
0 0.6268829442198918 0.5409943093507427 0.012183507104036262 0.025851742672363898
0 0.6314026323391311 0.5381995263591357 0.011790490745841709 0.021659568184953515
0 0.6402455003985124 0.5388982221070375 0.005895245372920854 0.02026217668915009
0 0.644961696696849 0.53994626572889 0.009825408954867942 0.01676869794964142
0 0.6565556792635933 0.5364527869893814 0.011790490745841709 0.018166089445444844
0 0.755006276991371 0.5441384402163004 0.011397474387646933 0.020960872437051803
0 0.7497005561557423 0.5423917008465461 0.007860327163894398 0.02026217668914998
0 0.7402681635590689 0.5427410487204969 0.011790490745841598 0.018166089445444844
0 0.7347659345443428 0.5423917008465461 0.007860327163894398 0.016070002201739708
0 0.7267090992013511 0.5413436572246935 0.007467310805699734 0.013973914958034572
0 0.7196348047538461 0.5395969178549391 0.007467310805699623 0.011877827714329325
