9 0.26585312169553277 0.6496552152714632 0.013257364421434492 0.02951400556818473
9 0.4475848734375 0.6088239451388888 0.01488971562499991 0.037058848611111084
8 0.104972498046875 0.6789710513888889 0.016378688281249998 0.03441178888888885
8 0.24568031484375 0.6564710361111112 0.023823545312500027 0.021176486111111115
8 0.517417632421875 0.563823913888889 0.016378688281249998 0.015882363888888862
8 0.5062503453125 0.6233827784722222 0.04169120468749998 0.018529423611111095
0 0.3519938732332025 0.7462434038104009 0.019227613507091068 0.020721096509690784
0 0.3251512676897037 0.7464425292847128 0.020866757321864382 0.03170759190275885
0 0.311790667578125 0.7464710972222223 0.017867658593750002 0.031764727777777724
0 0.2969009515625 0.7477946277777778 0.023823545312499972 0.03441178888888885
0 0.10795044140625 0.7729417041666666 0.069981665625 0.047647091666666586
0 0.64040669609375 0.7292652034722222 0.06104783593749996 0.06617651527777779
0 0.26578143125 0.7557358097222222 0.04020223281249999 0.03441178888888885
0 0.41348741015625 0.7305887333333334 0.06700372187499998 0.09000006111111103
0 0.4857025328125 0.754412279861111 0.07147063749999999 0.1164706680555555
0 0.7041346625 0.7160299006944445 0.07891549531249997 0.09794124305555552
0 0.05943323734761835 0.7531162767143975 0.05335172469523671 0.0651727617621285
0 0.026057003125 0.7822064159722222 0.05211400625 0.05558827361111107
0 0.09020859005282339 0.735637384049669 0.023171032455924626 0.03929173366884997
8 0.517120118733958 0.5975161013111618 0.019931824605845305 0.021568737737726384
