0 0.063264478515625 0.5417880611111111 0.12652895703125 0.21099336944444436
0 0.4499958990709708 0.4531318805283147 0.03685441082427027 0.05497564781602027
0 0.39556427302379144 0.44754307533741655 0.018616172678456056 0.026537209291788877
4 0.49648335513612096 0.42376333795082183 0.03384094308474178 0.07116216192379088
4 0.8657571667968751 0.3502121118055555 0.26747964609374997 0.6835492347222222
0 0.6877513448969127 0.4825641187395288 0.13475441479382533 0.19625409303461316
0 0.5912837786484157 0.47087557099456845 0.07056100104683127 0.0977776642113592
0 0.5634032418159807 0.45487503789383155 0.0610664836319611 0.09438586745432981
0 0.40576419641570927 0.44025276715602374 0.01059634117775421 0.024977953878044468
0 0.35714904700827743 0.4629717355008489 0.018690529954054902 0.04263224322392006
9 0.46246437421875 0.38711919166666664 0.0060347671875000675 0.019668875000000086
8 0.60126403828125 0.3495695236111111 0.016092714062500124 0.05543046111111105
0 0.4770891151812996 0.4274314906273059 0.009904012226506997 0.024209807664794802
