0 0.625826636328125 0.4930361472222222 0.0370426976562499 0.0537227472222222
0 0.675054433984375 0.5250964923611111 0.05166481796875 0.06585368749999998
1 0.47326920937499994 0.4835046923611111 0.05361443124999993 0.07971762083333334
1 0.408444486328125 0.48177169999999997 0.06433731796875003 0.07625163611111108
1 0.565875954296875 0.45057784861111116 0.07506020390625001 0.062387702777777776
0 0.41429333476562497 0.5493583784722222 0.08968232109374996 0.09704753750000006
0 0.567338166015625 0.5441594006944445 0.10917847890624999 0.1594352375000001
2 0.203247434765625 0.5216305104166666 0.018521347656249992 0.09358155416666664
2 0.18618829804687498 0.5120990562500001 0.017546541406249977 0.06412069305555562
9 0.13501088554687501 0.4791722125 0.014622116406249996 0.032926841666666706
8 0.958236112109375 0.13344036319444447 0.03899231328124997 0.10744548750000002
8 0.678282197265625 0.3883160756944445 0.01638940234375008 0.02670865416666668
8 0.6195535078125001 0.4308071173611111 0.010926267187500005 0.019424476388888945
8 0.148358208984375 0.3361127958333333 0.01365783515625002 0.03399283333333336
8 0.147675317578125 0.38710204583333335 0.020486752343750025 0.0631295472222222
2 0.9725544458852979 0.5119583566791794 0.01905662465354252 0.05520931586869954
