8 0.24660007562828967 0.38676876355184375 0.023501995006579263 0.011977641392601102
0 0.3999026624570461 0.46637018858048146 0.014092048402979507 0.02578516700622946
0 0.38250522578125 0.4774215402777777 0.026367170312499966 0.044531219444444436
8 0.427988593359375 0.41062471041666665 0.017138660156249985 0.01406249027777784
0 0.46233370017905806 0.479852417233988 0.014995207581266434 0.0467312752696204
0 0.4654424452354237 0.4856674997130053 0.011772127816685463 0.056394695009543194
0 0.501816667578125 0.4903121548611111 0.051415980468749956 0.0749999486111112
0 0.5090676390625 0.5043746465277777 0.03691403750000005 0.07031245138888886
0 0.3159281234375 0.467540096049589 0.0250488109375 0.028124981944444516
0 0.2947615727333309 0.46684514595823373 0.021093735937500024 0.023437481944444505
0 0.273081473828125 0.4668746715277778 0.03164060390624995 0.032812476388888956
4 0.24407758671875002 0.4504684326388889 0.050097621875000026 0.0656249541666667
0 0.10169487187500001 0.44929655972222227 0.07119135781250002 0.06796870555555562
0 0.35469778947520736 0.4811537407080664 0.04985380551291474 0.07074560919391054
0 0.42642184688182916 0.48248458975168873 0.04040555377939531 0.06808391110666584
0 0.5466408554687501 0.5231246340277778 0.08305658281249995 0.09843743472222222
0 0.47525867272571365 0.4862497295626135 0.01983796855649539 0.05789193339757159
