9 0.51900604921875 0.07706694861111112 0.021525596874999997 0.10204727222222224
9 0.598531169921875 0.42360248125 0.008371064843750053 0.021259848611111132
9 0.63859269609375 0.4257284638888889 0.009566931250000077 0.01700787777777779
0 0.585974571875 0.47250013125 0.009566931249999966 0.02551181805555547
0 0.579397306640625 0.47250013125 0.015546263281250083 0.02551181805555547
0 0.5704283078125 0.47462611527777776 0.014350398437499967 0.03401575555555553
0 0.560263442578125 0.4767521 0.027504928906250115 0.038267724999999975
0 0.5453151109375 0.48313005555555555 0.028700795312500027 0.03826772777777787
4 0.5196039828125 0.4469883125 0.017937996874999973 0.03826772777777776
0 0.524985382421875 0.4895080090277778 0.021525596093749932 0.042519695833333426
0 0.4804954139307389 0.4809804352770679 0.09376340026352215 0.14877166777635814
0 0.431109863671875 0.5182088048611111 0.11360731484375003 0.12968507361111103
0 0.6033146359375 0.47037414722222226 0.010762798437500054 0.021259849999999914
0 0.61168570078125 0.47462611736111116 0.015546264062499926 0.025511818055555524
0 0.6523451609375 0.48313005555555555 0.037071860937500034 0.0467716666666666
8 0.6912108203125 0.4129725548611111 0.009566931249999966 0.0170078763888889
8 0.7913646390625 0.36088592638888894 0.010762796874999925 0.014881894444444488
8 0.79674603828125 0.3906497145833333 0.011958665625000142 0.010629923611111147
8 0.78538530625 0.38001979027777777 0.010762798437499943 0.014881894444444377
8 0.7919625722656249 0.4597442222222222 0.011958663281249948 0.012755908333333288
2 0.71602505078125 0.4693111534722222 0.013154531250000101 0.031889770833333275
2 0.36234754140625003 0.5277757368055556 0.02152559687499994 0.1573228791666667
2 0.30853354921875 0.3247441847222222 0.03587599375 0.023385833333333328
9 0.28641002031249996 0.38427175902777777 0.02272146250000001 0.03614174027777772
2 0.24455469335937502 0.5405316458333334 0.02511319453125005 0.14881893888888897
2 0.264286490625 0.5385651118055557 0.02152559687499994 0.16614571805555556
2 0.2846162203125 0.5288387298611111 0.023917328125000026 0.17220477083333335
2 0.310327349609375 0.5394686534722222 0.027504930468749966 0.13818901527777777
2 0.380883471875 0.5426576305555556 0.02511319687500002 0.1658268166666666
