0 0.531034969921875 0.38437486527777776 0.015820307031249925 0.022499991666666663
8 0.612773223046875 0.3824998645833333 0.010546871093750076 0.0262499902777778
0 0.485156079296875 0.3948748652777778 0.016874994531249965 0.02624999166666664
0 0.47566389609375004 0.40424986458333334 0.01476562031249995 0.01874999305555558
0 0.47039046054687494 0.41549986041666664 0.01898436796874997 0.026249990277777746
0 0.461425619921875 0.4276873541666667 0.024257803906249986 0.024374991666666734
0 0.448769375 0.4351873527777778 0.03058592656249992 0.035624988888888875
0 0.437695158984375 0.4501873458333333 0.03585936171875004 0.04312498333333331
0 0.406054544921875 0.45581234444444446 0.06539060078124992 0.05437498055555556
0 0.384960802734375 0.4829998354166667 0.06539060234375005 0.05624998194444447
0 0.5644334171875 0.3953123645833333 0.03902342343749998 0.020624990277777755
0 0.573398258203125 0.40937486180555555 0.05906247890625005 0.03374998750000002
0 0.577089663671875 0.42343735625 0.06855466484374995 0.028124990277777706
0 0.572343571484375 0.45062484722222224 0.07382809921874989 0.03749998611111105
0 0.592382626171875 0.4618748430555556 0.08648434609375011 0.04499998333333338
0 0.602929497265625 0.5068748263888889 0.10546871328125007 0.05249998333333328
0 0.32836365273437496 0.5384998111111111 0.08648434453125003 0.08624996944444452
0 0.246625400390625 0.5750622993055556 0.15082026015625 0.11437496250000001
0 0.6197737058593751 0.5469373027777777 0.13183589140624996 0.08812496944444448
0 0.92917936171875 0.5209885337142721 0.13921870156249994 0.19822736187298878
8 0.153456977734375 0.4856248298611111 0.026367177343749992 0.059999979166666606
