8 0.114216114453125 0.5836633312499999 0.05405902421875 0.05826492361111113
8 0.11177929960937501 0.6255919923611111 0.01799465703125 0.0383885986111111
8 0.294175208984375 0.6281834423611111 0.04482418828125001 0.07769469861111111
9 0.399072145703125 0.6394545416666667 0.012040103906249988 0.04478669999999996
9 0.41229006015625 0.64585264375 0.009597150000000054 0.04905209861111115
8 0.397294512890625 0.6533170930555556 0.13076116953125 0.0938388
8 0.5094612046875 0.6586488395833333 0.016795014062499947 0.01492889861111113
8 0.5022633414062501 0.6895729888888888 0.031190739062499973 0.055450199999999894
9 0.59763501953125 0.6437199423611111 0.013196081250000047 0.0533175013888888
9 0.48606815078125 0.7898098930555555 0.008397506250000075 0.02559240000000018
9 0.468073494921875 0.7684828909722222 0.008397505468749955 0.025592401388888852
8 0.10757121249999999 0.6615568638888889 0.011977771875000001 0.025010344444444388
8 0.2437401125 0.6693123388888889 0.015595368750000005 0.027725099999999947
8 0.24074100234375 0.7034355388888889 0.01199643750000004 0.027725099999999947
9 0.046398716796875 0.6298573916666667 0.01439572578125 0.038388599999999995
9 0.017607265625 0.6213265944444444 0.016795014062500002 0.03412320000000002
0 0.324116244140625 0.8090041923611111 0.020393944531249986 0.029857801388888938
0 0.30972051796875 0.7908762416666666 0.015595368750000005 0.07464450000000011
0 0.39969380078125 0.8361831706925515 0.02279323124999999 0.043746239170452395
4 0.5406519414062501 0.7876771916666667 0.07437791250000003 0.08104260000000008
0 0.43388364765625 0.8132695909722223 0.038388599999999995 0.055450198611111
0 0.36970270703125 0.8281984923611111 0.03958824375000003 0.05971560138888887
0 0.18975614296874999 0.7716819430555557 0.02519251875000003 0.023459699999999972
0 0.172961131640625 0.7706155909722223 0.03239038203125 0.029857801388888938
0 0.153766830859375 0.7951416430555556 0.04918539453124998 0.05758289999999988
0 0.1133382515625 0.7716819409722222 0.036470343749999995 0.05331750138888891
0 0.258135837890625 0.8132695923611111 0.11156686796875001 0.15781980138888896
0 0.5226547513375746 0.8803403856414442 0.10556358080014899 0.15931790927266698
0 0.624027181640625 0.9009126606544577 0.0947718570312499 0.10277433797558211
8 0.225620568359375 0.6173200020833334 0.023730452343750014 0.04317161805555547
0 0.878893731640625 0.7268348437890403 0.24221253671874998 0.5439592957552528
