8 0.12461461640624999 0.3814287388888889 0.012053578125000006 0.01530613055555552
8 0.36869954726562504 0.5061736979166667 0.011192607031249968 0.019897968055555548
8 0.22663953398437497 0.5214798256944444 0.00774872890625003 0.016836743055555492
8 0.23117038476562501 0.6176023180555555 0.012914547656249997 0.018367355555555465
8 0.31037960429687506 0.5709186229166667 0.011192607031249968 0.016836743055555492
9 0.2811681296875 0.5900513104166667 0.006887757812500062 0.019897968055555437
9 0.1287764796875 0.41709204652777776 0.017219395312499997 0.044387776388888855
1 0.33047439921875 0.6130104791666666 0.05423008437500004 0.07193880833333333
1 0.399263973046875 0.5992349625 0.09642861484374998 0.06581635555555554
9 0.22800045859375 0.5397889055555556 0.006887757812500034 0.01530613055555552
9 0.30247434492187497 0.47703377361111116 0.007748727343750039 0.039795936111111097
9 0.29257319296875 0.49387051527777776 0.006887759374999969 0.030612258333333364
