0 0.6941494441925309 0.3925195402777778 0.07688424619756162 0.09859791666666673
0 0.464400849609375 0.36277375625 0.024571474218749945 0.033281995833333355
0 0.635816128515625 0.36589394444444445 0.03042182421875006 0.022881372222222196
0 0.489557362890625 0.36485387569444444 0.007020432031249968 0.0208012486111111
0 0.478441691796875 0.3617336875 0.017551052343750095 0.031201872222222204
0 0.297080815234375 0.3586135013888889 0.022231333593750013 0.05408324444444451
0 0.53600915078125 0.3644378659722222 0.012870771875000075 0.012480748611111037
0 0.5471248171875001 0.3623577402777778 0.009360560937499929 0.012480744444444525
0 0.518809123046875 0.3644378555555555 0.01404084140625006 0.01664099722222223
0 0.569122140234375 0.36131766875 0.01404084140625006 0.01040062361111116
0 0.556836402734375 0.3644378576388889 0.010530630468750024 0.012480748611111092
8 0.6109838226562501 0.34426064444444443 0.008190490624999991 0.01872112222222222
0 0.319429156640625 0.3551813 0.018721122656249978 0.022881372222222196
0 0.339905383203125 0.3583014861111111 0.022231332031249995 0.020801247222222152
