8 0.502513444140625 0.25734927013888886 0.01852134765625002 0.032926843055555544
8 0.5103119074218749 0.31020551875 0.12185098046874993 0.07971762083333328
8 0.5107993109375 0.36219527013888886 0.09553116874999995 0.01732991805555556
8 0.584884707421875 0.43844690694444444 0.07603501328125006 0.08664958611111112
8 0.379200251953125 0.32320295833333335 0.12087617265624995 0.1022465111111111
0 0.50007642578125 0.6368744590277777 0.15012040781250002 0.20276003194444447
1 0.192037145703125 0.4991016173611111 0.38407429140625 0.9982032347222222
0 0.39479717812500004 0.5701542777777777 0.03509308125000005 0.11091146944444452
0 0.42209179726562496 0.5649553027777778 0.04094192890624998 0.06238770277777783
0 0.4328146828125 0.5268294847222221 0.027294620312500018 0.01732991666666661
0 0.49130315390625 0.5285624763888889 0.019496156250000007 0.017329916666666723
0 0.5142111390624999 0.5224970055555556 0.012672503125000012 0.01906290833333335
0 0.45377305234375 0.5311619631944444 0.00877327031249997 0.015596926388888765
