0 0.8534410940281623 0.6533284960072402 0.2876956463186755 0.5638711170144803
0 0.750651349609375 0.5549999104166666 0.28916308046875006 0.35542366249999996
0 0.600063454296875 0.5226712404540508 0.09095337265624992 0.2105894996474541
0 0.556302869140625 0.5234744861111111 0.0480508382812499 0.11440675833333336
0 0.539141855859375 0.5166100791666667 0.030889824218750084 0.0915254055555556
0 0.5241259687500001 0.5066948263888889 0.028315671874999948 0.0869491361111111
0 0.509968132421875 0.49983042083333334 0.024025419531250092 0.06101693611111114
0 0.499242498828125 0.4929660159722222 0.018019064843749932 0.050338973611111115
0 0.4859427128906251 0.48305076319444445 0.01544491171875001 0.03661016250000004
0 0.47478805390625 0.4792372041666667 0.010296607812500025 0.019830502777777814
0 0.467065598046875 0.48076262847222223 0.006864405468750001 0.01372881250000002
0 0.308612233984375 0.4965253298611111 0.018877114843749987 0.019830504166666596
0 0.28844804296875004 0.49576261805555555 0.016302964062500036 0.024406775000000047
0 0.26957092773437497 0.49805075277777777 0.019735166406250004 0.022881349999999967
0 0.18848513828125 0.5064405819444444 0.01716101406249998 0.024406775000000047
0 0.12656247578125002 0.5125422756944444 0.035180078124999986 0.0366101625000001
0 0.39985161874999997 0.48279651875 0.013728810937499947 0.01372881249999991
0 0.41958678437499997 0.4820338055555556 0.006864404687499992 0.012203386111111048
0 0.428167291015625 0.48279651875 0.012012708593749977 0.0167796569444445
0 0.21794487499999998 0.5011016 0.04118643281250001 0.03508473888888891
0 0.014157836328125001 0.5290677097222222 0.028315672656250002 0.08999998055555553
0 0.04118643281250001 0.5173727909722222 0.024025418750000006 0.050338973611111226
0 0.08880824609374999 0.51584736875 0.03689617968749999 0.050338973611111115
0 0.4564829640625 0.48025415069444444 0.012012709374999986 0.013728812499999965
0 0.4410380515625 0.4802541486111111 0.010296607812499914 0.019830505555555544
0 0.36612325814123725 0.514480408858603 0.07775333059252554 0.09540034071550252
8 0.187055049609375 0.4604236569444444 0.012012710156249995 0.004576269444444447
8 0.1467266671875 0.40245756666666666 0.027457621875000005 0.013728811111111128
8 0.6900157765625 0.2911016444444444 0.02145126718750001 0.025932200000000016
9 0.186626023828125 0.3978812958333333 0.004290253906250013 0.016779658333333336
9 0.323056083203125 0.3905084 0.00943855859374998 0.018305080555555575
9 0.45562491328125 0.39508466875000003 0.006864404687499992 0.01220338472222221
9 0.40886115156249997 0.44694906874999996 0.006006354687499993 0.012203387499999996
9 0.423448012109375 0.45762703055555554 0.006006353906249984 0.012203386111111103
9 0.459057116015625 0.45457618680555556 0.005148303906249985 0.012203387499999996
8 0.4723569015625 0.43932195208333336 0.007722456250000009 0.006101693055555524
8 0.520836765625 0.42025415902777774 0.01029660781249997 0.007627118055555604
