0 0.7922271698466781 0.5317243483567575 0.396273939693356 0.2823775383801817
0 0.6476870066392941 0.5092524623107135 0.15025050390891181 0.1564947031563505
0 0.56566387578125 0.49686319554348857 0.07804684687499996 0.11127323946857853
0 0.506513494140625 0.48468733124999996 0.04007811015624996 0.07687497361111112
0 0.478036941015625 0.4790623319444445 0.033749988281249976 0.06562497500000003
0 0.451669763671875 0.46968733472222224 0.021093742968749996 0.039374986111111066
0 0.42793930312499995 0.47062483541666666 0.026367178125000057 0.03374998750000002
0 0.410536966796875 0.4696873368055555 0.02109374296874994 0.02812499027777776
0 0.393134628515625 0.4771873340277778 0.01371093359375003 0.024374993055555516
0 0.37520494609375 0.4715623354166667 0.01792968125000005 0.024374993055555516
0 0.35411120390625 0.475298126064736 0.02214842968749997 0.030664395229982933
0 0.329062384765625 0.4741280344915294 0.021093742968749996 0.03981888842750336
0 0.303222549609375 0.47859358194444446 0.024257803906249986 0.02999998888888894
0 0.2657811578125 0.4804685819444444 0.01898436874999998 0.022499991666666663
0 0.24837881875 0.47015608472222226 0.02003905625000002 0.03937498888888896
0 0.2283397640625 0.4804685819444444 0.0221484296875 0.022499991666666663
0 0.1655858796875 0.48703107986111105 0.014765620312499977 0.02812499027777776
0 0.108105430859375 0.4879685805555556 0.07277341171874999 0.056249980555555634
8 0.542988101171875 0.3521873798611111 0.05589841796875006 0.10687496249999995
0 0.0344223484375 0.5038830086598524 0.0537890421875 0.05526635065303814
