9 0.40512550273437503 0.3676775708333333 0.005463133593749947 0.029136713888888888
9 0.5376064988281251 0.38953010625 0.005463135156250076 0.029136715277777725
9 0.46658575859374996 0.44051935555555555 0.010926268750000023 0.019424477777777782
9 0.31361801015625 0.4113826409722222 0.008194701562499962 0.019424476388888834
9 0.304057525390625 0.4356632368055556 0.010926267968750014 0.019424473611111104
9 0.290399691015625 0.43202114722222223 0.010926267968750014 0.021852536111111154
9 0.3525428390625 0.44901756388888886 0.009560484375000011 0.021852536111111154
9 0.429709605078125 0.4514456229166667 0.01638940234374997 0.0121402986111111
8 0.31293511796874995 0.3761757770833333 0.015023617187499949 0.01214029583333337
8 0.35937175624999995 0.3798178659722222 0.028681453124999978 0.014568356944444416
8 0.689891357421875 0.4380912965277778 0.006828916406250052 0.01942447638888889
8 0.8189578945312501 0.38953010486111117 0.013657834375000122 0.0339928347222222
8 0.693305816015625 0.4125966715277778 0.01092626796875007 0.02670865694444452
8 0.82442102890625 0.41502473055555555 0.013657835937499918 0.016996416666666625
8 0.28766812421875 0.39074413402777775 0.013657835937500029 0.012140295833333314
8 0.308837767578125 0.4004563715277778 0.015023617968750014 0.01214029583333337
8 0.585408921484375 0.40531249027777777 0.013657835156250075 0.016996416666666736
8 0.8148605449218751 0.4987927833333333 0.008194700781250064 0.029136713888888888
8 0.54170385 0.451445625 0.010926268750000023 0.021852536111111043
0 0.39624790976562496 0.4684420395833333 0.015023619531250032 0.016996415277777788
0 0.401028153125 0.46965606875 0.016389401562500017 0.014568356944444472
0 0.41400309609375 0.4684420395833333 0.015023618750000023 0.016996415277777788
0 0.4269780375 0.47208412847222225 0.010926267187500005 0.019424476388888945
0 0.44063587343750005 0.47329815833333333 0.016389401562500017 0.021852536111111154
0 0.4604397328125 0.47815427777777775 0.01775518437500001 0.026708652777777786
4 0.49526721171875004 0.4817963673611111 0.030047235937500028 0.043705070833333304
0 0.505510587890625 0.4915086055555556 0.017755185156249964 0.019424477777777782
0 0.519168423046875 0.4830103951388889 0.02048675234374997 0.016996412499999947
0 0.51643685546875 0.49515069375 0.015023617187499894 0.021852534722222205
0 0.53555782421875 0.4987927833333333 0.025949885937500028 0.029136713888888888
0 0.55536168515625 0.49636472291666667 0.024584103124999923 0.033992834722222254
0 0.574482653125 0.49757875347222225 0.03277880312500003 0.04127701249999999
0 0.605212780859375 0.50486293125 0.02868145234374997 0.0412770097222222
0 0.681013764453125 0.5133611402777778 0.04643663828125 0.05827342777777772
2 0.482975160546875 0.48301039791666667 0.005463133593749947 0.036420893055555625
7 0.4754633515625 0.47572621944444443 0.009560484375000011 0.021852536111111154
5 0.47478046015625003 0.49272263402777783 0.013657835937500029 0.016996415277777788
7 0.45156214179687504 0.48075578263888885 0.008194700781249953 0.019424476388888945
5 0.45224503281249995 0.49150860486111114 0.012292051562500017 0.014568356944444416
0 0.38805320781249997 0.4878665152777778 0.015023617187500005 0.026708652777777786
0 0.6304797765625001 0.5060769611111111 0.04370507031250004 0.04856118888888883
4 0.7260846191406249 0.5145751694444445 0.07648387421875003 0.07041372777777788
2 0.7882277671875 0.5182172590277778 0.012292051562500017 0.06798566527777777
8 0.993778180859375 0.19042922569444445 0.01092626796875007 0.08255402361111114
2 0.37234669960937505 0.47815427777777775 0.008194700781250008 0.026708652777777786
2 0.36961513242187494 0.4793683083333333 0.008194700781250008 0.029136713888888888
2 0.317715361328125 0.4611578604166667 0.010926267968749959 0.016996415277777843
2 0.3382021125 0.45144562222222223 0.010926268750000023 0.01699641388888884
2 0.330007411328125 0.4575157729166667 0.010926267968749959 0.014568356944444416
9 0.6837453308593751 0.4502315944444445 0.010926267968749959 0.01942447499999994
