0 0.15546264140625 0.3874607368055556 0.08849411875 0.06803151527777779
4 0.057401590625 0.3715158506944445 0.11480318125 0.13818901527777777
0 0.22960636250000002 0.37151585 0.057401590625 0.04889764999999996
0 0.250534026171875 0.36938986458333334 0.05142225859375002 0.0531496208333333
0 0.289997619921875 0.3619489180555555 0.034680127343750033 0.038267727777777705
0 0.459212725 0.3619489194444444 0.04065945937500004 0.059527575
0 0.556077909375 0.31730323819444445 0.011958664062500013 0.01275590972222218
0 0.575211773828125 0.34813001805555555 0.040659460156250105 0.061653561111111144
0 0.6027167023437501 0.34813001805555555 0.021525596874999997 0.061653561111111144
0 0.648159628515625 0.37045285833333336 0.08849411953125008 0.16157484722222226
0 0.6939015203125 0.32155520694444445 0.01435039687500006 0.03401575555555558
0 0.7220043828125 0.35769695 0.07055612187500004 0.11480318055555555
0 0.765653509375 0.3810827826388889 0.093277584375 0.1275590902777778
0 0.888187114453125 0.40059628680555553 0.21286423203125004 0.26787409027777775
0 0.9533226512246621 0.44617597276651655 0.09200334619932415 0.32926967608858854
0 0.5172122492187501 0.3709843555555556 0.09686518437500002 0.15307090833333337
0 0.389254537109375 0.42972972972972967 0.17340063828124996 0.1963963963963964
0 0.30016248515625 0.4124410611111111 0.08371065312499998 0.12118113611111109
9 0.6206546996093749 0.2657481048611111 0.0071751992187499836 0.01700787916666663
9 0.6148397957031251 0.26723628819444445 0.00956693203125003 0.031889773611111116
