0 0.530088526171875 0.37992134722222226 0.02456388046875002 0.0262014722222223
0 0.5771108121093751 0.3780498138888889 0.028774832031250086 0.03493529722222222
0 0.6181675828125 0.38553594861111107 0.03368760781250002 0.04242143055555553
0 0.6679971687499999 0.37992134791666665 0.015440153125000022 0.023706093055555544
0 0.686244622265625 0.3811690368055556 0.02105475390625 0.028696851388888944
0 0.72379226953125 0.37929750277777774 0.05404053906250006 0.054898322222222184
0 0.45534414921875005 0.39549549549549545 0.05895331250000002 0.07747747747747752
9 0.48868084296875003 0.30256461944444446 0.011931026562499947 0.028696849999999996
9 0.589392752734375 0.3044361534722222 0.009825553906250062 0.022458404166666668
0 0.553248755859375 0.3668206131944444 0.011931025781250049 0.019963026388888916
0 0.9674406921875001 0.49158952777777776 0.06253680781249993 0.18715337222222223
0 0.508092951953125 0.3652943673611111 0.013400744531249953 0.021176484722222222
