9 0.41733720820312503 0.33906033333333335 0.007020421093750007 0.020801247222222208
8 0.46999036484375 0.3203392118055556 0.00936056093750004 0.04992299305555553
0 0.5349292593749999 0.3661019541666667 0.019891192187499906 0.020801247222222208
0 0.4840312078125 0.3640218298611111 0.014040842187500013 0.01664099861111107
0 0.449514137890625 0.37234232777777776 0.019891192968750027 0.029121744444444486
0 0.40095622499999994 0.3827429534722222 0.011700701562499971 0.01664099861111118
0 0.375214683203125 0.3733823909722222 0.04446266640624996 0.031201870833333367
0 0.342452717578125 0.37546251597222224 0.030421824218750004 0.027041620833333335
0 0.31437103359375 0.3702622020833334 0.037442245312499955 0.0332819958333333
0 0.273418577734375 0.3723423284722222 0.05616336796874999 0.0457627430555555
0 0.189173526171875 0.37650257777777774 0.05616336796874999 0.03744224444444444
0 0.08386721093749999 0.3827429506944444 0.09828589375 0.058243493055555484
0 0.23422122695312503 0.3806628263888889 0.026911613281249996 0.02912174722222216
0 0.46296994453124996 0.3785827013888889 0.018721121875000024 0.024961497222222184
0 0.42786784062499994 0.37442245208333336 0.018721121875000024 0.016640998611111124
