2 0.225579198046875 0.5106180194444445 0.01935663046874997 0.08735300000000007
2 0.45800767421875 0.563559232638889 0.06849269375 0.3097060930555556
9 0.01191177265625 0.17602953194444443 0.017867659374999997 0.08205888055555552
9 0.32563808515625003 0.39044144305555556 0.010422801562500028 0.04500003055555557
9 0.39040836171875 0.3970590944444444 0.008933829687500006 0.042352969444444444
9 0.343952440625 0.18264718333333335 0.06253680781250004 0.11647066666666668
9 0.321617866796875 0.4420591256944445 0.011911772656249986 0.021176484722222277
9 0.36405355742187495 0.021176484722222222 0.040202233593750025 0.042352969444444444
0 0.09752764023437499 0.5016179895833334 0.05509194921874999 0.03441178750000007
0 0.198777709375 0.52147094375 0.06104783593749996 0.0529412125
0 0.1280515578125 0.5254415354166667 0.08338240937500001 0.06617651527777785
0 0.44773375703124996 0.5108827013888889 0.12954052968750002 0.07941181944444442
0 0.54660148515625 0.5122062319444445 0.04913606250000002 0.05029415277777782
0 0.663187943359375 0.505588579861111 0.029779432031249997 0.037058848611111084
0 0.71232400625 0.49102974652777776 0.023823545312500083 0.023823545833333293
0 0.6091382921874999 0.5002944590277778 0.08784932499999998 0.07941181805555558
0 0.045413633984375 0.5241180041666667 0.09082726796875 0.09000006111111108
