0 0.430904685546875 0.5159626458333333 0.012292050781249952 0.021852536111111154
0 0.411783716796875 0.5196047361111111 0.025949886718750037 0.0242805972222222
0 0.44456252148437503 0.5135345868055555 0.020486752343750025 0.03642089305555557
0 0.36602997109375 0.5450993597222222 0.06828917343750002 0.0752698444444444
2 0.33162928984375 0.5038223486111111 0.008706889062500056 0.021852536111111154
2 0.21169643867187501 0.5268889138888888 0.016389400781250008 0.058273427777777775
0 0.268376451953125 0.5730220465277778 0.13521256328125003 0.1651080486111111
0 0.525826637890625 0.5159626479166667 0.02458410234375008 0.0315647736111111
0 0.48348735 0.5414572715277778 0.07375230937500005 0.11654685694444455
9 0.501925426171875 0.4115560847222222 0.006828919531250033 0.02670865
9 0.508754342578125 0.41277011458333335 0.0068289148437499225 0.02913670972222221
9 0.41383239375 0.38970355069444446 0.01092626718749995 0.026708654166666568
9 0.407003475 0.3884895222222222 0.010926267187500005 0.029136711111111102
8 0.35510370234375 0.40184384930555556 0.03277880468749994 0.012140295833333314
9 0.57226327578125 0.47589966388888894 0.013657835937499918 0.019424475000000052
9 0.6057249707031249 0.4625453361111111 0.015023619531249977 0.016996416666666625
8 0.692452221875 0.4030578798611111 0.013657837499999936 0.06312954861111114
0 0.55860544140625 0.5305310027777779 0.03277880468750005 0.07526984444444451
0 0.5620199007812501 0.5426713006944444 0.028681451562499904 0.0752698458333333
0 0.594798703125 0.5463133895833333 0.06692339062499997 0.1214029763888888
0 0.624845940625 0.568165925 0.07511809375 0.1262590944444444
0 0.7214068468749999 0.5973026388888889 0.2075990874999999 0.24766206944444435
2 0.8183774734375 0.5159626458333333 0.027315667187500003 0.08498208333333335
0 0.901222690920608 0.7241687465277779 0.19501294940878378 0.5026083152777778
0 0.055741028515625 0.5948745791666666 0.11148205703125 0.1991008777777778
