0 0.017546541796875002 0.4089860486111111 0.035093083593750005 0.05198975277777773
0 0.88382278671875 0.43617157777777776 0.23134840624999997 0.16171863888888882
0 0.058488470703125 0.4089860472222222 0.05848847109375 0.062387702777777776
0 0.1252628078125 0.382124675 0.04386635156249999 0.10224651388888889
0 0.26368552265625 0.3578627916666667 0.028269428125000023 0.03985880833333333
0 0.192851972265625 0.41560693819444444 0.14200198359374996 0.19347292361111113
0 0.49422757734375 0.4055200625 0.035093082812499954 0.031193849999999967
0 0.773510024609375 0.4349809229166667 0.0653121257812499 0.07971761805555555
0 0.7506020410156249 0.4297819479166667 0.07213578046875002 0.0693196680555555
0 0.36116630781250003 0.43931340138888886 0.21738215 0.35179731944444437
8 0.628751060546875 0.25908226319444444 0.03899231328124997 0.06412069305555554
8 0.555640471484375 0.31887047777777777 0.01949615703124996 0.048523769444444365
8 0.5356569105468749 0.3561298 0.01657173359374997 0.012130941666666728
8 0.48886613437500004 0.35006432777777774 0.01267250156250005 0.013863936111111086
9 0.560514511328125 0.3691272375 0.005848847656249934 0.04159180000000001
9 0.53565691171875 0.32926842916666665 0.006823656249999921 0.04159179999999996
9 0.187163106640625 0.30240705625 0.005848847656249989 0.02599487638888892
0 0.5415057582031251 0.43931340277777775 0.010722886718749991 0.02599487500000003
0 0.649709430078125 0.42198348680555553 0.055564047656250004 0.060654709722222255
0 0.7408539632812501 0.38905664375 0.09943040000000003 0.036392826388888855
0 0.696500205078125 0.43238143472222224 0.05556404765624989 0.07105266111111108
