0 0.00611388359375 0.39140598055555553 0.009228509375 0.05156246388888891
0 0.0614849375 0.3597653777777778 0.0856933 0.11015617499999997
0 0.1280620421875 0.36328100069444447 0.0448241875 0.07499994861111109
0 0.16897318037242243 0.3656061273758453 0.03963480449484488 0.07027520752946842
0 0.2018383755740817 0.3617094710666794 0.028900404273163427 0.06248189491113659
0 0.2322123609375 0.3626670066212303 0.029003887499999992 0.05279045064642812
0 0.261216248046875 0.3605683517185029 0.023730452343750014 0.04292527711854993
0 0.28956095390625003 0.35742163125000004 0.02768552812499997 0.04453122083333333
0 0.3141076056967718 0.3544886996462015 0.015506262043956331 0.03866535762573631
0 0.33834021875 0.35156225902777777 0.030322245312499996 0.03749997638888891
0 0.35547887890625 0.3527341291666667 0.01713866093750005 0.02578123055555559
0 0.371958359375 0.3458777535105211 0.018457018749999998 0.026130965354375535
0 0.402280603125 0.3492185104166667 0.02900388593750003 0.037499973611111126
9 0.43128448867187497 0.32578102708333334 0.01054686796875004 0.01874998750000001
9 0.45897001796875003 0.31289040972222226 0.007910151562500023 0.021093733333333364
9 0.38909701875 0.30468729166666664 0.015820299999999954 0.023437483333333342
0 0.43721710390624996 0.34921850972222224 0.01713866093750005 0.028124977777777782
0 0.46947872284846914 0.34496626161822275 0.023806774615561743 0.03503877879200107
0 0.487699486328125 0.36451780259696254 0.041638636718749955 0.05224114480607506
0 0.57432638359375 0.42070283611111114 0.16215809218750005 0.20390611111111112
