0 0.214457726171875 0.5467588895833333 0.42501622109375 0.28247765138888886
0 0.7798462765625 0.5432929055555555 0.3236362046875 0.3171374861111111
0 0.5220096019531251 0.5216305097222222 0.21348291953125004 0.25301679166666663
0 0.6365495234375 0.4653082784722222 0.042891545312499946 0.060654709722222255
9 0.75742569609375 0.3673942451388889 0.007798462500000047 0.02772786527777782
9 0.748165021875 0.3691272368055556 0.004874039062499946 0.03119384861111113
9 0.8407717671875 0.3725932215277778 0.004874039062499946 0.03119385138888897
9 0.8256622453125 0.3717267256944444 0.0038992312500001347 0.03639282638888891
9 0.923143030078125 0.4514443444444445 0.011697694531250136 0.019062908333333406
8 0.920228751171875 0.4193839972222222 0.02144577265625003 0.006931966666666678
2 0.98358111640625 0.5233635006944445 0.029244235937499807 0.11437745416666673
9 0.763761947265625 0.36826074166666667 0.004874039843750011 0.02252889166666666
