0 0.9365567359375 0.3708119173611111 0.06262887500000003 0.07835053194444441
0 0.882046419140625 0.37905934166666666 0.04407217421874987 0.0412371222222222
0 0.7596881500000001 0.38901316041666667 0.059149493750000004 0.06039473750000002
0 0.6779226734374999 0.40998717916666666 0.037113407812500054 0.04536083055555562
0 0.63269070703125 0.41926553333333333 0.03479382031250011 0.04329897500000002
0 0.6112345179687501 0.43369852430555556 0.03363402500000001 0.039175262499999974
0 0.585139151953125 0.43369852430555556 0.02783505703125 0.039175262499999974
0 0.558463891796875 0.4367913118055555 0.032474232031249994 0.04948454305555544
0 0.513811821484375 0.43266759722222226 0.07074743359375008 0.07010310277777781
0 0.367677776953125 0.4450387333333334 0.11250001953125 0.11134022500000007
0 0.19080919140625 0.51307998125 0.2458763296875 0.2144330236111111
0 0.44190459335937504 0.44503873194444443 0.04291237890625005 0.057731969444444364
0 0.8362345546875001 0.38627583611111116 0.024355673437499892 0.03505154999999999
0 0.9892234515625 0.39039954861111115 0.019508674999999975 0.03917526388888887
