0 0.42570749268142605 0.4223826499837281 0.009459390812598889 0.014134458978342201
0 0.41416602265625 0.4227156493055555 0.012614195312499965 0.020182709722222192
0 0.43788012736846427 0.41789748200442073 0.009587724150318333 0.015031416786619234
0 0.4400245963185275 0.42821338237698064 0.01009226604247404 0.01861975049251241
0 0.4459535975189074 0.4363983593968522 0.010595537225314866 0.015242522872962239
0 0.46525350664062504 0.42607943402777776 0.013875613281250032 0.017940187500000038
0 0.4499268275287751 0.44088716518587756 0.010217869221521125 0.016146756300675302
0 0.470929894140625 0.4361707902777778 0.015137032031250053 0.020182708333333355
0 0.47219131484375004 0.44234142631326057 0.012614196874999983 0.014583797070965576
0 0.49035609741874353 0.44809743049681905 0.012360972035665663 0.016527418954411455
0 0.495527572265625 0.45149469583333335 0.013875613281249977 0.0179401861111112
0 0.4979250963372663 0.4761295849766892 0.017156903021344205 0.02774126124748516
0 0.51255673359375 0.4602407326557807 0.017659871874999955 0.020182711111111196
0 0.523343255247673 0.4650288128603934 0.017031491707339308 0.013612603803557222
0 0.5194326207059976 0.48353018161449873 0.027880277597066683 0.037160202422879096
0 0.40533608671875 0.4257056791666667 0.015137032812500006 0.01569766388888888
0 0.40092111875 0.4335545083333333 0.01639845156249997 0.026910277777777825
0 0.4091203453125 0.45373722013888884 0.015137034375000025 0.022425234722222298
0 0.417196006196768 0.4665333483272073 0.0176598718749999 0.03812289722222223
0 0.3972228070891304 0.4642297733436698 0.019243657909666922 0.025424336522574698
0 0.3473107953125 0.44813090833333336 0.015137032812500006 0.020182711111111085
0 0.3362510308615675 0.44933041914524263 0.012443334084040691 0.019577613437180175
0 0.32294252654337985 0.44843333432988036 0.019219355802334415 0.016437880781399516
0 0.35939848306945626 0.449700654598583 0.016102456973477453 0.020182711111111085
0 0.3799594039821317 0.47930279387778424 0.01629743882286666 0.02773559204749998
0 0.2842162060690876 0.4803898468339857 0.020482151819542327 0.021146132687133945
0 0.11016395195312499 0.48849633124999997 0.04541109765624998 0.04260794583333338
0 0.070429242578125 0.4862538097222222 0.03153548359374999 0.02915280277777782
0 0.08618537493339691 0.5274462983464137 0.05685890732235621 0.05406503690660058
0 0.044359911328125 0.5254979680555556 0.08871982265625 0.0717607472222222
0 0.80772886796875 0.4645760868055556 0.05297961406250007 0.05606308472222227
0 0.7556369499424954 0.4636450314031163 0.0713869344900091 0.06839030386043415
4 0.6322829689165121 0.44963332484874335 0.13983852689552423 0.07400596637809542
0 0.25489608663653124 0.506694463482015 0.0699772951480625 0.039670029169410426
0 0.31884329212779955 0.4756063836902166 0.026823073108534157 0.039552188552543055
0 0.3583991677775555 0.4814797297996261 0.03479093868011096 0.04501991793258553
0 0.4533687970932757 0.5206391597222222 0.09567032456344848 0.15473411111111107
0 0.6875187181164564 0.5102526651724713 0.1046914119950223 0.09836410922149902
9 0.21360034101562497 0.3961791173611111 0.01009135546874998 0.03588037361111118
9 0.220538149609375 0.3961791229166667 0.011352772656249982 0.03588037083333334
9 0.21044679453124998 0.4567272548611111 0.008829937500000024 0.022425234722222298
9 0.6677113171875 0.4219681430555555 0.010091354687499998 0.02466775555555556
9 0.3404766416156981 0.35760762325544304 0.007361075448133025 0.026910281944444503
9 0.3529650785630163 0.3575353137508644 0.006262889938532579 0.0321474208960606
9 0.5073326970134304 0.32871779824891767 0.007925234098138945 0.027281531279942428
9 0.5202626247072253 0.32905406547031885 0.006329508198762102 0.030645191772857294
9 0.515079572265625 0.3547319760180144 0.015137032031249942 0.020261777036028827
9 0.5140185094895442 0.325354504193925 0.007464550610211673 0.03192201480723805
9 0.34678401331913966 0.35899296631268407 0.006514953200779328 0.03326880484759026
8 0.717731111425485 0.3360060603635714 0.009955962286276931 0.02840242525868697
8 0.7162759624999999 0.3655313041666667 0.018921289062500013 0.02242523333333335
8 0.7174161344317795 0.3887438207326025 0.02624731417605919 0.020850672423683936
8 0.7179201934210377 0.40982447029200514 0.026985468712453886 0.019067372985943853
8 0.21817484183292724 0.3563393244300592 0.023123921230981614 0.03992165163789613
8 0.019341756640625 0.3251658840277778 0.02018270859375 0.04933551250000001
0 0.5153968784666698 0.462079782830514 0.01702978203586858 0.016819537813203556
0 0.4525759047343547 0.43012266098542734 0.009460990019927007 0.013455630250562844
0 0.4486022889259853 0.4247404088852022 0.006811912814347454 0.009418941175393991
2 0.12337130985984773 0.4893274340879037 0.010596308822318198 0.05382252100225121
