0 0.43487086015625 0.4985186270833334 0.008397506249999964 0.027725101388888895
0 0.4408690796875 0.5113148263888889 0.013196081249999991 0.023459700000000028
0 0.44806694140625003 0.5145138756944444 0.010796793750000033 0.03838859861111116
0 0.4546649828125 0.5166465756944445 0.011996437500000012 0.04691940138888884
0 0.459463558203125 0.5187792770833334 0.016795011718749975 0.05545019861111117
0 0.47445910390625 0.5209119770833333 0.03958824375000003 0.06824640138888893
0 0.493653404296875 0.5326418263888889 0.041987530468750034 0.09597149999999993
0 0.505050019921875 0.5465043770833333 0.028791449218749876 0.11090039861111106
0 0.5440384417968751 0.5486370784722222 0.08517470546875006 0.17061600416666667
0 0.618416355078125 0.5763621756944445 0.16675048046875007 0.2431278013888889
0 0.816557520703125 0.6831749236111111 0.36469170078125 0.4521324027777777
4 0.41507673828125 0.5114925736111111 0.04078788593749999 0.10023690000000002
0 0.356294194140625 0.5776062729166667 0.15115511328125003 0.24526050138888889
0 0.28551521328125 0.5477484729166667 0.026392162499999983 0.09170609861111112
0 0.22133427304687503 0.5818716743055556 0.11396615703125004 0.1471563013888889
0 0.104369005859375 0.6284687355424812 0.20633872421875 0.25314662386274
9 0.3830462359375 0.45533145138888886 0.013196081250000047 0.019194300000000053
