9 0.5146873191406249 0.24468741458333332 0.02742186328124996 0.11062496249999998
9 0.540527154296875 0.3618748736111111 0.024257803906249986 0.04124998611111108
9 0.492538889453125 0.2568749097222222 0.021093742968749996 0.09374996666666666
2 0.10546871289062501 0.4734373333333333 0.010546871093750007 0.020624991666666648
2 0.17138665820312501 0.4734373347222222 0.013710932031250012 0.03937498611111112
2 0.187206965625 0.4696873368055555 0.011601557812499996 0.03937498749999996
2 0.19617180625 0.47718733194444446 0.014765620312500005 0.03562498611111109
2 0.4503514046875 0.5099998215277778 0.012656245312500036 0.08249997083333332
2 0.969784816796875 0.5212498166666667 0.026367180468749862 0.08624996944444435
2 0.9560738843750001 0.5212498173611111 0.01371093281249991 0.08249997083333338
2 0.992460590625 0.5259373166666667 0.012656246874999999 0.07687497499999996
2 0.9877144984375 0.5146873194444443 0.02214843124999999 0.0806249722222222
7 0.515214664453125 0.5193748173611111 0.09175778046875005 0.26249990694444447
7 0.8258200234374999 0.5212498173611111 0.03796873749999996 0.10499996249999993
3 0.5067771671875 0.6093747868055556 0.10441402656249998 0.16124994305555562
3 0.8158004960937499 0.5437498090277778 0.05800779218749996 0.08624996805555551
8 0.37757799296875 0.40312485833333334 0.02320311718750001 0.0524999805555556
