8 0.25044208203124996 0.5835844576388889 0.007895206250000009 0.024243865277777776
8 0.290276983203125 0.5746525083333334 0.011483935156249958 0.026795850000000065
8 0.33764821875 0.5733765152777779 0.00861295156249997 0.021691880555555598
8 0.42808421328125 0.5791184826388889 0.011483935937500023 0.012759929166666684
8 0.410499436328125 0.5721005222222222 0.00789520546875 0.019139894444444416
8 0.16215932500000002 0.5893264256944444 0.012201682812499975 0.025519856944444475
0 0.187331703125 0.5978026576388888 0.014354920312500019 0.011483934722222089
0 0.212811685546875 0.5984406548611112 0.01507266640624999 0.015311915277777755
0 0.224295621484375 0.6035446270833333 0.013637174218749992 0.02551985972222215
0 0.23829166757812498 0.6048206180555555 0.02296787109374998 0.03062382500000005
0 0.1277637484375 0.61672899375 0.07808261250000001 0.07230447638888882
0 0.1977390203125 0.6092865944444444 0.023685618749999998 0.03189982222222221
0 0.17907762460937499 0.6060966118055555 0.016508158593750016 0.01786389861111115
0 0.30480281171875 0.5958886694444444 0.010048443749999969 0.025519858333333367
8 0.285064796875 0.5926986868055555 0.012201682812500003 0.011483934722222311
8 0.297266477734375 0.5901467027777778 0.00645971484375002 0.019139894444444527
0 0.360069251953125 0.5965266666666666 0.01866139609374995 0.03445180833333339
0 0.5822116359375 0.6258745013888889 0.11699259687500008 0.13653123611111118
0 0.334708886328125 0.6003546444444444 0.02296787109374998 0.03189982222222221
4 0.387941706640625 0.5929113784722222 0.04808898046875004 0.08166354305555557
