8 0.32495385664062504 0.3595957840277778 0.03967800234375002 0.02252889027777777
8 0.731105884375 0.33186791527777776 0.0194961546875001 0.02946085833333334
8 0.73305550078125 0.3647947576388889 0.02339538750000003 0.029460854166666606
8 0.7403665589843751 0.40725305624999997 0.02826942734374993 0.006931965277777785
8 0.34313236171874995 0.4107190402777778 0.011697693750000016 0.01732991666666661
8 0.322661396484375 0.4237164777777778 0.025345003906249997 0.043324791666666695
9 0.186413962109375 0.26168175208333333 0.010199405468750006 0.05198975138888892
9 0.339233130859375 0.23828636319444446 0.017546541406250005 0.0710526625
9 0.4342768953125 0.3145379979166667 0.010722885937499926 0.03639282638888891
9 0.44597458945312496 0.3145379979166667 0.010722886718749935 0.039858809722222166
9 0.6560456800781249 0.34226586458333336 0.011697694531250025 0.039858806944444436
0 0.4133185265625 0.7061941277777778 0.37042698125000006 0.43498092222222223
0 0.85441907734375 0.6654688222222221 0.2895179296874999 0.5614893194444444
0 0.660432315625 0.6030811201388888 0.18618829843749996 0.20102704027777774
0 0.568312973828125 0.5606228229166667 0.07213578046874991 0.11264446250000004
0 0.75645088828125 0.5181645256944445 0.12477540468749992 0.10744548750000005
0 0.15207002421875 0.5363609388888888 0.1384227140625 0.07105266111111119
0 0.0848082828125 0.5406934187500001 0.044841160937500006 0.06238770138888883
0 0.33825832265625 0.5069000791666667 0.11112809531250001 0.07798462500000003
0 0.259786290625 0.5224970048611111 0.03996712031249999 0.04332479305555559
0 0.20714666718750002 0.5138320465277777 0.034118275 0.029460859722222232
0 0.43378949140625 0.4869706763888889 0.05263962343749995 0.017329916666666723
0 0.488378730078125 0.4904366590277778 0.021445772656249917 0.02079589861111103
0 0.55015853046875 0.5120990562500001 0.03630888906249996 0.03292684305555549
9 0.34011257734375 0.4357861326388889 0.011700701562499916 0.0353621180555555
9 0.314371034765625 0.3879432638888889 0.016380982031250046 0.022881372222222196
9 0.33894250703125 0.3889833263888889 0.011700701562500027 0.020801247222222208
0 0.5203033828125 0.5117106861111111 0.021061262499999955 0.020801247222222208
