0 0.417032367578125 0.39640641736111115 0.008576100781249985 0.01663243750000004
0 0.4092359125 0.39779245416666664 0.007016809374999933 0.016632436111111093
0 0.40065981210937507 0.39502038194444444 0.010135391406250027 0.024948655555555532
0 0.39481247109375 0.3970994361111111 0.009355745312500052 0.026334691666666632
0 0.504352662890625 0.39779245416666664 0.007016810156250108 0.02217658333333339
0 0.5109796492187499 0.39987150833333335 0.00779645468750001 0.023562619444444488
0 0.517996458203125 0.39917849097222224 0.009355744531249988 0.027720729166666624
0 0.5663344789062501 0.41395732465189805 0.02494865624999998 0.05128334722222222
0 0.5839908172095916 0.41938725616212713 0.025499671830816917 0.05704996787980976
0 0.5951813613281249 0.4317503465277778 0.02806723671875 0.05682749305555557
0 0.6267880612933472 0.4347615578130045 0.04917978039919424 0.06794519182664194
0 0.53475883671875 0.40749470902777774 0.019491137499999978 0.027720729166666735
0 0.47394648828124997 0.39640641736111115 0.014813264062499998 0.01663243750000004
0 0.37649080234375 0.40264358125 0.027287592187499987 0.04296712916666673
0 0.3225697320770944 0.4054156548611111 0.02391793602918879 0.05682749305555557
0 0.292678918359375 0.4081877277777778 0.042100857031249994 0.07623200277777781
0 0.2474594796875 0.41442489166666663 0.0608123484375 0.08593425833333329
0 0.192104648828125 0.4338294013888889 0.09199816796875004 0.0887063305555556
0 0.07749676171875 0.4726384208333333 0.15436980625000002 0.15800815277777785
9 0.41048334999999997 0.29314670416666666 0.007016809375000044 0.029106763888888887
9 0.5172947820312499 0.3056210326388889 0.007016809374999933 0.018018473611111085
9 0.445957219921875 0.3478951430555556 0.004677872656249971 0.011088291666666694
9 0.417500159765625 0.2919916805555556 0.0054575179687500475 0.022176583333333333
8 0.979858453515625 0.18919397222222223 0.03742298359374985 0.13444553333333334
