4 0.37559806484375 0.5093114527777778 0.048214309374999986 0.06581635555555554
4 0.5753430515625 0.5146685972222222 0.11709188906250001 0.06122451666666662
4 0.8867988671875 0.5246941180555555 0.1601403765624999 0.15612251944444444
0 0.328029483984375 0.5227043159722222 0.017219396093750006 0.019897968055555548
0 0.30650523984375 0.5188777840277778 0.008609698437499924 0.015306129166666627
0 0.40164240039062504 0.5188777847222222 0.011192607031249968 0.021428583333333195
0 0.504356109375 0.532194111111111 0.03788267031250003 0.0229591916666666
0 0.6746559476562499 0.5949492645833333 0.11709188906250001 0.14540822638888895
4 0.348262274609375 0.5184951298611111 0.03702170234375002 0.07193880694444449
9 0.24236299101562497 0.46250021597222224 0.004304847656250027 0.013775518055555547
9 0.28928584296875 0.4617349090277778 0.005165817187499977 0.015306129166666682
