0 0.4583770095848102 0.5529012589926636 0.029835766767879524 0.01570504576310494
0 0.40124889335937497 0.5506581583333333 0.017880028906249956 0.007479227777777764
0 0.40072300976562497 0.5637468055555557 0.018931796093749953 0.026177297222222173
0 0.385472395703125 0.5600071930555556 0.013672963281250006 0.026177297222222284
0 0.37390296562499997 0.5656166131944445 0.019983562499999996 0.026177298611111066
0 0.360755885546875 0.5665515173611111 0.01893179609375001 0.028047106944444455
0 0.349712337109375 0.565616613888889 0.013672963281250006 0.02991691388888884
0 0.3365014929344205 0.5738623299952508 0.027218396806340972 0.03144989054605696
0 0.30498076511965133 0.5749656486111112 0.01689126038569727 0.04861498333333325
0 0.28082163671875005 0.5721609395833334 0.042070656250000005 0.06170363194444439
0 0.235595679296875 0.5730958388888889 0.05679538671875001 0.07479227777777775
0 0.41686499711026126 0.5748758716957683 0.03228397547052264 0.040956204502647364
0 0.17511911015625 0.5833797805555556 0.0851930796875 0.0841413138888889
0 0.454363096484375 0.5899241034722222 0.050484788281250026 0.07479227916666664
8 0.5148396679687499 0.47165881111111113 0.01367296406250007 0.044875366666666694
8 0.593722148828125 0.35012135763888885 0.028397692968750055 0.10096957916666666
2 0.770594225 0.5953777152777777 0.03576005781249991 0.10439757500000002
0 0.00596000703125 0.5927288138888889 0.0105176640625 0.05983382500000001
