0 0.5338012605468749 0.5012757368055556 0.00860969765624997 0.019897968055555548
0 0.553000887890625 0.505408411111111 0.007748727343750095 0.012244905555555463
0 0.504786581640625 0.5222451291666667 0.01980230546875006 0.027551033333333308
0 0.5517094339843751 0.5222451277777778 0.013775516406249966 0.024489805555555577
0 0.562902040625 0.5283675791666667 0.015497456249999986 0.030612258333333253
0 0.571167348828125 0.5448982034722223 0.01825255703125006 0.05051022638888891
0 0.525880341015625 0.5168879826388888 0.020663274218750027 0.02908164583333328
0 0.454850334765625 0.5444390152777778 0.019802305468749948 0.0290816444444445
0 0.437200453125 0.5490308541666666 0.020663275000000092 0.035204097222222286
0 0.48283185234375003 0.5513267729166667 0.04477042812500004 0.05510206527777772
0 0.3822705796875 0.5542534421107688 0.09987249374999996 0.11512833613788381
0 0.08099265664062501 0.5603136826388889 0.12828449609375 0.09336739027777785
0 0.58201556796875 0.55025535 0.018941335937500026 0.0612245194444444
0 0.608275145703125 0.5456635111111111 0.05079721640625001 0.09183677777777777
4 0.7406384890625 0.5098471666666666 0.22815699062499994 0.3780613944444444
9 0.9882677085937499 0.0823979888888889 0.019802304687500105 0.16377558333333334
