8 0.148835196484375 0.3629909159722222 0.016632833593750007 0.02753021250000004
8 0.17665217968750002 0.36961855763888884 0.006882553124999996 0.016314198611111108
8 0.384849391796875 0.36706946319444445 0.014338653906249998 0.011216009722222253
8 0.4852199484375 0.3645203715277778 0.010897374999999987 0.008157101388888921
8 0.89014345078125 0.36503018958333333 0.007456098437500169 0.007137462500000025
8 0.622010678515625 0.3716578326388889 0.007456099218750012 0.006117820833333343
0 0.369650421484375 0.39154076041666663 0.02007411171875001 0.02345165972222224
0 0.41410023984375 0.3900113055555556 0.022941842187500006 0.02243202222222218
0 0.44134367695312504 0.39307021736111114 0.017779927343750057 0.016314198611111108
0 0.47059452539062496 0.39052112569444447 0.017779927343749946 0.01937310972222228
0 0.62975354921875 0.386442575 0.02007411093749989 0.01733383611111111
0 0.68338010390625 0.3874622125 0.01376510468750003 0.017333836111111056
0 0.7688384640625 0.3854229361111111 0.025236026562500014 0.017333836111111056
0 0.9030482363281249 0.38032475 0.02867730078124986 0.01733383611111111
0 0.874370934765625 0.3818542069444445 0.040148222656250065 0.018353472222222222
0 0.972447306640625 0.3752265638888889 0.02179474921875002 0.017333836111111056
0 0.258382490234375 0.39459967361111115 0.02580957109375001 0.01937311111111112
0 0.2259771390625 0.38746221319444446 0.051619143749999985 0.03568730972222223
