0 0.19337058037373311 0.45904231796171174 0.1585291095228041 0.1810144631756757
0 0.3084712296875 0.39902547430555557 0.069616075 0.1010011013888889
0 0.40529358671875004 0.4089833284722222 0.07281681406250001 0.1010011013888889
0 0.366884718359375 0.3748421111111111 0.023205358593750003 0.032718666666666674
8 0.3708856421875 0.32576411111111114 0.015203510937499998 0.017070608333333348
8 0.38608915273437494 0.32860921319444447 0.018404249218750002 0.01707060972222224
8 0.40329312500000003 0.32718666250000006 0.012802956249999997 0.017070608333333348
8 0.403693217578125 0.3435459965277778 0.010402402343750006 0.012802956944444444
8 0.38728942929687504 0.3435459965277778 0.009602216406249975 0.012802956944444444
8 0.396091461328125 0.3478136479166667 0.008001847656250005 0.012802956944444388
8 0.29286762578125003 0.23400959166666668 0.036808499999999966 0.0782402888888889
8 0.34487963671875 0.23116449097222222 0.05601293437499999 0.07255008749999997
8 0.393290816015625 0.23685469375 0.04240979296875008 0.061169681944444415
0 0.572532204296875 0.4068495020833333 0.01680388046874992 0.025605912499999994
0 0.625744491796875 0.3691519076388889 0.012802957031250006 0.018493159722222208
0 0.63534670859375 0.3983141972222223 0.01120258593750001 0.017070608333333348
0 0.63414643125 0.41396225555555555 0.013603140624999899 0.017070608333333348
0 0.63374633984375 0.4353005173611112 0.01600369531250001 0.017070606944444455
0 0.6373471703125 0.45735005208333335 0.020004618749999925 0.02987356527777779
0 0.7901824621093749 0.49077999375000003 0.013603139843750056 0.02276081250000006
1 0.6423983703125 0.37207331805555555 0.009748078124999893 0.02252889166666666
