8 0.25734927109375 0.41591801458333333 0.019496156250000007 0.03119385138888897
8 0.664331547265625 0.33446740208333336 0.03216866015624997 0.08664958472222223
8 0.6877269351562499 0.2651477354166667 0.039967121874999956 0.02079590138888887
8 0.5775736480468749 0.47397323680555553 0.012672502343750058 0.0329268430555556
9 0.299753412890625 0.22355593055555556 0.014622116406249996 0.0658536833333333
9 0.285618698828125 0.22788841319444447 0.011697694531250025 0.06065470972222223
9 0.31535033828125 0.22788841111111113 0.012672501562499994 0.0641206916666667
9 0.2398027296875 0.4523108409722223 0.013647310937500018 0.02772786805555555
8 0.20470964765625 0.4531773347222222 0.015596924999999984 0.012130941666666617
0 0.085386321484375 0.6498718972222222 0.17041010234374998 0.4956356361111111
7 0.2748958125 0.5580233347222222 0.04679077812499999 0.18023113888888886
3 0.272946195703125 0.6022146243055555 0.04874039140625 0.11957642916666666
0 0.727206653125 0.5727537666666667 0.22030657343750004 0.3587292888888889
0 0.58537211171875 0.5675547902777778 0.06726174218750003 0.0883825777777778
0 0.5717248015625 0.5545573506944445 0.053614431250000094 0.10051352083333343
0 0.5390687390625 0.5528243597222222 0.013647310937499935 0.0554557361111111
0 0.326560628125 0.5640888069444445 0.07018616406249994 0.08491659444444444
0 0.370426981640625 0.5614893187500001 0.029244235156249965 0.06238770138888883
0 0.3884609265625 0.5476253854166666 0.043866353124999924 0.06238770138888883
0 0.412343718359375 0.5502248743055556 0.015596925781249937 0.036392826388888855
0 0.42306660546875 0.5519578631944444 0.015596924999999984 0.029460859722222232
0 0.43037766328125 0.5415599145833333 0.024370196874999972 0.025994876388888866
0 0.445487184765625 0.5441594013888889 0.011697694531249914 0.0277278666666666
0 0.45377305234375 0.5389604256944445 0.012672501562499994 0.027727868055555493
0 0.462058919140625 0.5380939319444444 0.01169769453124997 0.022528891666666606
0 0.474244016796875 0.5328949555555555 0.00877327109374998 0.01906290833333335
0 0.484479498828125 0.5268294854166666 0.011697692968749951 0.010397951388888882
0 0.50202603984375 0.5337614506944445 0.013647309375000027 0.017329918055555504
