0 0.6306678199218749 0.37463046666666666 0.016380982031250046 0.010400624999999997
0 0.630667819140625 0.3881512784722222 0.018721122656250033 0.024961495833333347
0 0.649973978515625 0.3850310909722222 0.015210911718749998 0.02288137361111109
0 0.6622597148437499 0.38087084097222224 0.009360560937499929 0.022881373611111033
0 0.667525031640625 0.3850310902777778 0.012870772656250029 0.031201872222222204
0 0.687416223046875 0.38399103125 0.04095245546875015 0.06656399583333333
0 0.616041942578125 0.38399103125 0.012870772656250029 0.02496149583333329
0 0.611361663671875 0.38711121875 0.012870772656249918 0.022881373611111144
0 0.5973208207031251 0.39023140624999997 0.02223133203125005 0.0332819958333333
0 0.5815248734375 0.38711121875 0.011700701562500027 0.01872112083333327
0 0.578599697265625 0.39127146874999996 0.012870772656250029 0.02288137361111109
0 0.572749347265625 0.39439165625 0.010530630468750024 0.02496149583333329
0 0.52594653984375 0.4006320305555556 0.01755105156250003 0.03744224444444444
0 0.5043002414062501 0.40271215555555556 0.023401403124999942 0.041602494444444416
0 0.5522731191406249 0.39959196736111113 0.042122525781249975 0.052003118055555575
0 0.38378301484375 0.4144648541666667 0.08892533281250009 0.10192611388888889
0 0.45223211835937505 0.41862510555555554 0.08775526171874998 0.09776586388888892
0 0.6961917492187499 0.39574373194444445 0.02574154375000004 0.06032361666666669
0 0.7324639242187501 0.3874232340277778 0.07254434999999992 0.10608635972222219
2 0.8831104574218749 0.38794326458333334 0.02106126328125002 0.12064723472222227
2 0.86058660703125 0.39272754930555553 0.029251753125000057 0.12064723472222222
2 0.641198451171875 0.3906474166666667 0.02106126328124991 0.07072424166666674
7 0.7938926074218751 0.4041682277777778 0.05499329765625005 0.16432985555555557
2 0.988124255859375 0.40000798472222227 0.022231333593749958 0.23505409444444447
8 0.7542564632812501 0.2973092451388889 0.011700701562500027 0.039522370833333376
8 0.826800814453125 0.21722444236111113 0.01404084140625006 0.03744224583333333
8 0.32893595859375 0.35347261458333334 0.015210912500000007 0.01456087361111108
3 0.793453813671875 0.44291797916666664 0.0783947023437499 0.12272735833333331
3 0.9748146902343751 0.5074018451388889 0.04797287578124987 0.16016960416666665
