9 0.27659738034231784 0.1852433940299708 0.008374689826302795 0.06292925194883045
9 0.2548861890625 0.16831959097222224 0.014636485937499971 0.08112248472222222
9 0.2678737451065858 0.18309243274654097 0.014655707196029766 0.06474978493752637
9 0.5962607054687501 0.18745225347222222 0.015497456249999986 0.04897961250000002
9 0.58291567421875 0.1805644951388889 0.014636485937499888 0.06275512916666667
9 0.229918065625 0.3512278368055555 0.0163584265625 0.021428579166666628
8 0.229057096484375 0.3206155770833333 0.012914547656249997 0.018367354166666683
9 0.6242422234375 0.29459515555555554 0.02496812343749999 0.03367348333333331
8 0.67194777578125 0.06387917430555556 0.03271685156250004 0.12775834861111113
0 0.083388475 0.44525689166666665 0.14378195156249998 0.2007175722222222
0 0.375339594140625 0.49722815972222223 0.21110232421875003 0.31370751944444447
0 0.716287719140625 0.39777238125000003 0.09384570546875004 0.08112248472222222
0 0.862222095703125 0.4597622041666667 0.2720664492187501 0.3826532305555555
8 0.004652598359744542 0.3781123308114018 0.009305196719489085 0.039474256797879304
