9 0.36018691132812497 0.4724319951388889 0.01070619140625001 0.017673715277777835
9 0.398040950390625 0.5499244381944444 0.006882552343750015 0.009516615277777807
9 0.39498203828125 0.5696374284722222 0.005353096874999963 0.010876131944444367
9 0.555957292578125 0.4529909048611111 0.007647280468749962 0.013595165277777821
0 0.4838529895537194 0.5999778157024962 0.020972652544938852 0.04445522415056302
0 0.442624596875 0.5733909121734089 0.06270770000000003 0.11789972434681772
0 0.572248373828125 0.5604798888888889 0.06377357421874996 0.11002323611111109
2 0.7466268468435585 0.5820926353890015 0.010468362282878507 0.07816377171215882
9 0.6493902960937501 0.5219776027777778 0.011476706249999968 0.020403033333333376
9 0.1654558484375 0.5398302576388889 0.011476706250000024 0.025503793055555612
