0 0.35350751640625 0.6451417527777777 0.016795014062499947 0.07464450277777779
0 0.32891481875000006 0.6632697020833334 0.051584681249999986 0.08957340138888892
0 0.27852978085937496 0.6739332034722223 0.06837969453124998 0.1279620013888888
0 0.2005529375 0.6995256020833334 0.15475404374999996 0.16208520138888882
0 0.044193123437499995 0.7325824534722223 0.08838624687499999 0.4073457041666667
0 0.4805142192470352 0.6686051095059151 0.01648394005657039 0.049059419011830196
0 0.50106369921875 0.6676157912677017 0.035989314062499944 0.06840778253540336
0 0.541251764453125 0.6781986027777778 0.06598040703125008 0.11943120277777775
0 0.5934362660156249 0.6877957520833333 0.09837078828125001 0.1855449013888888
0 0.804686062109375 0.6987020068504836 0.38171170390625 0.4206274109231895
0 0.93227787734375 0.8321539784722222 0.1354442453125 0.33350315416666665
0 0.43330530687013535 0.6645988388629469 0.06204940749027066 0.032258064516129115
