8 0.42940285624999996 0.3041400472222222 0.012672501562499938 0.019062908333333295
8 0.42696583671875 0.32233646111111114 0.009748079687499966 0.013863933333333356
8 0.5795232652343749 0.3249359486111111 0.014622117968749904 0.012130941666666673
8 0.535169507421875 0.3353338986111111 0.009748078906250068 0.012130941666666617
8 0.7905691628906251 0.27121320625 0.013647310156250092 0.01213094305555551
8 0.809577916015625 0.27467918888888887 0.008773271093750035 0.012130941666666673
9 0.731105884375 0.28161115555555555 0.00584884687499998 0.022528891666666606
9 0.700399437890625 0.2755456854166667 0.008773271093750035 0.020795901388888816
1 0.5622270337418398 0.36479475833333336 0.03946650282882047 0.07798462777777782
0 0.46157700024404974 0.3780034159247874 0.022409612011900504 0.027305432039314015
0 0.39138535078125003 0.3708602291666667 0.01657173437499998 0.020795900000000034
0 0.37335140507812503 0.3855906590277778 0.03509308203125 0.03985880972222228
0 0.356292267578125 0.37605920416666666 0.01657173359374997 0.031193849999999967
0 0.32071178125 0.3673942451388889 0.052639623437500005 0.07625163472222218
0 0.288543122265625 0.37865869305555555 0.017546541406250005 0.043324794444444426
0 0.236878306640625 0.37865869236111116 0.054589239843750026 0.0467907763888889
0 0.149145600390625 0.37605920416666666 0.06433731796875002 0.06585368611111109
0 0.0848082828125 0.40361547120463304 0.1442715609375 0.11750023407593274
0 0.013647309375 0.3795251881944444 0.025345003125 0.05892171805555557
0 0.0048740390625 0.4089860472222222 0.009748078125 0.06585368611111109
0 0.649222025390625 0.4081195513888889 0.02729461953125001 0.0883825777777778
0 0.781795892578125 0.39512211388888885 0.058488471093749994 0.0693196694444444
0 0.8344355156250001 0.3933891229166666 0.08188385781249996 0.07278565416666666
0 0.7038112644531249 0.40205407986111114 0.10722886328125003 0.14557130416666664
