9 0.340112576953125 0.40943787430555556 0.007020421093750062 0.02704162361111112
9 0.28570431445312494 0.41463818888888887 0.005850350781250013 0.020801244444444422
9 0.334262226171875 0.41151800069444444 0.007020421093750007 0.02288137083333336
2 0.8964809417968751 0.51240405 0.05265315703124995 0.24545471666666668
0 0.344207823046875 0.4832823069444444 0.02925175390625001 0.03328199722222219
0 0.29038459375000003 0.4780819909722222 0.02925175625000004 0.0436826208333333
0 0.235976331640625 0.48224224097222224 0.07488448984375001 0.09360561249999999
0 0.21257492890625002 0.5280049854166666 0.09828589531250001 0.12688760972222218
0 0.111948894921875 0.5540065444444444 0.14976898359375 0.19137147222222223
0 0.36643915703124996 0.4947229902777778 0.02457147187500003 0.05200311666666663
0 0.386330347265625 0.49472299097222217 0.04329259765624999 0.07280436527777784
0 0.40914671796875 0.506163675 0.04212252812499995 0.08320498888888889
0 0.4480278503060845 0.518035505980274 0.07308198811216898 0.11942939529388147
0 0.3167261024266851 0.49263816246979714 0.02721774193548393 0.043673213828483104
0 0.589922558203125 0.49992330277777774 0.25858550703125 0.3411404583333333
0 0.06885855369473214 0.5815853718439356 0.13771710738946427 0.20076638813231545
0 0.035010848980091935 0.6720430075974382 0.07002169796018387 0.34739454094292804
