8 0.78415420546875 0.35674139375 0.057333437500000084 0.047842870833333384
8 0.8262767320312501 0.35258114305555555 0.01521091249999984 0.03120186944444442
8 0.8654740820312501 0.34842089513888885 0.06084364843750001 0.04784287083333333
8 0.746126925 0.3577814555555556 0.014040842187500013 0.02496149722222224
8 0.7917596617187499 0.43786625625 0.0163809828125 0.031201870833333367
8 0.934508221484375 0.43890632013888886 0.018721122656250033 0.029121745833333323
0 0.698587835198174 0.5096305618055557 0.062316215541151965 0.06240374305555563
0 0.7897687970267249 0.5096305618055555 0.06388233780344976 0.07072424027777774
0 0.7449568550781249 0.5106706243055555 0.03042182421875006 0.047842870833333384
0 0.9342382457031251 0.6400576611111111 0.1305174898437501 0.3257409777777777
0 0.8321270828125 0.49298956388888887 0.026911614062499978 0.02912174722222216
