0 0.601650883203125 0.5486978506944444 0.04020223203125006 0.09000005972222214
0 0.633663771875 0.5477524701388888 0.053602978125000034 0.11382360694444443
0 0.6671656335937499 0.5532044271992712 0.06402577812499999 0.14060988495409799
0 0.47062138164062495 0.5517230618055555 0.01935663046874997 0.04764709305555548
0 0.454242693359375 0.5636348333333333 0.01637868671874998 0.04500003055555557
0 0.424463261328125 0.567605425 0.049136063281249975 0.06882357499999991
0 0.20335097890625004 0.6046642736111112 0.04169120468750001 0.047647091666666586
0 0.166871173828125 0.6178995756944445 0.04913606171875001 0.04235297083333334
0 0.3495139091128088 0.6059878055555555 0.10969647239938246 0.1350000916666667
9 0.523666559224606 0.5662818944444444 0.10162344032421217 0.16676481944444443
0 0.7551371521767195 0.5579625666666667 0.17147612154093905 0.1879413027777777
0 0.25918741328125 0.5923743576388889 0.03722429062499999 0.03441178750000007
8 0.02350448046875 0.46304652986111106 0.0470089609375 0.02911766527777776
8 0.530924732421875 0.41539943819444447 0.03871326171875 0.023823545833333293
9 0.110290254296875 0.5685508090277778 0.010422800781249991 0.029117665277777816
9 0.39617280117187503 0.47949612430555555 0.010422800781250074 0.031764729166666616
9 0.480299697265625 0.41331960833333337 0.011911772656249986 0.026470605555555526
8 0.64408657421875 0.40613472500000003 0.017867659375000122 0.015882363888888917
