0 0.042161494140625 0.5124946041666667 0.08432298828125 0.06559320555555553
0 0.306987140625 0.4972642076388889 0.05405719375000001 0.056488337499999985
0 0.490609987109375 0.639849828584611 0.33378171640625 0.4790182261641112
0 0.351605776171875 0.49039980000000005 0.04032838203125 0.06106460555555554
9 0.533941546484375 0.36910480347222224 0.013728810156250049 0.0228813541666667
9 0.2567716671875 0.39277270069444437 0.012012709374999986 0.02750529027777776
9 0.244778466015625 0.43851156944444447 0.01544491171875001 0.01830508055555552
8 0.7008324046875 0.3744437854166667 0.0471927875 0.11288133472222223
8 0.5292222679687499 0.31876582847222223 0.016302962500000073 0.04118643194444449
8 0.13248302617187502 0.4352033048611111 0.024025419531249995 0.013728809722222235
0 0.7415274125 0.4794405868055555 0.03603812812499996 0.08389828749999995
9 0.6020941757812499 0.3818134902777778 0.012870760937499948 0.016779655555555606
9 0.267926326171875 0.39737280555555554 0.010296608593750034 0.036610161111111095
8 0.6480622875000001 0.1891048388888889 0.03947033124999999 0.1510169222222222
9 0.6107370828124999 0.19596924097222224 0.011154659375000042 0.03966100972222225
