0 0.030424829642248723 0.49207365217206134 0.06084965928449745 0.1742854043441227
0 0.12364959531249999 0.43934981418346586 0.16849010312499998 0.1672969644780427
0 0.232466121875 0.4160249472222222 0.08658519218750002 0.12480748333333336
0 0.492806733984375 0.4004240111111111 0.07605456015624995 0.17265034999999995
0 0.922833262350937 0.5178281624893526 0.15433347529812613 0.381482560072402
0 0.8046304332031249 0.4513870694444444 0.26209571640624996 0.2828969666666667
0 0.6817730656250001 0.4097845722222222 0.12870771874999998 0.19553172499999993
0 0.6174192070312501 0.4045842625 0.07020421093749996 0.11024661111111106
0 0.579391926171875 0.3931435743055556 0.050313017968749985 0.08320499027777783
0 0.563010944140625 0.39106345138888887 0.02925175390625001 0.07072423888888885
0 0.54955513671875 0.3817028881944444 0.02574154374999993 0.06032361805555553
0 0.541364645703125 0.37650257569444445 0.018721122656250033 0.0665639930555556
0 0.527908840234375 0.35674139375 0.017551052343750095 0.031201873611111097
4 0.524398628125 0.3172190222222222 0.022231334375000023 0.043682619444444404
0 0.5091877160156251 0.30265814930555557 0.008190489843750037 0.022881373611111144
0 0.5039224003906251 0.2995379618055556 0.011700700781250017 0.01664099861111118
0 0.43604614960937504 0.2991912756944445 0.018721122656249978 0.01456087361111108
0 0.44482167695312497 0.28879064930555554 0.015210911718749998 0.01456087361111108
0 0.46237273007812496 0.28879065069444443 0.012870772656250029 0.02288137361111109
0 0.489869378125 0.28151021249999997 0.011700701562499971 0.016640997222222176
8 0.34590197539062506 0.28586855902777775 0.014040842968750022 0.012480748611111092
8 0.25229636171875003 0.2817083111111111 0.018721121874999996 0.016641000000000017
9 0.32250057343750005 0.28794868472222224 0.009360560937499984 0.020801247222222208
9 0.511466904296875 0.27962818611111107 0.008190489843749926 0.020801247222222263
9 0.5565146042968749 0.30874993125 0.009360561718749882 0.012480748611111148
2 0.565875166796875 0.33088841041666667 0.009360561718749993 0.031201873611111153
2 0.554759498828125 0.3308884104166666 0.005850350781249958 0.027041620833333335
0 0.48631039570312495 0.3100871625 0.01872112265625009 0.027041619444444442
8 0.268092309765625 0.27680516666666666 0.017551052343749984 0.04368261944444446
0 0.388024501953125 0.4720397243055555 0.21061263046875 0.3473808319444444
8 0.16278599296875002 0.3420319284722222 0.01755105312500002 0.012480748611111092
2 0.11071787109375 0.3513924902777778 0.011700701562500013 0.03120187222222226
8 0.12007843281249998 0.3472322409722223 0.011700701562499999 0.018721120833333382
8 0.715059112890625 0.023772844444444448 0.029251753906250122 0.04576274444444445
8 0.712718971875 0.06017502499999999 0.026911614062499978 0.01872112222222222
8 0.714474078125 0.09865733541666666 0.028081684375000027 0.05408324305555555
8 0.7138890421874999 0.14650020277777778 0.02691161250000007 0.029121747222222216
8 0.719154358203125 0.17354182291666664 0.02106126328125013 0.020801245833333343
8 0.5816711140625 0.22242475486111107 0.010530631249999978 0.014560870833333323
8 0.5845962890625 0.24426606458333333 0.014040842187500124 0.012480748611111064
8 0.583426218359375 0.26090706458333335 0.011700700781250073 0.016640998611111124
1 0.289153572265625 0.3482723020833334 0.08073484140625004 0.08736523749999997
