0 0.007311059375 0.5198975173611111 0.0126725015625 0.11784343749999993
0 0.058975875 0.50690008125 0.09845559374999999 0.1161104458333333
0 0.216894745703125 0.4800387083333334 0.034118274218749994 0.05892171944444452
0 0.16146961488301215 0.48177169861111113 0.07283275617147575 0.09358155277777774
9 0.205684455859375 0.4245829743055555 0.011697694531250025 0.0173299208333334
9 0.25198782890625 0.3353339 0.006823654687500014 0.029460861111111125
9 0.25881148359375 0.3379333854166667 0.00877327031249997 0.03119385138888886
9 0.244189365234375 0.33620039375 0.006823655468749995 0.027727868055555493
9 0.404057853125 0.3535303118055555 0.006823654687500014 0.024261884722222182
9 0.555640473046875 0.3881901465277778 0.007798463281250001 0.02079590138888887
9 0.3616537109375 0.41331852708333333 0.00584884687499998 0.015596926388888877
9 0.39723419648437497 0.4141850222222222 0.006823655468750023 0.01732991666666661
8 0.44499978164062504 0.36392826319444443 0.03411827421875008 0.013863931944444463
8 0.435251703125 0.41331852708333333 0.006823654687500014 0.015596926388888877
0 0.5202595787378886 0.4736435628584611 0.09885477778827728 0.13278101738358888
0 0.48837873125000003 0.45057785069444445 0.07213578124999998 0.12477540416666666
0 0.43963833867187496 0.46270879097222223 0.03704269765624996 0.03119385138888886
0 0.410491590234375 0.46097579930555554 0.021250799218750005 0.041591801388888905
0 0.37335140468750005 0.4624097549687678 0.06823654843749999 0.05258782339579787
0 0.310476298046875 0.4645827365429207 0.06336251015624994 0.04187370919695255
0 0.8524694609375 0.4411297445248912 0.13549829062499996 0.09861383317243994
0 0.7242822296875 0.45404383263888887 0.10722886406249987 0.0658536847222222
9 0.220306573046875 0.3769257006944444 0.007798463281250001 0.02599487638888892
8 0.214945130078125 0.3422658673611111 0.020470964843749995 0.019062909722222188
