0 0.013372458203125001 0.6543216722222223 0.026744916406250003 0.07821921944444454
0 0.035159046484375005 0.6576378291666667 0.050484788281250005 0.07853189166666663
0 0.06460850898437501 0.6513606291666667 0.050484788281250005 0.06170363055555561
0 0.104049750390625 0.6429464944444445 0.06205421953125001 0.05983382222222222
8 0.10142033320312499 0.5288882701388888 0.02103532734374998 0.011218840277777864
8 0.11036034609375 0.5031116402777778 0.0157764953125 0.01308864722222225
8 0.0956356171875 0.5143304826388889 0.022087095312499985 0.00934903472222226
0 0.3022697658845294 0.6291900513888888 0.02862385885594121 0.03926594444444442
0 0.32394406015625 0.6217108222222223 0.014724729687499993 0.03365652499999994
0 0.33393584140625 0.6161014020833333 0.02419062656250004 0.037396137499999926
0 0.34918645546875 0.6142315944444445 0.012621196874999963 0.026177297222222173
0 0.35865235078125 0.6142315930555555 0.01051766562499995 0.022437680555555617
0 0.36023000156249996 0.6067523673611112 0.02208709375000001 0.041135754166666594
8 0.36759236640625004 0.5787052625 0.009465898437500009 0.014958458333333313
0 0.45331133085937503 0.6039476555555556 0.03576005859374998 0.05048478611111118
0 0.476099599609375 0.5886775680555556 0.018931796093749897 0.016828263888888917
0 0.494505513671875 0.5811983395833333 0.013672963281250006 0.016828262500000024
0 0.553229141796875 0.5768354534722222 0.03365652578125 0.024307487500000002
0 0.593722149609375 0.5787052611111111 0.03891535859374995 0.03552633055555554
0 0.626852791796875 0.5787052611111111 0.02944946015625005 0.05422440000000006
0 0.6557763671875 0.5787052645833333 0.030501226562499983 0.057964015277777725
0 0.6705010984374999 0.5740307437500001 0.05153655312499994 0.0635734375
0 0.7157270546875 0.5777703576388888 0.04101889062499997 0.04861497916666668
0 0.7483318125 0.5628119013888888 0.057847153124999995 0.06731305277777777
0 0.8082825015625 0.5553326743055556 0.062054220312500075 0.0635734375
0 0.9402791878906251 0.5478534444444445 0.09045190859374996 0.07479227777777775
8 0.7157270558593749 0.3636774583333333 0.01577649609374998 0.024307491666666736
8 0.7257188359375 0.3842453361111111 0.021035328124999975 0.0205678777777778
0 0.42754305390625 0.5917939118055555 0.015776495312500083 0.01682826527777781
8 0.715411501953125 0.4419128902777778 0.032168658593749955 0.07971761944444444
8 0.703226404296875 0.4887036666666667 0.017546542968750023 0.013863933333333356
8 0.873817776953125 0.36999373333333335 0.029244235156249965 0.08491659444444444
8 0.5287357703125 0.5467588895833333 0.009748079687500133 0.02252889305555561
9 0.4831147734375 0.5521311743055556 0.005848845312500017 0.013863934722222249
8 0.5016361234375 0.5555971583333333 0.007798462500000047 0.01039794999999999
