0 0.394996983984375 0.5263729958333334 0.011525080468749949 0.020489033333333295
0 0.350497365625 0.5195433194444444 0.014726489062499959 0.020489033333333406
0 0.374187810546875 0.5457237493055556 0.05058229765625 0.07740300972222225
0 0.310159584375 0.5602774743055555 0.09796318437499996 0.10813655972222214
0 0.096442504296875 0.5329587638888889 0.06274766171874999 0.07398816944444453
0 0.048421335937500004 0.6159397146164585 0.0947617734375 0.2672687820106946
0 0.47368082578125004 0.5360158576388889 0.02176959687500002 0.028456990277777705
0 0.496090704296875 0.5382924194444445 0.030733546093750008 0.03528666666666669
0 0.5530758242187499 0.5473986548611111 0.04866145156250001 0.05577569861111109
0 0.623506853125 0.5587255717123321 0.07555330625000001 0.0920888906468863
4 0.7971375206359135 0.5819860895833333 0.2657121818968272 0.27091053750000005
0 0.9277575796875 0.6037169683170074 0.1415023796874999 0.3394144449673482
