0 0.368814494921875 0.6985273631944444 0.023195880468749985 0.030927843055555515
0 0.33054129179687497 0.6995582902777777 0.03943299453124999 0.032989697222222225
0 0.2797469372996966 0.68718715 0.06215571446310689 0.057731969444444364
0 0.469136676171875 0.7346098402777778 0.01739691171875002 0.041237119444444525
0 0.421585119921875 0.7727541756944445 0.09626290234375001 0.16288662361111106
8 0.532345449609375 0.6480118833333333 0.02551546640625002 0.04948454444444439
8 0.530025861328125 0.6974964305555555 0.011597939843750016 0.0329896999999999
8 0.528286169140625 0.7343152791666667 0.012757733593750098 0.028865983333333234
8 0.400708829296875 0.5933727027777778 0.04987114296874995 0.026804130555555528
8 0.85680501484375 0.5858495840277778 0.0544458031249998 0.1400944652777777
