7 0.8590918128906251 0.5798433520833334 0.0329589617187499 0.08906244027777777
2 0.809653369921875 0.5436265055555556 0.05273433828124996 0.23462108055555558
2 0.702866333984375 0.5689038020833334 0.05800777265625001 0.22625395694444445
8 0.5459816765625 0.4031247229166667 0.015820301562500028 0.04687496805555558
8 0.545322496484375 0.35273413333333337 0.025048810156250045 0.021093733333333364
0 0.368003283203125 0.5285152618055555 0.01054686796875004 0.0210937347222222
0 0.348887085546875 0.5332027590277777 0.03559567890624998 0.030468729166666653
0 0.322519916015625 0.5355465069444445 0.03559567890624998 0.03984372222222221
0 0.382505226171875 0.53437463125 0.010546867968749984 0.02343748472222229
0 0.3937112734375 0.5308590104166666 0.011865226562499998 0.030468729166666653
0 0.40491731953125 0.534374632638889 0.026367170312500077 0.032812476388888956
0 0.423374338671875 0.5507808708333334 0.023730452343749986 0.060937458333333305
0 0.460288376171875 0.5587319580340242 0.07382807421874993 0.09191025337639591
0 0.29747110468750004 0.5472652486111111 0.030322243749999978 0.0632812055555555
0 0.272422294140625 0.5578121152777777 0.05405269765625001 0.07499994722222214
0 0.24737348242187499 0.5765982528937157 0.07514643203124999 0.09382223356520913
8 0.406494871875 0.4956356333333334 0.009748078124999948 0.0138639333333333
