0 0.08073360306643952 0.4930361465277777 0.16146720613287904 0.2131579819444444
0 0.3509187667556165 0.4531773361111111 0.07800874305126698 0.0849165944444445
0 0.51469854140625 0.45057784861111116 0.04289154218750002 0.062387702777777776
8 0.56636335859375 0.4037870722222222 0.00584884687499998 0.017329916666666667
8 0.56636335859375 0.42371647777777777 0.007798462500000047 0.012130944444444403
8 0.509824503515625 0.4029205763888889 0.011697694531250025 0.008664958333333306
9 0.5302954671875 0.4029205763888889 0.005848845312499962 0.015596924999999984
9 0.5395561429687501 0.4055200638888889 0.006823656250000032 0.013863933333333356
0 0.442075358203125 0.44191288958333336 0.028269427343750042 0.03465983472222223
0 0.9548242851562501 0.47224024583333335 0.08870751406249988 0.07798462777777782
0 0.9065712968749999 0.4592428083333333 0.08188385937499998 0.0727856555555556
0 0.8402843625 0.4497113534722222 0.044841159375000106 0.05372274583333336
0 0.804703876953125 0.44537887430555556 0.02437019609375002 0.051989754166666624
0 0.7754596421875 0.44277938541666667 0.03606789218749995 0.046790776388888844
0 0.744265789453125 0.44104639375 0.03021904140625009 0.03985880972222228
0 0.696500206640625 0.4367139145833333 0.036067891406249886 0.031193851388888916
