0 0.9757270367715372 0.5238779828828829 0.04719457510557412 0.08377556576576578
0 0.9119416835937499 0.49798545138888883 0.0803761312500001 0.04478669999999996
0 0.8213685796875 0.5033172006944444 0.050385037499999896 0.06824639861111115
0 0.7074024234375 0.5033172013888889 0.07197862499999996 0.07677719999999999
0 0.777581582421875 0.5054499013888889 0.09237256953125006 0.08104259999999996
0 0.40329273164062496 0.4649286013888889 0.03958824453124993 0.059715600000000035
9 0.32171695624999996 0.40521300138888894 0.005998218750000006 0.025592400000000015
9 0.29292550625 0.4148101513888889 0.005998218750000006 0.019194299999999997
9 0.32411624375000003 0.4393362013888889 0.005998218750000006 0.01706160000000001
9 0.305521766015625 0.4350708 0.007197861718749976 0.01706160000000001
0 0.341511078125 0.45533145138888886 0.011996437500000012 0.019194300000000053
0 0.36130520078125 0.4617295513888888 0.02279323281250001 0.023459700000000028
0 0.29592461718749996 0.4553314520833333 0.02159358750000001 0.02345969861111108
0 0.238941537109375 0.47665845138888885 0.09477185546875 0.1386255
0 0.10518125859375001 0.4713267013888889 0.08637435000000002 0.07251180000000002
0 0.040400496484375 0.4670613013888889 0.07917648671875001 0.08957339999999997
8 0.011009225390625 0.23672970138888888 0.020393944531250003 0.09810420277777776
8 0.17536041875 0.2580567013888889 0.025192518750000004 0.03838860000000002
8 0.191555608984375 0.31137420208333333 0.026392161718749974 0.008530801388888898
8 0.6150298542968751 0.2356633513888889 0.059982188281250015 0.10450230277777775
8 0.616229498046875 0.3092415013888889 0.05758290078125006 0.029857800000000045
8 0.6120307449218749 0.3454974020833333 0.05878254453125009 0.025592401388888852
8 0.612630566796875 0.3796206006944445 0.059982188281250126 0.029857798611111153
9 0.103981616015625 0.3156396020833333 0.021593589843749997 0.04265400138888886
9 0.078789096484375 0.3081751513888889 0.023992875781250006 0.03199050000000003
