8 0.553991687890625 0.38747680138888885 0.07644039609374997 0.07688741388888881
8 0.6344552625 0.38568872222222217 0.078451984375 0.08046357222222217
8 0.5746104796875 0.4974436847222223 0.029168045312499946 0.01788079444444446
8 0.46598465468750006 0.49744368333333333 0.029168043749999983 0.06079469999999998
8 0.6812247144531249 0.5278410347222222 0.03319122421875009 0.03576158888888892
0 0.5912060917968751 0.5725430201388889 0.026150661718750023 0.035761587499999914
1 0.5977437578125 0.55198010625 0.02715645624999996 0.05900662083333341
0 0.28997058906249995 0.5528741465277778 0.031179635937500005 0.03218542916666656
0 0.16977812734375 0.5702268243618618 0.0965562875 0.08477157650150147
0 0.221576552734375 0.5555562652777778 0.03319122421874998 0.051854302777777805
0 0.11747680429687501 0.5466158680555555 0.03017383984375001 0.026821191666666633
0 0.079256607421875 0.5484039479166667 0.05230132265624999 0.023245031944444383
0 0.25577357109375 0.5484039479166667 0.027156456250000016 0.01609271527777789
