4 0.531654615234375 0.3753552020833333 0.020393944531249986 0.04691940138888889
4 0.5166590671875 0.35829360208333333 0.019194301562500016 0.021326998611111092
0 0.5220574648437499 0.3924168013888889 0.02279323124999999 0.05118480000000003
0 0.2612699059227196 0.4216216216216216 0.10583856653293913 0.2306306306306306
4 0.23726620733741552 0.3550945506944444 0.06262974748733102 0.10450230138888889
0 0.408091308203125 0.48018018018018016 0.24592696953125004 0.39459459459459456
7 0.55684713203125 0.3902841013888889 0.015595368750000005 0.0469194
3 0.558046776171875 0.4116111013888889 0.01559536796874994 0.051184799999999975
4 0.5586465968750001 0.36682440208333333 0.02879145000000005 0.0383885986111111
4 0.59403608828125 0.3732225013888889 0.05398397031250002 0.08104260000000002
2 0.199953115234375 0.38175330277777775 0.011996436718750003 0.06824639999999998
2 0.17835952734375 0.4137438 0.04078788750000001 0.1876776
2 0.123175916015625 0.4030803013888889 0.016795013281250007 0.08104259999999996
2 0.10578108125 0.3785542513888889 0.01319608281250001 0.04478670000000001
2 0.09318482109375001 0.38068695138888886 0.011996437499999998 0.05758290000000005
2 0.14416968085937498 0.43720350069444447 0.02759180546874998 0.20900459861111115
2 0.065593015234375 0.4265400020833333 0.04558646328124999 0.20473919861111106
3 0.09558410859375 0.4297390513888889 0.026392164062499987 0.05758289999999994
3 0.0374013890625 0.43933619999999995 0.013196081250000002 0.06824639999999998
2 0.032002991796875005 0.3892177520833333 0.01679501328125 0.0959714986111111
2 0.6096314578125 0.40308030069444445 0.013196082812499954 0.06398100138888885
0 0.618628787109375 0.3934831527777778 0.023992875781249978 0.05758289999999999
4 0.7092018890625 0.34765375024399403 0.16914976874999998 0.3028906977102102
4 0.8453614558593749 0.3558536506569069 0.16075226328124992 0.2936981040915916
2 0.973723336328125 0.42334095069444444 0.023992875781249978 0.10023689861111112
2 0.95932761171875 0.43933619999999995 0.019194299999999886 0.1023696
0 0.9443320652343751 0.4244073027777778 0.020393944531249986 0.09810419999999997
9 0.9293365171875001 0.32950215208333333 0.019194299999999997 0.023459701388888865
8 0.025089459375 0.06078195069444445 0.049816378125 0.1215639013888889
