9 0.713152341796875 0.03023716180555556 0.040019774218749915 0.06047432361111112
9 0.67158181484375 0.38418981875 0.011005437500000048 0.01600790972222227
9 0.66057637734375 0.4073123548611111 0.011005437499999937 0.016007906944444428
9 0.709100353125 0.4144269840277778 0.01000494375000005 0.016007909722222324
9 0.771131001171875 0.3966404159722222 0.01200593203125011 0.016007909722222324
9 0.46447948867187505 0.2961463194444445 0.019009391406249965 0.04624507222222224
8 0.48148789375 0.17519767291666666 0.040019773437499906 0.03913044583333333
0 0.641483616015625 0.45296455208333336 0.03301631328124999 0.0462450708333334
0 0.68100314140625 0.45207522083333335 0.03201581718750002 0.04802372499999996
0 0.704514757421875 0.45118589305555556 0.01900939140624991 0.03913044444444447
0 0.724024398046875 0.45741119236111116 0.028013841406249962 0.04090910138888887
0 0.74603527265625 0.46096850347222224 0.036017795312500045 0.04802372361111107
0 0.7850545511718751 0.46719380416666667 0.03601779609375 0.03913044722222225
0 0.8245740925781251 0.48231238402777776 0.04902422265625006 0.08003954583333339
0 0.61947275625 0.4485179076388889 0.025012357812499997 0.05158103750000004
0 0.5759512527343751 0.46363649027777776 0.08604251015624997 0.13873521388888882
0 0.9125371695312501 0.4983202930555556 0.17492566093749995 0.19387356666666672
0 0.06715818164062501 0.4414414414414415 0.13431636328125002 0.26666666666666666
