8 0.41088150703125004 0.14037232916666664 0.10430443906250003 0.034659833333333306
8 0.6560456800781249 0.16290122291666667 0.035093082031249945 0.02772786805555555
8 0.40893189179687506 0.2027600333333333 0.15109521640625007 0.10051351944444442
8 0.61510375078125 0.21402447847222222 0.1267250203125001 0.08145061250000005
8 0.6146163460937499 0.26688072430555554 0.10040520781250006 0.02772786805555555
8 0.17497800859375 0.3587292875 0.10430444062500002 0.13517335555555554
8 0.36067890312500006 0.36219526944444447 0.027294620312500018 0.020795899999999923
8 0.392847562890625 0.3639282625 0.025345003906250052 0.01732991666666661
8 0.42355400859375 0.36479475833333336 0.024370196874999972 0.01906290833333335
8 0.452310840625 0.36652774930555554 0.027294620312499962 0.019062906944444458
8 0.48106767226562497 0.36826074166666667 0.012672502343750003 0.02252889166666666
8 0.471806998046875 0.4176510041666667 0.01169769453125008 0.017329916666666723
0 0.08432087890625 0.6134790729166667 0.1686417578125 0.5337614513888889
0 0.252699453515625 0.49332828333333334 0.09898195859375 0.1270926722222223
0 0.31340072265625 0.46530827708333333 0.05361443124999998 0.08838257916666675
0 0.3441071703125 0.4635752861111111 0.015596924999999984 0.043324794444444426
0 0.355804863671875 0.4575098166666667 0.015596925781249993 0.04159180000000001
0 0.5848847078125 0.4956356347222223 0.09748078593749998 0.11437745555555551
0 0.5239592171875 0.4627087888888889 0.03996712187500007 0.04159180000000001
0 0.49179055859375004 0.45317733541666666 0.02047096562500006 0.02599487361111108
0 0.41331852734374996 0.45231083958333335 0.052639623437500005 0.07971761805555555
0 0.448423149609375 0.44203094861111114 0.018457017968750045 0.028124980555555512
