0 0.5147749453125001 0.8090673736111111 0.009180700000000042 0.027979277777777756
0 0.5075615390625 0.8160621930555556 0.010492228124999947 0.02331606388888907
0 0.501659659765625 0.8137305854166667 0.011803757031249917 0.03730570138888889
0 0.416410307421875 0.8335492409722223 0.08262629765624996 0.15155440694444455
0 0.538382459765625 0.8160621930555556 0.003934586718750022 0.02797927500000008
0 0.5455958671875001 0.8148963895833334 0.007869171875000025 0.030310881944444534
0 0.4819867328125 0.8230570125000001 0.03803432656249994 0.06528497499999997
0 0.563957265625 0.8265544201388889 0.03147668437499995 0.0536269430555556
0 0.37312986484375 0.87202074375 0.1272182671875 0.19119171527777767
0 0.879687507421875 0.8965026076388889 0.24062498515625008 0.20284974583333337
2 0.27607675429687495 0.7880829201388888 0.014426813281250006 0.06062176527777774
2 0.62100875546875 0.8498704833333333 0.014426814062499904 0.07227979444444432
2 0.687240946484375 0.8533678930555556 0.015738341406250078 0.0792746138888889
2 0.7272425667968749 0.8755181527777778 0.02491904140625001 0.14689119444444454
3 0.1259067375 0.8766839569444445 0.09705311093750002 0.19585492500000012
8 0.652485440625 0.7064766993055556 0.024919042187499962 0.01632124305555549
8 0.6262548703124999 0.7134715173611111 0.01967292812499999 0.01632124305555549
8 0.481986732421875 0.7624352506944445 0.011803757031250028 0.020984456944444507
8 0.196073514453125 0.44883420625000003 0.04065738359375001 0.06062176250000001
