0 0.401288726171875 0.46810959930555557 0.01623711640625003 0.037249979166666725
0 0.37055418515625005 0.4670103875 0.02899485156249998 0.03917526111111108
0 0.563427948828125 0.45567017847222224 0.06262887578125009 0.07835052916666668
0 0.6353351785156249 0.4659794583333333 0.10438146015624994 0.07835052777777785
0 0.720580037109375 0.4329897631944445 0.09858249140625008 0.08247423749999999
0 0.7223197277343749 0.45051553888888884 0.09742269609374998 0.07628867499999997
0 0.80872438125 0.42577326527777776 0.11250001875000004 0.04329897500000002
0 0.8748326394531251 0.4164949118055556 0.06146908203125001 0.04123712083333331
0 0.9314482562499999 0.4174279243055556 0.12366937968750014 0.0431031458333333
8 0.41114697499999997 0.42474233819444446 0.015077321874999938 0.020618559722222263
0 0.41801777421874997 0.45183663749999997 0.014464282812499951 0.018367344444444433
8 0.9643543808593751 0.3407142152777778 0.030994891406250002 0.03122448333333333
0 0.454798385546875 0.45826520972222223 0.018596935156249994 0.02755101388888892
