9 0.437695159375 0.29062489722222223 0.012656243749999962 0.0524999805555556
9 0.22253898437500003 0.2999998958333333 0.012656245312500009 0.04499998611111111
9 0.34224597421875 0.4509373409722222 0.009492184375000046 0.02062499305555554
9 0.2810741203125 0.4499998423611111 0.00949218437499999 0.026249990277777746
9 0.28792958632812504 0.47343733472222227 0.010546871093750021 0.016874994444444458
9 0.988891475 0.3717433534722222 0.019794476562499996 0.03651301805555551
9 0.412910012109375 0.4706248347222223 0.007382808593750068 0.014999994444444498
9 0.5684763640625001 0.4518748416666667 0.01054687187500003 0.026249991666666694
8 0.22095695390625003 0.36656237152777776 0.030585926562500004 0.024374990277777786
8 0.562148240625 0.3928123618055555 0.01687499375000001 0.020624990277777755
8 0.551074026171875 0.40593735763888894 0.024257803906250097 0.020624993055555596
0 0.35806628046875 0.5068748131944445 0.009492182812499972 0.022499995833333286
0 0.43242172304687504 0.5256248055555556 0.040078111718749976 0.06374997499999996
0 0.50466779140625 0.5340623013888889 0.020039054687500002 0.03562498611111109
0 0.203027273046875 0.5049998145833333 0.022148430468750036 0.02624999583333326
0 0.254706942578125 0.5068748131944445 0.02214843046874998 0.022499995833333286
0 0.242050696875 0.5031248145833334 0.017929681249999996 0.02249999583333334
0 0.2816014640625 0.49937481319444443 0.014765620312500005 0.02249999305555561
0 0.34066394296875 0.5053122965277778 0.018984367187500018 0.02812499027777776
0 0.374413930859375 0.5174997902777778 0.02953123984375 0.04499998333333333
0 0.3069349390625 0.5237693465277778 0.05378904374999999 0.06937497638888895
0 0.466720041796875 0.5353404648273273 0.0674999773437499 0.07248273145645645
0 0.098634232421875 0.5031443548611111 0.06960935078125001 0.06562497638888892
0 0.1867006078125 0.5125193520833333 0.028476553125000026 0.039374987500000014
0 0.88646453359375 0.5737498006944444 0.22464835937500005 0.36374987361111105
