8 0.223230996484375 0.45317733472222227 0.029244235156249992 0.015596924999999984
8 0.18180166328124997 0.2625482472222222 0.034118275 0.06065470833333331
8 0.210071090234375 0.4765727256944444 0.03606789140625 0.02772786805555555
9 0.22907984414062502 0.559756326388889 0.01949615546875 0.03119385000000008
8 0.775459640625 0.6568038652777778 0.07895943593749988 0.12824138611111113
2 0.47570622890625003 0.6273430041666667 0.01169769374999996 0.027727869444444497
2 0.077984627734375 0.6732672868055556 0.009748078906249999 0.036392826388888966
2 0.08285866757812499 0.6758667729166667 0.005848847656250003 0.034659834722222116
0 0.091144533984375 0.6594033520833333 0.03021904453124999 0.0329268430555556
0 0.12282578789062501 0.65853685625 0.04094193046875001 0.03465983472222223
0 0.25296263671875 0.6464059125 0.028269429687500014 0.04159179999999996
0 0.276358024609375 0.6429399298611111 0.028269428906250005 0.03119385138888897
0 0.02242058046875 0.6455394166666667 0.0448411609375 0.029460855555555554
0 0.027782023437499997 0.6784662590277778 0.055564046874999995 0.06065470972222231
2 0.06092549023437499 0.6724007895833333 0.00877327109375 0.04505778472222233
0 0.16376771796875 0.65853685625 0.05069000781249999 0.05198975138888884
0 0.407957084375 0.6732672840277778 0.23882792187500002 0.14037232916666664
0 0.964084959375 0.6039476145833333 0.06823654843750004 0.2096919986111112
2 0.822737821484375 0.6238770222222223 0.04289154453124999 0.16290122222222225
9 0.11015328632812499 0.3370668909722222 0.019496157031250003 0.060654709722222255
8 0.317787357421875 0.55629034375 0.021445772656249973 0.013863934722222249
