0 0.6904687031250001 0.4764999701388889 0.19406248437499996 0.22499998194444437
0 0.22937219779349663 0.4357817301801802 0.17774209089949328 0.2491572603603603
0 0.32486051250000003 0.41845309166666667 0.037968746875000015 0.13349998888888892
0 0.37460489140625 0.40732139861111105 0.05179018593750001 0.05964283888888883
0 0.4118222058065878 0.3953304222034535 0.027706939738175562 0.04537519162912912
0 0.57543745234375 0.4508249645833333 0.055687495312499946 0.13514998472222217
0 0.5425312066406249 0.43574996527777776 0.038812497656249945 0.08099999444444445
0 0.51595308359375 0.42299996458333333 0.017718748437499987 0.058499995833333374
0 0.499921834375 0.41249996805555555 0.02278124687500005 0.034500000000000086
0 0.48431246171875 0.40049997083333333 0.01856249843750002 0.034499997222222245
0 0.46870308671875005 0.3899999708333333 0.022781246874999994 0.02849999999999997
0 0.44592183828125 0.38849996875000004 0.01687499843750001 0.026999998611111076
8 0.521437458984375 0.35099997222222223 0.01265625078124999 0.029999997222222186
8 0.48527222812500004 0.36674996875 0.008437499999999931 0.019499995833333283
