8 0.77545964140625 0.12737489027777776 0.04971519999999996 0.08491659444444442
8 0.80519128046875 0.3249359493055556 0.03899231406250003 0.022528893055555554
8 0.795443201953125 0.30154056180555555 0.03314346640624999 0.02079590138888887
8 0.4566974765625 0.4020540798611111 0.03606789062499993 0.020795901388888927
8 0.13549829023437499 0.4089860472222222 0.025345003906250024 0.04852376944444442
9 0.30803927929687497 0.3413993701388889 0.011697694531250025 0.041591801388888905
9 0.4113689109375 0.38472416388888886 0.01169769374999996 0.027727869444444442
9 0.53809393046875 0.4904366590277778 0.019496156250000007 0.024261881944444452
9 0.7964180097656249 0.40032108819444445 0.017546539843749986 0.031193851388888805
0 0.2586604439481757 0.5252424373997661 0.036316169146351385 0.041690422422690165
0 0.15301063798002187 0.5347857277665897 0.03892392596004374 0.03607726391126498
0 0.11318342877593915 0.5382517110999231 0.04700221223937828 0.04300923057793171
0 0.07205337544387898 0.5318360315593726 0.060273275887757945 0.05930657854792132
0 0.026948841638369758 0.5298377750729735 0.053897683276739515 0.08880037983553535
0 0.389435734375 0.6724007895833334 0.314862934375 0.4124520319444445
0 0.80129205 0.6221440291666667 0.3938223703124999 0.41245203055555557
9 0.189138787890625 0.5066977201388889 0.006042772656250001 0.01790451249999997
