0 0.39369780633073803 0.4177956613543318 0.03057847114962109 0.06115694229924229
0 0.3601869125 0.4226883142801752 0.06309006406250006 0.08453267977298295
0 0.3169331027155433 0.41892819732283626 0.05160117006498566 0.10645838103942179
0 0.8394215063961307 0.40173713750000006 0.174552106145754 0.13051358611111114
0 0.5669359234375 0.4149924222222222 0.024088934375000037 0.03466767499999995
0 0.21755307147927455 0.43931384475591706 0.11020990643509285 0.10645838103942185
9 0.397739841796875 0.29875375833333334 0.020647657031250044 0.03466767500000001
9 0.45497659864725326 0.09788518888888889 0.023177533955493435 0.04894259444444446
9 0.299663469921875 0.3303625159722222 0.014912196093749996 0.032628395833333323
9 0.24632368906250002 0.35585345416666664 0.013765104687500057 0.03058912222222221
8 0.587502321875 0.27666161874999995 0.01950056562500002 0.020392748611111122
8 0.6040897734770998 0.23920657030988218 0.014203501483300407 0.04147447882468014
9 0.10483467424834755 0.40575195833333333 0.019669165684195106 0.030589122222222265
8 0.9912084148437501 0.10058830416666667 0.016378687499999933 0.07941181944444443
8 0.99195290078125 0.1839707138888889 0.014889715625000077 0.08205888055555555
