8 0.22882595078125 0.39294132708333335 0.016372554687499985 0.009702256944444487
8 0.47519392578124997 0.4379875111111111 0.013253973437500066 0.011088291666666639
0 0.3869299853243173 0.47052641941465767 0.007624383148634617 0.014757886170684631
0 0.376490806640625 0.47097518194444443 0.007016808593749979 0.011088291666666639
0 0.36830452929687496 0.46889612569444444 0.010915036718749993 0.02079054305555561
0 0.36299280393464095 0.4757760909176193 0.009647331306781859 0.012574765386983544
0 0.3979310578125 0.47236121666666664 0.006237164062499967 0.011088288888888853
0 0.408846094140625 0.4730542361111111 0.007796452343749982 0.015246400000000049
0 0.41469343593749997 0.47651932847222217 0.011694682812500024 0.013860365277777786
0 0.4247069938593083 0.4808289819046725 0.011451015843616685 0.02187348896843283
0 0.3106887588016014 0.488221760619699 0.013877626146797273 0.02894901290606472
0 0.30281430820312505 0.47305423611111114 0.018711491406250003 0.020790544444444392
0 0.3304758631291752 0.4939316462971506 0.037025872179149655 0.05090262592763456
0 0.4308702627173205 0.48467882904334153 0.014883871830930762 0.02023428327342225
4 0.3497849141025563 0.46865485761193726 0.020303717267612653 0.03568789866501432
0 0.14861991015625 0.46953042099059383 0.029626529687500014 0.018492305241034512
0 0.1474634497562209 0.5155551326101887 0.0740923401374418 0.07732287644628921
0 0.055840824401838206 0.5313469715277778 0.1114893046875 0.11781309583333327
0 0.531815667578125 0.521573253522639 0.07718490390624999 0.10171962628805548
4 0.11402315195312501 0.46362918402777775 0.038982274218750015 0.016632437499999986
0 0.8020991612710946 0.5087621840402237 0.03773507745781057 0.030666431969336272
0 0.7538524168177834 0.5066220921340131 0.06873834605193319 0.04014349906530712
