8 0.6077926921875001 0.41071903888888894 0.03411827343749996 0.017329916666666667
0 0.890840346226148 0.48038480478365764 0.10359767786020369 0.08595739321046242
0 0.5273710453125 0.4817716993055555 0.1559692546875 0.11784343750000009
0 0.43476429960937496 0.4263159638888889 0.09748078359375001 0.048523766666666635
0 0.421604392578125 0.4869706763888889 0.12964944296875003 0.12824139166666676
0 0.7374421359375001 0.5545573513888888 0.29341716093750003 0.42631596388888887
0 0.18960012578125002 0.60624919375 0.37920025156250003 0.6106089041666667
0 0.9804276859375001 0.4735203986111111 0.03914462812499997 0.05950884722222216
8 0.93908151328125 0.4080606666666666 0.008607529687500004 0.013602022222222232
9 0.9634695140624999 0.3902080124999999 0.0038255687499999524 0.025503791666666664
9 0.95438378828125 0.3919082652777778 0.006694745312499917 0.028904297222222264
0 0.8573435458404641 0.44078657128619775 0.047062384828503334 0.040565557293255505
