9 0.0980546761873309 0.3721463630757551 0.02525003674966178 0.03570700162626744
9 0.39867173515625 0.30937489166666665 0.014765618749999987 0.07124997500000002
9 0.6091475122307557 0.06911264608017777 0.020170443211511624 0.07995706673530029
9 0.6425028475521384 0.07815127101547258 0.017599245667280772 0.07717595137059419
9 0.77361301015625 0.3506248777777778 0.009492182812499972 0.026249988888888853
9 0.8012871529058272 0.20623709156854308 0.021510189148898795 0.07022316295882894
9 0.44296859570312497 0.4134373534722222 0.008437499218750089 0.02062499305555565
9 0.427675632421875 0.40874985694444443 0.00738281015625003 0.014999994444444498
9 0.5526560566406249 0.1874999333333333 0.012656246093749934 0.07499997222222224
9 0.628593530078125 0.06656247777777778 0.016874994531250076 0.076874975
9 0.538945123828125 0.18656243402777778 0.014765619531249996 0.08437496805555555
9 0.801034875 0.3468748784722222 0.01792968124999994 0.029999990277777833
9 0.05721564618714461 0.313919986503005 0.020568660750710774 0.0771597797717678
9 0.07901598682519756 0.365764963142034 0.012485150212895119 0.034068663217649675
9 0.41871079062500005 0.3571873743055556 0.012656246874999943 0.02437499027777773
8 0.45720687109375 0.4162498548611111 0.013710932812499965 0.011249995833333304
8 0.411327980859375 0.4274998493055555 0.006328122656249935 0.014999993055555494
8 0.49992170078125 0.41999985277777774 0.006328124999999962 0.014999994444444498
0 0.05062498203125 0.4799998305555555 0.0907030921875 0.07874997222222219
0 0.18654075386876823 0.4642651695773928 0.0289634702375364 0.03221932751188117
0 0.152547307421875 0.4691248361111111 0.02636717890625001 0.02999998888888894
0 0.6479221749999999 0.47185846388888886 0.07662602812500008 0.08753271388888884
0 0.5828392372982345 0.4655374768508652 0.05123335960919517 0.05006007656470979
0 0.43309354627072744 0.45982073499714127 0.013688302185662748 0.016686692188236596
4 0.458788901953125 0.44531234444444445 0.02742186328125007 0.0468749833333334
0 0.004693129194128457 0.4968789016017072 0.009386258388256914 0.045008136536747845
2 0.232558511328125 0.4518748409722222 0.011601558593750005 0.041249984722222244
2 0.7938191687774534 0.46615550012988594 0.011267353070092967 0.08760513398824205
