9 0.05027889140625 0.029765597222222225 0.013183584375000008 0.035156225
9 0.031162694140625002 0.02390622638888889 0.01977537734375 0.03281247777777778
9 0.65145035390625 0.08953118125000001 0.018457018750000054 0.03749997361111111
8 0.654087070703125 0.01195311388888889 0.02373045234375004 0.02390622777777778
0 0.37723179179687505 0.12351553333333334 0.015820302343750037 0.025781233333333334
0 0.36734410390624994 0.11414053958333334 0.009228509375000027 0.02109373472222223
0 0.25132855859375 0.13171865277777778 0.030322245312500024 0.04687496944444443
0 0.5967384773437501 0.15632800833333332 0.05668941406249994 0.01640623611111111
0 0.502475846875 0.21492172083333333 0.10283196093749997 0.10078118333333333
0 0.685727674609375 0.15164051388888888 0.07910150859375009 0.03515622500000001
0 0.688364391015625 0.2008592298611111 0.06328120703124995 0.06328120694444442
0 0.6039894492187501 0.2547654423611111 0.1661131671874999 0.18046862638888891
0 0.40162142421875 0.14578114236111112 0.04350582968750005 0.0749999486111111
4 0.265830501953125 0.0907030548611111 0.030322244531249987 0.053906212499999995
0 0.315928123046875 0.18093736805555558 0.11206046953124998 0.23437483888888894
0 0.044255644140625 0.12820303055555554 0.08851128828125 0.07734369722222222
0 0.849204123828125 0.38485292499999996 0.30058573046875003 0.34685586944444446
