0 0.8278812960937499 0.52479873125 0.09670321406249993 0.09410184027777774
0 0.4550847469049457 0.4723188569444445 0.0433015453723915 0.06876672777777781
0 0.264457830859375 0.4361258402777778 0.02239442890625004 0.025335111111111086
0 0.236464794921875 0.4334113638888889 0.019340642968750044 0.02352546111111109
0 0.20847175859375 0.4361258416666667 0.04071714062500001 0.0434316194444444
0 0.14323441126956454 0.429836899020443 0.03646558972662903 0.0487709019591141
0 0.033897008984375004 0.4261727625 0.037663357031250004 0.048860572222222176
0 0.012011544921874999 0.4288872395833333 0.02239442890625 0.04705092083333334
0 0.09801708267208795 0.4288872395833333 0.041753926843324116 0.04705092083333334
0 0.3875082262996433 0.4940346666666667 0.10562664791178666 0.17010717499999994
0 0.7433203075489778 0.5782812998473879 0.3146857599020443 0.3490668586385577
9 0.41460229531250004 0.37821701597222224 0.007125499999999951 0.02533510972222225
