8 0.43951384921875003 0.19337834583333335 0.03796874218749996 0.06932431111111112
8 0.439000759375 0.31743237916666667 0.0430996546875001 0.029189183333333313
8 0.4579851296875 0.3557431840277777 0.04002110781250001 0.025540537500000016
4 0.07367987382812499 0.5509458541666666 0.14571788046875 0.3356756194444444
1 0.14705190546875 0.5874323340277778 0.054387659374999994 0.15324321805555552
1 0.24915704023437502 0.5947296284722222 0.04720438359375001 0.0766216097222221
1 0.29841378867187496 0.5865201722222222 0.057466207031249994 0.0893918777777778
0 0.22196321015625 0.6202701652777778 0.06464948124999997 0.08027025555555556
0 0.369375786934359 0.6288116984348382 0.06126009175628194 0.09237637813032362
0 0.344078899609375 0.5919931451388889 0.021549827343749994 0.05290539583333331
0 0.32304216289062504 0.6020269256944444 0.012314186718750009 0.03283783194444434
2 0.5629307479943036 0.6391263523175752 0.049732875886392636 0.18000964630181715
2 0.8014073930153321 0.6412498930555555 0.05713761396933559 0.22804050277777776
2 0.9722770810876278 0.6084094507654269 0.05198601907474454 0.2900727345802574
4 0.860761667578125 0.5555066652777778 0.2750168460937501 0.3083107583333334
2 0.5169828823925948 0.6343174864139693 0.02874855865231052 0.15214867282793865
2 0.4223858555785509 0.6175336798611111 0.02628876584460177 0.17331078194444438
9 0.461576768359375 0.4907431604166667 0.03489019765625012 0.0547297180555556
