8 0.32177669374999995 0.4362246861111111 0.030994912500000027 0.027551030555555522
8 0.38419700156250003 0.4630104131944444 0.030133942187499985 0.04132654861111107
8 0.35277160585937495 0.4660716402777778 0.030994911718749962 0.047449002777777805
8 0.32392911796875 0.47142878472222227 0.030133942187499985 0.03673471388888888
8 0.43068937109375 0.5173471701388889 0.01808036562500004 0.02448980694444436
8 0.2528991109375 0.5502553479166667 0.01033163749999999 0.019897965277777874
0 0.339857059375 0.5510206569444445 0.012053576562500001 0.01530613055555552
0 0.32651202734375 0.5540818819444444 0.012914546875000044 0.012244902777777678
0 0.30800117851562503 0.5579084118055555 0.010331639843750018 0.013775515277777761
0 0.293364691015625 0.5602043340277778 0.010331636718750037 0.01224490416666657
0 0.42294064218749994 0.45076550694444445 0.014636487499999962 0.01377551388888898
