8 0.226118587109375 0.2812011381944445 0.01582031015624996 0.04218749583333331
8 0.26786662890625 0.3397948777777778 0.02548827812500004 0.01874999722222226
8 0.321040450390625 0.39838862152777776 0.019335935156249984 0.029687495833333355
2 0.303022875390625 0.48588861111111115 0.01669921640625005 0.06093749444444435
0 0.37289591328125005 0.4944823597222222 0.07558592812500003 0.09374998888888886
0 0.5297027712434785 0.5202636076388889 0.33294965342445704 0.24218747083333336
8 0.9894485703125 0.2616698881944445 0.01845702968750007 0.02499999583333337
8 0.449800199609375 0.45151361805555557 0.007910155468750013 0.020312497222222226
0 0.4394383125 0.46983552916666665 0.017985196875000053 0.02309210555555563
0 0.422452292578125 0.4725000027777777 0.011990132031249934 0.01421052500000003
