9 0.41049059453125003 0.3600708409722222 0.005998218750000062 0.02772510138888884
9 0.40209308749999995 0.35367274097222223 0.008397506249999964 0.031990501388888926
9 0.501063698046875 0.3270139902777778 0.009597149218749879 0.02985779999999999
8 0.4500788375 0.35260639097222224 0.010796793749999978 0.025592401388888797
0 0.34511001015625 0.47950204027777776 0.023992876562499987 0.0746445
0 0.36430431093750004 0.4848337888888889 0.03359002656250004 0.08957339722222224
2 0.47107260390625 0.46670583958333334 0.011996437500000012 0.057582898611111044
2 0.49026690429687503 0.47843569027777777 0.011996438281250077 0.08104259999999996
2 0.500463875390625 0.4773693402777778 0.013196082031249945 0.0746445
8 0.5298551496093751 0.3632698902777778 0.014395725781250035 0.034123199999999965
8 0.089585890625 0.3558054395833333 0.016795012499999984 0.01492889861111113
8 0.168762378515625 0.3984594395833333 0.011996438281250021 0.01919429861111116
8 0.19095578750000003 0.40912293958333334 0.010796793750000006 0.01492889861111113
8 0.1573657625 0.36220353958333334 0.015595368750000005 0.019194298611111105
8 0.351108228125 0.4048575395833333 0.016795014062500002 0.01492889861111113
0 0.175360419140625 0.4954972916666667 0.03239038046874998 0.08104259999999996
0 0.1033817953125 0.5200233402777777 0.15475404375000001 0.1770141
0 0.026198467578125002 0.5956946677964698 0.052396935156250005 0.2259871550373841
4 0.288726753125 0.44217979027777776 0.08877363750000003 0.17061599999999988
8 0.228744565625 0.34727464027777777 0.016795012499999984 0.014928899999999967
0 0.253937084375 0.5189569902777778 0.15355439999999998 0.23033159999999997
0 0.41768845781249997 0.5062181110673386 0.11396615781250002 0.14940364157912173
4 0.84264163828125 0.1969184763888889 0.3147167234375 0.3938369527777778
4 0.7697261484375 0.6066258841378005 0.46054770312500004 0.6232047904978233
2 0.5337591898437499 0.4791220652777778 0.008190490624999991 0.06656399166666671
2 0.54136464609375 0.47600187847222225 0.011700701562499916 0.0686441152777778
