0 0.48960400351562505 0.43952613055555556 0.009751196093750025 0.015168527777777774
0 0.47924335781250005 0.44277653125000005 0.013407895312500029 0.01733546250000001
0 0.46766381210937497 0.44385999583333335 0.014626794531250042 0.02383625833333336
0 0.455474816015625 0.4503607958333333 0.014626792968750024 0.028170122222222205
0 0.44450472109375005 0.44711039444444445 0.017064593749999968 0.030337055555555548
0 0.434753524609375 0.45361119236111114 0.019502392968750004 0.039004784722222186
0 0.412813331640625 0.4503607979166666 0.026815789843749993 0.04550558194444437
0 0.389654241796875 0.4514442618055555 0.034129186718749926 0.05200637916666667
0 0.36222900234375 0.44711039513888884 0.037785885937499986 0.06934184027777784
0 0.31286357109374996 0.44385999583333335 0.07069617343749995 0.0931780972222222
4 0.134491594140625 0.6096303326388889 0.26898318828125 0.628410426388889
0 0.519467041015625 0.4373592027777778 0.010970096093750104 0.019502391666666674
0 0.527999337890625 0.44494346250000005 0.010970096093749993 0.021669325000000017
0 0.5353127351562499 0.4492773319444444 0.013407895312499973 0.021669325000000017
0 0.545673381640625 0.45686159097222223 0.014626792968750024 0.028170123611111153
0 0.55908127734375 0.4579450618055555 0.017064593750000023 0.039004784722222186
0 0.5767553207031251 0.4536111965277778 0.02559688984374997 0.05200637916666667
0 0.608446708203125 0.45252772569444444 0.042661483593749994 0.08451036805555556
0 0.641356995703125 0.4546946597222222 0.08410406796874992 0.09751196388888889
0 0.94425353046875 0.46661278680555557 0.1097009578125 0.14301754583333326
