8 0.01891127265625 0.15666245625 0.0233953875 0.01732991805555556
9 0.059365797656250004 0.15077028125 0.012672501562500008 0.024261881944444452
8 0.55252110234375 0.16463421319444443 0.01754654218750007 0.010397954166666695
8 0.55885735625 0.16376771597222223 0.008773271874999988 0.036392823611111125
8 0.576891301953125 0.12217591805555555 0.013647310156249981 0.05718872777777777
8 0.5695802417968749 0.18456361805555555 0.008773271093749924 0.022528894444444447
8 0.5612943761718749 0.18629661041666667 0.005848849218749952 0.015596926388888932
9 0.530490441796875 0.1455713048611111 0.007798461718750094 0.020795904166666657
9 0.42209179804687497 0.17589866180555558 0.005848847656250045 0.022528890277777797
8 0.14427156171875 0.16116822986111112 0.013647309375 0.038125818055555566
8 0.39109290390625 0.1750321652777778 0.009748079687500022 0.017329919444444453
8 0.38670626796874996 0.18369712361111112 0.008773270312500026 0.013863933333333356
4 0.47551128437499995 0.21315798194444446 0.04094192968749999 0.09011556944444446
0 0.419752264453125 0.22875490555555555 0.03314346640624999 0.05545573333333334
0 0.38885084375 0.23135439583333334 0.04386635156250002 0.08838257777777772
0 0.081298974609375 0.2717377679443498 0.15207002421875002 0.13795546922203292
0 0.20476222063125532 0.24695132083333332 0.11464506470001065 0.2114249916666667
0 0.538873796875 0.22996800416666668 0.04289154531250006 0.043324791666666695
0 0.44967887812499996 0.23430048194444447 0.03801750781250002 0.06585368611111111
0 0.524446621484375 0.2720797013888889 0.08383347578125006 0.12130941944444448
0 0.301703029296875 0.2781451701388889 0.21153330390625 0.24435183194444443
0 0.018521348437499998 0.2527279638888889 0.037042696874999996 0.0987805277777778
8 0.51313884453125 0.19062908819444443 0.03704269687499995 0.024261881944444452
0 0.12757734062499998 0.2264605097222222 0.041752584375 0.051546399999999964
