9 0.6099633945312499 0.2666826944444445 0.017850340625000016 0.05077645
9 0.84909309921875 0.4097845743055556 0.018721121874999858 0.03744224583333339
9 0.509772751171875 0.48362900208333337 0.009360560156249975 0.018721123611111168
9 0.8455828890624999 0.4472268194444444 0.014040840624999995 0.029121747222222272
9 0.8245216265625 0.39106345138888887 0.00936056093750004 0.02496149722222224
9 0.7706983984375 0.4482668819444444 0.00936056093750004 0.018721122222222275
9 0.49510290066969 0.5006233857107087 0.005938298660620178 0.015267643643639639
9 0.393350769921875 0.3723423284722222 0.010530632031249931 0.02912174583333338
9 0.625609698046875 0.48882931388888884 0.007020421093750007 0.016640997222222176
9 0.7554874863281249 0.45242713125 0.009360560156249975 0.018721123611111112
9 0.36938877540172044 0.45186416859285927 0.019029448231044244 0.034236195519051715
8 0.3266567703125 0.43474607083333333 0.022231332812500004 0.0457627444444445
8 0.5102460820275239 0.5052519022924217 0.006278941305223329 0.012879879600457889
8 0.6024637904408852 0.47133488601121587 0.015869992555729517 0.00686926912024427
8 0.640820609765625 0.4805088152777778 0.009360560156249975 0.012480749999999985
8 0.647255996484375 0.5106706236111112 0.005850350781249958 0.01872112222222222
0 0.32139145468749997 0.5189911229166667 0.011700701562499971 0.014560873611111136
0 0.30501047265625003 0.5262715597222223 0.011700701562499971 0.020801247222222208
0 0.29272473593750004 0.5304318090277778 0.01287077187500002 0.012480748611111148
0 0.285704315234375 0.5356321208333333 0.022231333593749958 0.01872112222222211
0 0.260547805859375 0.5335519965277777 0.02106126328125002 0.02288137361111109
0 0.55891569765625 0.5189911229166667 0.014040842187500013 0.014560873611111136
0 0.57354157578125 0.5200311854166666 0.015210912499999951 0.016640998611111013
8 0.98014095859375 0.55123305625 0.03744224531250018 0.10400623749999993
9 0.57212480234375 0.4598674972222222 0.0042902531250000875 0.021355927777777783
