8 0.09169556684772569 0.36509337783268503 0.18339113369545137 0.17035732939877762
8 0.030998460546875 0.5042041458333333 0.06024563671875 0.13450188611111102
8 0.013747903124999999 0.6000990083333333 0.027495806249999998 0.052306288888888886
8 0.13746957214587008 0.5014636900641251 0.10506050210424017 0.10909476901713894
8 0.13612916096923486 0.6024989399705034 0.058176153188469706 0.0891303799410067
8 0.8145770453125 0.5469743347222222 0.011208490625000067 0.03985240833333337
0 0.40476661171875006 0.5990315458333333 0.08266261718750006 0.0473247361111111
0 0.8622131304687501 0.5865776680555556 0.09807429218750008 0.10212180277777771
0 0.7101979785156249 0.6065038722222222 0.16952841796875007 0.22666058611111123
0 0.060806060546875 0.6241883805555555 0.030823349218749997 0.034870858333333365
