0 0.172292613671875 0.6401324256944445 0.26854717578125004 0.2539072736111111
0 0.94474291640625 0.6365562680555555 0.10762002968750017 0.12158939999999996
0 0.893447388671875 0.6052648770833333 0.07342301015625008 0.10192052638888893
9 0.80544035546875 0.5399999798611111 0.00804635781249985 0.021456951388888923
9 0.834105503125 0.53552978125 0.007040562500000069 0.02682119027777785
9 0.6002582437499999 0.44880793124999996 0.024139071874999973 0.04291390694444447
9 0.875845981640625 0.009834436805555555 0.022127482031249923 0.01966887361111111
9 0.8486895257812499 0.01788079375 0.014081125000000028 0.0357615875
8 0.5474540238281249 0.3284990199209089 0.04727234921875001 0.02410396775932272
0 0.760682492578125 0.6043708381944444 0.049283938281249995 0.060794698611111087
