0 0.420688186328125 0.40781221944444446 0.022939449218749963 0.037499975000000074
0 0.5107320621093749 0.3836716215277778 0.013183585156249955 0.02578122916666664
0 0.52984826015625 0.39070286736111115 0.035595678124999974 0.04453122083333333
0 0.5654327238281249 0.43696496388888895 0.07801427890625001 0.07821162777777774
0 0.40513156250000004 0.40664034375 0.009228509375000027 0.030468726388888923
0 0.314824006640625 0.38437473541666667 0.01582030234374998 0.018749987499999954
0 0.30229960078125 0.42070283750000004 0.0382323953125 0.10078118055555557
0 0.2620896671875 0.43007783055555554 0.06064448906249997 0.11953116666666663
0 0.23242660195312498 0.44765594097222217 0.07778315078124998 0.12187491527777777
0 0.12194000390625 0.49392343263888894 0.2438800078125 0.2941437319444445
0 0.78061944375 0.48814440069444437 0.4376207874999999 0.7824599847222221
0 0.325964130859375 0.3708981826388889 0.01054686796875004 0.02343748472222229
0 0.46867643476562504 0.4265166541666666 0.10151360234375001 0.18993472500000003
9 0.48884732460937497 0.3386716430555556 0.01054686796875004 0.021093736111111094
9 0.38680638671875 0.3316403972222222 0.010546868749999994 0.021093736111111094
8 0.285358697265625 0.34746069861111106 0.010678692968750014 0.02695310555555558
8 0.328930437890625 0.3433591381944444 0.007910150781250014 0.02343748194444445
8 0.298608193359375 0.34570288819444445 0.007910150781250014 0.01874998750000001
8 0.56755332109375 0.2843845556134834 0.009228509374999971 0.02736323344918895
9 0.43198213203125 0.3695309979166667 0.010546868749999994 0.028124979166666675
0 0.3583023424485825 0.418181062653168 0.09112419270966504 0.12938145247144167
