0 0.82525475078125 0.6161689548611111 0.348501534375 0.6000022486111112
9 0.9815736710937499 0.30284895972222226 0.02338936406250003 0.04019505833333331
9 0.499752758984375 0.21899375555555556 0.014033619531250041 0.049897313888888906
9 0.487278430859375 0.2397843013888889 0.010915036718749938 0.04712523888888889
8 0.562124398828125 0.27394445477034607 0.06081234765624999 0.02593017101486339
8 0.6116318863281249 0.3243325236111111 0.024169011718749966 0.016632436111111037
8 0.965590939453125 0.22661695694444445 0.03196546484374985 0.04296713055555554
8 0.981183848828125 0.15177098958333335 0.03664333828124988 0.029106765277777752
0 0.49624435390625 0.6216373368055556 0.2830113125 0.39224830694444446
0 0.08472959335937501 0.5225357333333334 0.08264242109375 0.08039011388888895
0 0.142423359765625 0.5065963138888889 0.06081234765624999 0.07900407499999995
0 0.186473330078125 0.5059032958333333 0.027287592968749996 0.0637576749999999
0 0.20947287265625003 0.50243820625 0.017152201562499997 0.04851128194444443
0 0.230913123046875 0.4892708590277778 0.02105042578125002 0.04435316527777777
0 0.25352284453125 0.49689405694444444 0.022609723437500007 0.03742298333333327
0 0.374757716015625 0.47263842083333335 0.015592910156249973 0.024948655555555588
0 0.32641969531250004 0.47679653125 0.0202707828125 0.02217658472222217
9 0.393859030859375 0.41996903611111114 0.008576099218750022 0.016632438888888934
0 0.306148912890625 0.4795686027777778 0.017152200781250015 0.027720727777777787
9 0.29172547109375 0.4165039465277778 0.014813264062499998 0.01801847361111114
8 0.26787202309063324 0.4259970505708521 0.018825212459302132 0.01005870033041767
9 0.6285323218750001 0.41026678194444444 0.01325397343750001 0.027720727777777843
8 0.48160045546874997 0.4224946229166667 0.013728810937499947 0.013728809722222235
8 0.537373749609375 0.4217319118055555 0.01201271015624994 0.018305081944444468
