0 0.37573216328125003 0.36809957788301184 0.058007771875 0.07590966090064305
0 0.276196098828125 0.3805950859953501 0.14897450703124998 0.18685605023152219
0 0.1226073375 0.44121063402777777 0.245214675 0.3843747347222223
0 0.46999479375 0.38027317569444447 0.17270495937500002 0.34453101249999996
0 0.5675533207031249 0.3298825868055556 0.059326130468750016 0.023437484722222235
0 0.5701900378906251 0.3533200694444445 0.03559567890625004 0.03281247777777779
0 0.5912837738281249 0.35800756666666667 0.07514643359375006 0.03281247777777779
0 0.6060300011522113 0.38337369955494427 0.10991232261692263 0.07723416582444703
8 0.6506099042968749 0.2669429213487917 0.011865225781250044 0.024120567697583417
0 0.71125439375 0.3884762958333333 0.15688465781249994 0.1781248777777778
0 0.8595697214843749 0.4757809229166666 0.2755369195312499 0.2835935541666667
0 0.39122105032638166 0.3197076979969542 0.02994128556876785 0.01878668898432495
