0 0.40974869453125 0.540882487835523 0.2977707515625 0.6700465382178431
0 0.9613647691662397 0.5232630025564126 0.07656461465787179 0.23761445880904825
0 0.7631272378906251 0.5365452453796284 0.10523624921875008 0.12596495646296557
0 0.5623785408389546 0.5239942135464718 0.026342966679169244 0.06953791431740591
0 0.605870796484375 0.5208662861111111 0.05620572421875003 0.06377954444444445
0 0.656695121875 0.5236891166081872 0.04544292656250004 0.062385852894736804
2 0.10898827578125 0.445393825 0.026309060937500003 0.1126771972222223
2 0.085070946875 0.4347639013888889 0.0310925265625 0.10842523055555559
2 0.05756601953125 0.44007886388888884 0.0287007953125 0.10204727500000005
2 0.032452823046874996 0.43263791458333334 0.019133864843749997 0.07440946805555554
2 0.015112757812500002 0.4166930298611111 0.027504928125 0.11055121249999994
2 0.583149333203125 0.5081103777777778 0.0107627976562501 0.04251969722222221
2 0.7097627805907589 0.5321330880315588 0.008947700692222171 0.03811342693709352
2 0.821126761328125 0.5463781027777779 0.008371064843750053 0.03826772777777776
2 0.831291626953125 0.5485040902777778 0.007175197656249854 0.03401575833333326
2 0.84922962421875 0.5495670791666667 0.009566931250000077 0.04889764722222223
2 0.860590355859375 0.5516930645833333 0.013154532031249944 0.053149618055555514
2 0.87195108828125 0.5548820409722223 0.01195866562499992 0.05527560416666666
2 0.88151801796875 0.5612599972222223 0.009566929687500059 0.06377954722222212
2 0.8886932187499998 0.5591340124999999 0.011958665625000031 0.055275602777777766
2 0.9042394812500001 0.5591340124999999 0.009566929687499948 0.055275602777777766
2 0.91619814609375 0.5644489736111111 0.009566931249999966 0.048897650000000015
4 0.91799194609375 0.49003950625 0.015546264062500037 0.03188977083333333
4 0.9173940121093749 0.5102363625 0.07414372109375 0.06377954722222229
8 0.9704535399538807 0.3357596143384406 0.022408398657761452 0.02947180645465891
8 0.9688560323871864 0.36685123885969023 0.01921338352437285 0.027875511052713797
2 0.2208017921875 0.4507087875 0.013154531249999962 0.07653545277777773
2 0.244121189453125 0.47728359722222224 0.014350399218750032 0.08716537777777772
2 0.265048853125 0.47728359722222224 0.022721462499999956 0.08291340833333338
8 0.7864466328124999 0.4166930298611111 0.005979329687500035 0.02551181805555558
8 0.7802514386764272 0.4165031719508485 0.00401932577214581 0.025132102235030374
8 0.7937557652373521 0.4160298363755317 0.0062471976622043845 0.02418543108439669
2 0.6959701361055979 0.527523022734264 0.006922532789008562 0.030293476820277054
