9 0.44856073828125 0.4503021375 0.007568515624999939 0.030505219444444398
9 0.38612047890625 0.43984046736111115 0.003784257812500025 0.02571427916666663
0 0.035184928125 0.5796235965277778 0.06922192499999999 0.14693874583333344
0 0.48634859257812496 0.5271427444444445 0.016530608593749996 0.018367341666666648
0 0.508045016796875 0.5482651895833334 0.041326522656249975 0.06061223194444443
0 0.53387409296875 0.5556121277777777 0.05372447968749994 0.08999998333333326
0 0.559703169140625 0.5748978361111111 0.06198978203125005 0.12122446388888886
0 0.6173149203125 0.6015304840277778 0.12397956562500001 0.18918363194444443
0 0.7888199859375 0.6906120986111111 0.35334176250000016 0.3893876722222222
0 0.44243916250000004 0.5291631534722223 0.015497446874999987 0.027551015277777702
0 0.394913662890625 0.5328366326388889 0.011364792968750037 0.023877545833333347
0 0.925475976953125 0.7971785618055556 0.14774231484375 0.40040807916666654
0 0.375283565234375 0.5351819161094956 0.03409438046874996 0.045466090552324534
0 0.414642763671875 0.5384692729166667 0.04132652265625003 0.07040814861111111
0 0.46423458984375 0.5461223347222222 0.045459173437500056 0.07346937222222227
0 0.202844339453125 0.5898978347222222 0.28308667421874995 0.31530605277777785
8 0.5854687743475333 0.42071961748949427 0.012171486222432804 0.030652232201210772
8 0.2971081734375 0.4513118583333333 0.01033162968750001 0.014693874999999967
9 0.38233622109375 0.43841331250000004 0.003784257812500025 0.02466775555555556
9 0.391166156640625 0.43953457361111115 0.0037842585937499784 0.02242523333333335
