8 0.30616064453125 0.3177550347222222 0.026862239062500015 0.03673468611111114
8 0.3394190844078725 0.3169988482827394 0.023124034440745067 0.03816260622357909
8 0.785031716015625 0.32969380833333334 0.032028053906250076 0.053265297222222174
8 0.181132276953125 0.3582936375 0.015497446093750034 0.04224488888888889
8 0.09279683671875 0.3344160923611111 0.0165306078125 0.05693876249999996
1 0.264174427734375 0.4184884319444444 0.058112077343749985 0.0661224333333334
1 0.41691257042957386 0.4163631731982337 0.04950679554664772 0.05153002582575489
1 0.358027894921875 0.41693868680555557 0.04951802890625001 0.044081623611111176
1 0.3034736836427061 0.4151312642862284 0.0265291717770878 0.02570134704853283
0 0.31656673189966733 0.43140432809608353 0.022925070575665285 0.033654311747722654
0 0.10776558554687501 0.46518631736111116 0.12024682109375003 0.11118913472222225
0 0.737678415625 0.4325509277777778 0.08575253281249995 0.08632651388888885
0 0.9453441874999999 0.5161223402777777 0.10848211874999991 0.2424489305555556
0 0.826792030078125 0.41999970416666665 0.0949218101562499 0.10781242500000005
