8 0.563120336328125 0.1375780236111111 0.029003886718749983 0.016406238888888897
8 0.5400490640625 0.18562486527777777 0.0804198671875 0.08437494166666665
8 0.6975929003906249 0.2676560576388889 0.029003886718749983 0.028124979166666675
0 0.6883643898437499 0.2957810402777778 0.015820301562499917 0.018749988888888902
0 0.6758399859374999 0.29109354236111107 0.011865226562499998 0.014062490277777784
0 0.6646339382812501 0.29226541666666667 0.015820301562500028 0.011718741666666643
0 0.64683609921875 0.2957810402777778 0.014501943750000024 0.018749988888888902
0 0.621787288671875 0.28874979444444443 0.011865227343750062 0.018749986111111117
0 0.58157735546875 0.3004685368055556 0.01318358593750002 0.01874998750000001
0 0.511704356640625 0.2840622986111111 0.03164060390625012 0.018749988888888902
0 0.3864603015625 0.29578104027777774 0.018457018749999943 0.042187472222222244
0 0.33240760468749997 0.28171855069444446 0.034277320312500026 0.04687496805555558
0 0.30406289765625 0.3121872784722222 0.0250488109375 0.0656249541666667
4 0.5637795156250001 0.2875779201388889 0.027685528125000025 0.04921871527777777
4 0.43301497455396587 0.2486898088766522 0.07992576004543178 0.1542548677533044
0 0.353507564453125 0.3185558770833333 0.07911395703125002 0.09242464305555553
0 0.49654323359374997 0.4270309493055556 0.19643541093749994 0.2765623097222222
0 0.060075945312500004 0.3367966375 0.12015189062500001 0.17578113055555555
0 0.02052519140625 0.5770308465277778 0.0410503828125 0.30937478749999997
0 0.203036563671875 0.35021048402777777 0.22114040078125 0.24010879861111112
