0 0.507090101171875 0.6372651874999999 0.09887688515625004 0.1242186638888888
0 0.122788607421875 0.5648433618055555 0.07119135703125001 0.032812476388888956
0 0.1709086921875 0.6070308333333334 0.10942375312500001 0.09843743333333344
0 0.24935102070312498 0.6433589326388889 0.14238271484374998 0.1710936319444445
0 0.038413666015625 0.6234370715277777 0.07646479140625001 0.08437494305555548
0 0.43787628203124995 0.6925776493055555 0.232031090625 0.3492185097222221
1 0.279673265625 0.5519527444444444 0.13710928125000002 0.058593711111111224
1 0.45435576289062496 0.5414058770833333 0.13051748828125004 0.05624996249999992
8 0.7410987292968749 0.5285152625 0.013183583593750048 0.025781233333333264
0 0.701547975390625 0.5882808458333333 0.12656241171875005 0.0843749416666667
0 0.821518595703125 0.5964839645833333 0.18457018515625 0.11484367083333336
0 0.91709958515625 0.5601558659722222 0.025048810937499777 0.02812498194444446
0 0.9665380285156251 0.5777339791666667 0.06591792421875009 0.05859371111111111
0 0.890073236328125 0.60937458125 0.15556629921874998 0.07968744583333343
0 0.9599462359375 0.6175777006944444 0.07910150937500016 0.09609368472222224
8 0.7847203160156251 0.4289154520833333 0.007798463281250001 0.015596926388888877
8 0.8992602378906249 0.4098525430555555 0.006823655468749967 0.019062908333333406
8 0.310963702734375 0.4904366583333334 0.019496157031250017 0.010397950000000045
8 0.0735979921875 0.5346279479166667 0.008773270312499998 0.025994876388888866
