8 0.567433503515625 0.5855957769351255 0.018180249218750055 0.012628067759139938
8 0.61061934803242 0.6277375261564382 0.009455258564840197 0.01735356342398764
8 0.23166294107086743 0.608133864036202 0.011187846093750009 0.012430936111111124
8 0.3051434237854694 0.6277375261564382 0.005443986633438813 0.01735356342398764
8 0.3379382815505828 0.6327099032397716 0.01007816971133435 0.007408809257320903
0 0.3755596499723788 0.6605636234146935 0.013984804687499963 0.0323204416666667
0 0.3446371016973555 0.6552436875761416 0.013462298167789044 0.027614502930060958
0 0.30896695048162887 0.6608161591926947 0.029912194349242305 0.03396887029727991
0 0.3608003242470485 0.6614494043971044 0.026596178912751234 0.034488351344754586
0 0.40605420900861977 0.6573286784816903 0.0356021070797396 0.06349856846732671
0 0.036098270703125004 0.6599052458333333 0.07219654140625001 0.05966850555555547
0 0.053256155859375 0.6350328986111111 0.054954767968750005 0.04085526388888894
4 0.8228369546875001 0.6635151715277777 0.06591792343750014 0.05859370972222222
4 0.787241276171875 0.6696089076388889 0.010546867968749929 0.02578123194444437
0 0.6495598094249 0.6697926806587344 0.05257093714472616 0.053405396464483834
