8 0.658482699609375 0.17503216458333334 0.020470964843749995 0.045057784722222216
8 0.66091971953125 0.21055849444444444 0.037042698437499966 0.015596924999999984
8 0.624851829296875 0.20535951944444442 0.023395388281249985 0.019062908333333323
8 0.612179326953125 0.14037232986111112 0.029244235156249965 0.0623877013888889
8 0.5868343230468751 0.2720797013888889 0.023395388281249985 0.006931966666666622
8 0.460596707421875 0.16203472569444444 0.022420580468750007 0.025994873611111108
9 0.18082685546875 0.23048789930555558 0.006823654687499986 0.027727868055555577
9 0.408931891015625 0.17849814791666668 0.01852134765625002 0.051989751388888866
9 0.5917083625 0.350930825 0.009748078125000115 0.012130941666666617
9 0.42111698945312503 0.18283062708333334 0.01169769453124997 0.04332479305555553
9 0.39772160117187494 0.17936464375 0.01169769453124997 0.04332479305555556
9 0.463521130859375 0.25301679236111113 0.012672502343750058 0.034659834722222255
9 0.493252769921875 0.25128380069444445 0.009748078906249957 0.027727868055555577
9 0.5790358605468751 0.3188704770833333 0.011697694531250025 0.03119385138888886
9 0.5868343234375 0.31627098958333333 0.009748078125000004 0.036392826388888855
9 0.628263656640625 0.3145379979166667 0.03411827421875002 0.039858809722222166
9 0.599994229296875 0.2244224284722222 0.01852134921875004 0.06412069305555557
2 0.5356569113281249 0.4315149395833333 0.02437019609375002 0.10744548749999999
2 0.702349052734375 0.41591801388888894 0.022420580468750062 0.09011556944444449
2 0.8466206140625001 0.4245829729166667 0.03606789062499993 0.12824138750000003
0 0.202760031640625 0.4514443444444444 0.06823654921875 0.18543011388888886
0 0.547842009375 0.41938399722222225 0.085783090625 0.08318360277777781
0 0.593170573828125 0.41245203055555557 0.11405251796874993 0.09358155277777785
1 0.832485900390625 0.37519270833333335 0.33338428359374994 0.17503216388888887
1 0.10186741992187501 0.4401798986111111 0.20373483984375002 0.7070606250000001
0 0.36652775 0.5224970055555556 0.37822544375 0.6533378805555556
8 0.7155089589843749 0.22008994930555556 0.015596925781250048 0.03812581805555554
0 0.177415027734375 0.3647947576388889 0.07018616484374998 0.039858806944444436
0 0.652633852734375 0.40985254375 0.03606788984375009 0.03639282638888891
