9 0.632334155859375 0.49148402986111117 0.006591791406249881 0.025781231944444427
9 0.5130227148437501 0.5090621444444445 0.007910151562500078 0.023437483333333398
9 0.482041291015625 0.5395308722222223 0.009228508593749962 0.018749986111111006
8 0.662656401171875 0.4891402819444445 0.030322246093750116 0.011718741666666588
8 0.503135025390625 0.5043746479166666 0.011865225781250044 0.014062490277777728
8 0.36783307930053166 0.47547918621173124 0.016262040216235063 0.03090410707759611
8 0.41941926328125 0.5043746465277777 0.007910151562500023 0.018749987500000065
9 0.35613805703125 0.5242965076388888 0.010546868749999994 0.01640623749999992
0 0.44644561171874997 0.5699996 0.02241209218750001 0.03749997499999991
0 0.3970071703125 0.6036587136276397 0.087011659375 0.11548713677925848
0 0.544004138671875 0.5910933375 0.05668941484375001 0.1031249305555556
1 0.51170435625 0.5512496131944444 0.03691403749999994 0.05156246249999996
0 0.603989449609375 0.5454612946722937 0.06328120703124995 0.08657659398874595
4 0.675839985546875 0.5489058659722221 0.05668941484375001 0.09374993750000005
4 0.7463721632812499 0.57937459375 0.10546867656250003 0.25781232361111117
0 0.591465043359375 0.6379683041666666 0.06723628203124998 0.12187491666666672
0 0.481382112109375 0.6379683041666666 0.10283196015625001 0.14062490277777784
0 0.65474625078125 0.7328901138888889 0.18061511093749993 0.2742185611111112
0 0.20509537695312502 0.6637495368055556 0.41019075390625004 0.5015621541666666
4 0.872275398046875 0.6203901909722223 0.2544431851562501 0.6492183041666666
