8 0.7055030507812501 0.4410934388888889 0.018457018750000054 0.023437483333333287
8 0.713413201171875 0.41062471180555554 0.02373045234375004 0.01874998750000001
8 0.705503051171875 0.389530975 0.013183585156249955 0.01874998611111106
8 0.6995704371093749 0.2922654173611111 0.030322244531249987 0.07734369861111112
0 0.3373232955618867 0.567104139846152 0.015104817686273475 0.036396549136748724
0 0.32647499140625 0.5664839784722222 0.014501943750000024 0.035156226388888934
0 0.3159281234375 0.5676558534722222 0.011865226562499942 0.03749997638888891
0 0.23748579414062498 0.5735152236111111 0.036914036718750015 0.04921871666666666
0 0.2025492953125 0.5723433493055556 0.0408691125 0.07499994861111114
0 0.15970264570312498 0.5864058395833334 0.06064448984375001 0.07499994861111114
0 0.5176369691406251 0.5664839784722222 0.014501942968749959 0.03046872916666654
0 0.51500025234375 0.5547652368055556 0.022412093750000084 0.030468729166666764
0 0.5215920453125 0.571171475 0.014501943750000024 0.04453121944444449
0 0.529502195703125 0.5688277263888889 0.017138660156249874 0.04921871666666666
0 0.5433449589843751 0.5688277270833333 0.026367169531250068 0.0632812069444445
0 0.580258996484375 0.5782027215277779 0.029003886718749983 0.07734369861111123
0 0.5710304875 0.5735152243055556 0.050097621875 0.07734369861111112
0 0.6290382605468751 0.5758589715277778 0.09755852734375003 0.11484367083333336
0 0.712094843359375 0.6028120777777778 0.11074211171874992 0.15937489166666663
0 0.84195315234375 0.6192183166666667 0.2544431843749999 0.2718748138888889
0 0.28758341679687494 0.5676558527777777 0.052734338281250015 0.06562495555555559
0 0.07796441992187501 0.5922652104166667 0.11865226171875001 0.09609368472222224
0 0.437217102734375 0.6192183152777778 0.17534167578124998 0.23437483888888888
0 0.93160152890625 0.6578901659722223 0.1357909234375001 0.3164060319444445
