9 0.50839503046875 0.5155931236111111 0.006006354687499993 0.012203388888888944
9 0.49466621953125 0.5049151597222222 0.004290253125000032 0.012203388888888889
9 0.5264140953125 0.5201693930555555 0.004290254687499995 0.012203388888888944
9 0.41229335312500004 0.46601686180555557 0.006006354687499993 0.01983050416666665
9 0.2983442203125 0.4622033020833334 0.006006354687499993 0.021355929166666676
9 0.418042291015625 0.46677957222222227 0.005148303906249985 0.018305080555555575
9 0.5488222447058502 0.46513774171846023 0.002973913641263315 0.011054547676614845
8 0.380974503515625 0.47669482430555554 0.02574152109374994 0.016779656944444388
8 0.5813293394531249 0.46754228472222226 0.023167367968749963 0.01067796388888892
8 0.6288394657726113 0.4805083826388889 0.009438557812499915 0.009152540277777677
8 0.576181035546875 0.5087287166666667 0.012870760156249994 0.007627116666666711
8 0.29345333359375003 0.5026270236111111 0.012012709374999986 0.007627116666666656
9 0.29087918203125 0.5247456638888889 0.006864406249999955 0.00915254166666668
0 0.5402333313256098 0.5394888661627951 0.006633951123274806 0.011348376168405672
0 0.532849475 0.5399998979166667 0.01029660781249997 0.012203387500000051
0 0.49234154954819825 0.5500075867443748 0.010563460641435984 0.021128163457708404
0 0.524449528169821 0.5452875635964916 0.008941626652142043 0.02277871885964966
0 0.5753043220244773 0.5458439558031933 0.00926045984677093 0.018327581206035393
0 0.47332743105965824 0.5507702985499303 0.014790871061381938 0.01848995543319376
0 0.4542217831162698 0.5563669156634036 0.013728810937499947 0.021355926388888946
0 0.442325126953125 0.5584487321756609 0.016302963281250027 0.021355927777777728
0 0.431482169236252 0.5617543896749717 0.010849622152662053 0.023228599104796577
0 0.42087386054687503 0.5583049784722223 0.012870760156249939 0.027457620833333363
0 0.347939553125 0.5628812486111111 0.04376058593749993 0.07016947777777771
0 0.318336803125 0.5811863298611111 0.04461863593750004 0.05186439861111103
0 0.17504233984375 0.595677851388889 0.089237271875 0.08084744166666658
0 0.6421939694371553 0.5617798213848593 0.053660368333963815 0.09461291149658324
0 0.6757149140625 0.5750846368055555 0.08151481562500007 0.10983048750000002
0 0.69845325703125 0.5827117555555557 0.053199142187500104 0.12203387499999996
0 0.7928388328125 0.60208465 0.19220335312500003 0.22728809166666664
0 0.9111640433593751 0.6223727631944445 0.17590039140625002 0.30203384027777763
0 0.28315672617187504 0.5880507361111111 0.06349575078124997 0.07474574999999994
0 0.394703314453125 0.5773727715277778 0.06521185078125002 0.08694913472222221
0 0.511398208203125 0.5628812486111111 0.03603812890624991 0.042711855555555456
1 0.253553976953125 0.5666948069444444 0.07979871328125004 0.10830506388888883
1 0.5950109968048798 0.5439245135180943 0.030563409842299105 0.053324429351533476
0 0.6196003026244816 0.556946829945822 0.016293577246040303 0.07724362546270969
