0 0.43159949414062504 0.48096601319444443 0.022309317968749964 0.05338981805555559
0 0.404999923828125 0.4840168631944445 0.04633473515624997 0.07779659583333337
0 0.303749942578125 0.4725761826388889 0.03603812890625002 0.015254234722222204
0 0.356520060546875 0.4977456756944445 0.06950210546874996 0.11745760694444446
0 0.2844438015625 0.5483866334188416 0.11755294531250002 0.13636666405990538
0 0.5071079546875 0.4638037723777167 0.015444912500000019 0.027457622222222255
0 0.5257480342622576 0.4677019623185306 0.028699656024515074 0.04211595241483901
0 0.5710242761356399 0.45271921813209 0.022291837966252115 0.014441058175413302
0 0.5499617511157704 0.4791006991894524 0.037397958656472 0.050883450103544725
4 0.7172445625 0.44359313958333335 0.1553071734375 0.1281355652777778
0 0.11360590937500002 0.6539490368055556 0.22652538125000002 0.4103389319444445
0 0.4405138083862883 0.4784670130594667 0.007719694099862506 0.03019258136835129
0 0.4445666477887161 0.4719481602640273 0.016597342314704444 0.029506386337252388
0 0.4528653189460683 0.4688602826240823 0.010807571739807564 0.027447801243955683
0 0.45846209716846864 0.46783099007743395 0.008105678804855632 0.025389216150659033
0 0.4634798983333793 0.4661155024996867 0.00656173998488313 0.021958240995164524
