8 0.55351562734375 0.46471533750000005 0.019194301562500016 0.03625590000000006
0 0.064780762109375 0.6430090513888889 0.028791450781250005 0.027725100000000058
0 0.20393943828125 0.6270138027777777 0.08637435000000002 0.08104260277777775
0 0.18654460390625 0.6408763520833334 0.04438681875000003 0.049052101388888825
0 0.20034050703125 0.6451417527777779 0.04798575000000002 0.05758290277777778
0 0.23872910703125 0.6430090520833334 0.08397506249999998 0.07037910138888892
0 0.327502745703125 0.6366109520833334 0.10796793828125001 0.0874407041666666
0 0.66388285390625 0.5905446326388889 0.19434228906249995 0.12582929861111114
0 0.567131584765625 0.7005919520833334 0.40427994609375 0.3327012041666666
0 0.888096274609375 0.5980090875 0.22193409453125001 0.2815164000000001
0 0.08877363671875 0.6492294368055556 0.023992874999999983 0.03803317361111114
0 0.10187475515090799 0.6374525361673612 0.012032451395776536 0.014260683135735253
2 0.11691531939562866 0.6378090532457547 0.00762055255065848 0.026382263801109973
2 0.12834614822161636 0.6349569166186075 0.006417307411080819 0.02923440042825709
