0 0.59167948046875 0.6693747652777778 0.01898436874999998 0.03562498611111109
0 0.563202927734375 0.6684372659722222 0.014765619531249996 0.018749995833333366
0 0.649687273828125 0.7181247493055556 0.11179683671874996 0.21562492361111119
9 0.55371074375 0.6121872854166667 0.010546871874999919 0.02249999305555561
9 0.53578106328125 0.6393747743055556 0.012656245312500092 0.02062499305555554
9 0.6175193160156249 0.58874979375 0.013710933593749974 0.024374990277777675
9 0.786796600390625 0.6365622763888888 0.011601558593750005 0.018749994444444473
0 0.30533192343750004 0.6871872597222223 0.0727734109375 0.08624996944444452
0 0.3986717359375 0.6787497631944445 0.04218748593749999 0.05062498472222221
0 0.5028563848838962 0.6558019099205117 0.013114997419707619 0.017770719047865646
5 0.90500225390625 0.702576354861111 0.04097350468749994 0.0558453680555554
