0 0.054316387109374996 0.6187497833333333 0.10863277421874999 0.1274999555555556
0 0.31060536015624995 0.5718747993055555 0.05378904374999999 0.0749999736111111
0 0.34224597382812505 0.5709373 0.02425780390625004 0.05812498055555548
0 0.3603997483343964 0.5684352780901127 0.024501866304134312 0.038273489828155816
0 0.401564695572164 0.5493907375975415 0.020140882237210833 0.03519086894736467
0 0.41712876054687503 0.5468962493708063 0.011601558593750005 0.018749995833333366
0 0.4698548501936818 0.5487911964978885 0.014518124191898518 0.022104614789244748
1 0.5279863147516095 0.5389337971130825 0.07140137166976551 0.12148928827910555
8 0.753573955078125 0.29531239722222224 0.07277341171874996 0.11062496111111114
9 0.547382620703125 0.02437499166666667 0.03796873671875001 0.04874998333333334
0 0.4257548476050791 0.5450761368425954 0.010359048670693427 0.01911704933769698
9 0.4630467137633213 0.5109551716778127 0.006406249401642583 0.013278312453374741
9 0.4319126227267427 0.5124291545655939 0.006206006978241085 0.015158823933585475
0 0.488765722491434 0.5629388810160298 0.016078647213789654 0.042404333665332805
