0 0.82127561015625 0.5588898319444444 0.3519056328125 0.3206034694444445
4 0.64191096640625 0.4592428076388889 0.13549829062499996 0.19756105694444442
0 0.33630870703125 0.4029205763888889 0.05653885468749997 0.0745186444444445
0 0.37140178945312496 0.3864571548611111 0.019496157031250017 0.045057784722222216
0 0.3867629871159399 0.37917865327208383 0.018521349218749983 0.024114977197244425
0 0.39874102390323907 0.37463191276476976 0.009990916896406021 0.018798362558795856
0 0.5653885503906251 0.44364588125000004 0.06433731796874997 0.11784343749999998
0 0.49815904710002074 0.39883709327364125 0.05270409888754146 0.06981766154728247
0 0.4756935582844416 0.39078445055525685 0.014146584828686304 0.055661746112590005
0 0.44860039030438414 0.3765014450113723 0.015646008557239577 0.02370535545743685
1 0.43014402335395757 0.36547016146017364 0.011219780553328618 0.01838874081898839
0 0.7627871394531249 0.39512211388888885 0.11015328671875002 0.062387702777777776
