8 0.40634264179687496 0.3605921083333333 0.017985197656250007 0.017763158333333307
8 0.4398150921875 0.39078947430555555 0.008992598437499999 0.014210526388888922
8 0.39635086601562497 0.37569078888888885 0.009991777343749952 0.012434208333333363
8 0.274451194921875 0.3001973715277778 0.029975328906250043 0.014210526388888922
8 0.27894749335937497 0.3303947395833333 0.04096628359375004 0.03552631805555556
0 0.35088828359375 0.40411184375000003 0.014987665625000035 0.023092104166666627
0 0.31891459921875 0.4076644791666667 0.03297286093749996 0.02309210833333336
4 0.323410897265625 0.3827960576388889 0.035970394531250005 0.04796052638888887
4 0.251969698046875 0.39345394930555555 0.07693667734375001 0.05861842083333335
0 0.234983676953125 0.4183223701388889 0.07094161328125001 0.047960526388888924
0 0.2015112265625 0.40998340694444446 0.015986842187500017 0.031282599999999994
0 0.025156373046875 0.4405263180555556 0.04895970390625 0.07105263055555555
0 0.42133030625 0.40322368611111115 0.011990131250000036 0.017763158333333362
0 0.41583482968749996 0.4138815833333333 0.016986020312500016 0.024868422222222186
0 0.4378167375 0.40588816041666664 0.01099095312499998 0.015986840277777747
0 0.45630152421875003 0.40944079097222225 0.017985196874999942 0.030197368055555618
4 0.507259582421875 0.38279605555555557 0.08393091953125004 0.17585526388888895
0 0.38935662265625004 0.44763158125 0.07593750156250006 0.10657894861111111
