8 0.39528261718749996 0.25023679930555554 0.015595368750000005 0.021327001388888933
8 0.7144753774591193 0.26430031748554894 0.016570161168238617 0.01959623774887559
8 0.533961441796875 0.3518955 0.010796794531249931 0.017061599999999955
8 0.4343910109375 0.3348339034722222 0.00839750625000002 0.021327001388888822
8 0.4391895859375 0.3486964527777777 0.010796793750000033 0.019194299999999942
0 0.45994341562499996 0.40265375972222217 0.06478076406250005 0.1023696
0 0.524844142578125 0.3854855270833334 0.01799465546875012 0.031990498611111085
0 0.530242538671875 0.39081727499999996 0.014395725781250146 0.03838859722222221
0 0.5428387984375 0.38975092638888886 0.02279323281250001 0.04905209999999999
0 0.563832564453125 0.3886845770833333 0.03598931328124999 0.06824639861111115
0 0.5860259730468751 0.3940163263888889 0.053983967968750046 0.07037910000000003
0 0.6388102992187499 0.4142769777777778 0.07317827031250002 0.07677719999999999
0 0.7017915953125 0.35776042708333333 0.06238147500000002 0.019194298611111105
0 0.7914649675781249 0.4334712777777777 0.18594478359374988 0.18767759999999994
0 0.9294239984374999 0.388684575 0.13795903281249988 0.07251179999999996
0 0.9834079675781249 0.5699640763888889 0.03239038203125 0.16635060000000002
0 0.3454974015625 0.3844191756944445 0.0743779140625 0.0639810013888889
0 0.17214887890625 0.38655187430555554 0.2555241203125 0.1535543986111111
2 0.5140088158773145 0.38707832832394096 0.008105678804855687 0.03568214161714239
