9 0.551741241015625 0.3803916854166667 0.007798461718749983 0.01213094583333324
8 0.235992522265625 0.3942556194444444 0.015774971093750007 0.008664961111111091
8 0.628751059765625 0.3942556194444444 0.011697692968749895 0.008664961111111091
8 0.629725868359375 0.4029205756944444 0.015596925781250048 0.008664959722222199
8 0.170591373828125 0.40985254513888886 0.009748080468749976 0.0329268430555556
8 0.8310236886718749 0.30414004930555555 0.020470964843750106 0.060654712499999985
8 0.7164837667968751 0.3821246777777778 0.015596927343750067 0.012130947222222244
8 0.22079397695312497 0.3708602298611111 0.01657173359375 0.013863931944444463
8 0.6014564421875 0.40811955 0.007798464062499955 0.01906290833333335
8 0.6326502910156251 0.3777921951388889 0.011697694531250025 0.013863931944444463
0 0.48886613515625005 0.4193839986111111 0.008773271874999988 0.013863936111111086
0 0.48106767265625006 0.42544946944444445 0.008773270312500026 0.01559692777777777
0 0.497639405078125 0.4193839986111111 0.010722885156249917 0.013863936111111086
0 0.5260513880255044 0.41606111346937574 0.008488158323990969 0.010684146383195925
0 0.538581334765625 0.4211169888888889 0.014622117968750015 0.01732991666666661
0 0.54053095078125 0.4263159652777778 0.008773271874999988 0.013863936111111086
0 0.5473546046875 0.4280489548611111 0.010722885937500037 0.013863931944444463
0 0.5580774914062501 0.4401798965277778 0.010722887499999945 0.03119385138888886
4 0.578548455859375 0.4349809236111111 0.038017505468750046 0.06585368611111109
0 0.6268014449218751 0.4800387076388889 0.011697694531250025 0.041591801388888794
0 0.63801173515625 0.47483973194444445 0.02047096406250004 0.0554557361111111
0 0.913882355078125 0.44451237708333335 0.038017505468750046 0.02252889027777777
0 0.8558812890625 0.43844690625 0.02339538906250016 0.02079590138888887
0 0.804703876953125 0.4419128888888889 0.02437019609375002 0.01732991388888888
0 0.779846276171875 0.44451237708333335 0.03704269765625001 0.015596926388888932
0 0.7362866619665975 0.4572729938877529 0.05715233018319499 0.04805012388661689
0 0.6735922210937499 0.47830571597222216 0.0701861640625 0.08318360416666665
0 0.14835363509467153 0.48069364373132095 0.04020136889239981 0.042293173233384274
0 0.37530102109374996 0.4757062277777777 0.05069000937500001 0.05025676111111105
0 0.016084328515625003 0.49650212986111114 0.030219041406250004 0.07105266249999997
0 0.073597992578125 0.49996811319444445 0.09065713046874999 0.08145061250000002
0 0.196423780859375 0.48177169999999997 0.06921135703125003 0.07625163611111108
0 0.23562693795701417 0.47081150225351776 0.008773271874999988 0.029460859722222177
2 0.50056382890625 0.43238143541666674 0.006823654687499958 0.02599487638888892
