0 0.5127489265625 0.5207640138888889 0.10917847812500009 0.13690634722222217
0 0.293904565625 0.5164315333333334 0.032168659374999964 0.058921716666666735
0 0.3056523437147588 0.4785728310620466 0.019496157031250017 0.032926844444444436
9 0.29244235390625 0.4670412701388889 0.0038992312500000237 0.015596926388888877
9 0.37627582890625 0.4307272102290942 0.007798464062499955 0.01543939343070061
8 0.4290499428415253 0.3998449640828332 0.01196667474555052 0.016377664276777504
8 0.41966104498272755 0.34682141195663585 0.068646692359842 0.04006932342030167
8 0.5532034523437499 0.0736521486111111 0.04971519999999996 0.09531454444444444
8 0.49081575 0.41158553611111115 0.010722885937499982 0.039858808333333384
8 0.6906512455614788 0.20622662019989113 0.035093082031250056 0.02252889166666666
8 0.6692862178979861 0.23138322559295862 0.04792684829597238 0.03298450396369507
8 0.6604326555030637 0.2642812388888889 0.019496157031250072 0.032926844444444436
8 0.6861021638478944 0.2968128370505667 0.02404530297908114 0.06679780111565786
2 0.5852865023865856 0.48489447210102954 0.018350131335671427 0.07556521364650348
2 0.5695991862915646 0.49200451503128284 0.016923730541870796 0.06898939950701016
2 0.6991090999339432 0.5151910774680069 0.02534500390624994 0.13690634583333333
2 0.755963484765625 0.5233635013888889 0.04581596953124989 0.2079590083333333
0 0.3753010203125 0.5614893194444445 0.15791887031250007 0.25648277500000005
1 0.14817079296875 0.43324793125000005 0.2963415859375 0.8318360291666667
9 0.4152681429687499 0.019929405555555557 0.023395389062499994 0.03292684444444445
9 0.39967121640625003 0.02252889236111111 0.01559692500000004 0.04505778472222222
2 0.5923116166328863 0.4839779533366516 0.009674781396907473 0.07166504738449925
