8 0.609254903515625 0.3301349243055556 0.035093082031249945 0.029460859722222232
8 0.6141289425781251 0.28507713888888886 0.01559692421875003 0.02252889166666666
9 0.601943844921875 0.18196413125 0.014622117968750015 0.05198975138888884
9 0.34313236210937503 0.10224651041666666 0.021445772656249973 0.07625163194444444
9 0.362141114453125 0.10051351944444445 0.01657173203125001 0.06931966666666667
9 0.327535436328125 0.10657899097222223 0.011697694531250025 0.06412069305555557
9 0.6190029816406251 0.3084725270833333 0.01559692421875003 0.01732991805555556
2 0.109665882421875 0.49736862569444446 0.020470964843749995 0.10051352083333331
0 0.551741240625 0.4627087916666667 0.1481707921874999 0.0935815555555557
0 0.8411945200357827 0.4039496231634438 0.025215702571565024 0.02047079811755681
0 0.812502339453125 0.4072530548611111 0.03411827421875002 0.031193848611111075
0 0.786182527734375 0.41158553541666665 0.024370196093749907 0.03985880972222228
0 0.758400504296875 0.4133185270833333 0.015596925781250048 0.02599487638888892
0 0.7423161746093749 0.42718246041666663 0.03606788984374998 0.05718872638888889
