9 0.549277572265625 0.07312494236111111 0.017138660156249985 0.07968744583333334
9 0.6428810234375 0.3742966104166666 0.009228507812500064 0.021093734722222257
9 0.5413674226562499 0.37195286111111114 0.009228509375000082 0.02109373611111115
9 0.381846047265625 0.20203110208333336 0.017138660156249985 0.07499994861111112
9 0.33899939609375 0.3344528881944444 0.013183584375000001 0.030468729166666708
9 0.34888708437500005 0.33562476249999995 0.006591792187500001 0.023437483333333342
9 0.610581241015625 0.40124971805555554 0.007910150781250014 0.023437486111111017
9 0.5499367519531251 0.39890596875000006 0.01054686796875004 0.018749987499999954
8 0.35877477343749997 0.2793748013888889 0.031640603125 0.028124980555555512
8 0.34690954687500003 0.22898420972222222 0.023730451562499977 0.021093733333333337
8 0.449741508203125 0.12585928125 0.07646479140624995 0.03515622638888889
8 0.6659522964843749 0.37781223333333336 0.018457019531250007 0.018749986111111172
8 0.468198526953125 0.3860153520833333 0.015820300781250074 0.030468729166666653
8 0.5235695828125 0.3731247368055556 0.018457018749999943 0.014062490277777784
8 0.536093987890625 0.4024215916666667 0.011865225781250044 0.011718741666666699
2 0.22232467226562502 0.4422653138888889 0.03032224453124996 0.11484367222222219
0 0.6262202718750001 0.42991040625 0.013183584375000001 0.02343748472222218
0 0.6374263191406251 0.42991040625 0.014501942968749959 0.03281247916666663
0 0.6578608765625 0.4240510333333333 0.026367168750000114 0.04921871666666666
0 0.5280025667968751 0.42873853194444445 0.022412094531249926 0.03984372222222221
0 0.4844967375 0.43928539791666665 0.04350582968749994 0.06562495416666658
0 0.726415515625 0.4406246965277778 0.03427732031249997 0.05624996250000003
0 0.676114112890625 0.4404768361111111 0.06368876953124991 0.07470422777777774
0 0.46340300234375 0.4546871881944444 0.048779264062499994 0.0703124541666666
0 0.604467357421875 0.43359345138888894 0.019775375781249993 0.028124980555555512
0 0.5748042921875001 0.4347653270833333 0.015820301562500028 0.016406240277777706
0 0.5616207078125 0.4359372 0.013183584375000001 0.014062488888888836
0 0.862387708984375 0.527812129861111 0.27421856171875003 0.5390621291666666
