9 0.079839434765625 0.03148221527777778 0.03401680703125 0.06225297777777778
9 0.41950725820312496 0.3160672680555555 0.009004449218749933 0.0480237277777778
9 0.5530732507812499 0.27515816666666665 0.01000494374999994 0.051581038888888875
9 0.30695164609375003 0.44235188541666665 0.012005932812500009 0.023122534722222254
8 0.06833375 0.30361667291666666 0.08704300625 0.14407118472222222
8 0.211404438671875 0.35697636875000005 0.029014335156250015 0.04090909861111108
8 0.404499842578125 0.32140323819444444 0.019009392968749927 0.03379447638888888
8 0.6706313332031251 0.3116206270833334 0.06503213203125002 0.03201581805555559
8 0.7581745867187499 0.39166017291666666 0.030014829687500022 0.021343879166666635
8 0.7513740314114761 0.43842649699967984 0.016217901188130157 0.03214646702562912
8 0.57258288984375 0.4823716576388889 0.013006426562500062 0.021343879166666635
8 0.5808341705385437 0.4784577666507108 0.011094588297932084 0.02136732981000966
8 0.5735111142545575 0.4524477351069728 0.007147999615884859 0.013602774230498771
8 0.7041478937500001 0.4725890465277778 0.022010874999999985 0.0124505958333333
0 0.05371123486403409 0.5044261063563906 0.06626331933443183 0.061895462712781235
0 0.15187502578125 0.50905150625 0.07603756718750002 0.0604743236111111
0 0.288442500390625 0.5126088194444445 0.03101532421875003 0.03913044444444436
2 0.658886189480078 0.5487293705759354 0.013054943671127583 0.05833567299199682
2 0.647180673243656 0.546190677605472 0.01278305593641127 0.06477121923156504
0 0.9125586148180411 0.5762070579313098 0.018008898437500087 0.026679847222222275
1 0.4823712273883477 0.48579148802203836 0.13009094569403196 0.2679477042549455
8 0.5800106683593751 0.5389604270833334 0.005848847656250045 0.017329918055555504
0 0.986505540234375 0.6022146243055555 0.023395388281249985 0.05025675972222221
0 0.9743204417968749 0.5970156493055556 0.02242058046874995 0.04332479305555548
0 0.9631101519531251 0.5857512034722222 0.01949615703124985 0.027727868055555493
0 0.9562864964843749 0.5770862451388888 0.023395388281250096 0.024261884722222238
2 0.9327371919099441 0.5685581009411609 0.007798462499999936 0.032926841666666706
9 0.02734877734877735 0.14667971328803292 0.0546975546975547 0.09233238768717698
9 0.09601857265625 0.20016054444444445 0.04581596874999999 0.07451864444444445
0 0.369939577734375 0.5043005923611111 0.028269427343749987 0.03812581805555554
