0 0.049935176562499996 0.6541992305555555 0.0936056140625 0.08112486388888884
0 0.6994313008617863 0.648025194130469 0.09510783252171728 0.10885293509276628
0 0.6529579648341369 0.64308421763863 0.02954851876922615 0.06954163040401651
0 0.6312195155570035 0.6295941665682072 0.05842256793088407 0.07530125244121633
0 0.5966926684236029 0.628881161217561 0.028751133722205835 0.059610477990677646
0 0.5775471653259596 0.6269375572544171 0.01854181033941915 0.04740276173105662
0 0.5659629287770975 0.6244604472576595 0.013903427812381075 0.04660879451531885
0 0.5578398666305538 0.6226946756297942 0.01592278876256681 0.039793600794393535
0 0.5433640898073726 0.6160435372695372 0.01706237038525471 0.033935230094630064
0 0.4963753627925961 0.6138538401054644 0.016774674967487302 0.025668612562418813
0 0.4725305687990635 0.6156899775161055 0.018721121093750126 0.0228813736111112
0 0.37610753125604524 0.6221863996241639 0.01998205863854935 0.02854733003648069
0 0.3613986767213855 0.6170812906125974 0.015126201472696887 0.02381226131555536
0 0.34180673125 0.6259689548611111 0.026911617187500014 0.035362120833333344
0 0.4381313627837745 0.6025157903542733 0.012335186570467116 0.015005226251132986
9 0.9198213921875 0.3915091923611111 0.015210912499999951 0.06032361805555553
9 0.776487796484375 0.2906231430555556 0.016380982031249935 0.07904473888888891
9 0.756932676171875 0.29478339166666667 0.02038911953125 0.09152548888888887
8 0.835541394679049 0.3322875619938774 0.07553919639916318 0.042585122147535515
8 0.32367064140625 0.5482614465277778 0.016380981249999982 0.012480751388888822
9 0.352337362109375 0.5448440895833333 0.005850353906249994 0.018721123611111112
9 0.519657395703125 0.5512330486111112 0.005850350781250069 0.027338788888888854
9 0.4319021316406251 0.5565819437499999 0.0035102085937500083 0.020801245833333426
9 0.53603837734375 0.5531645895833334 0.015210912500000062 0.014560873611111136
8 0.61313110859375 0.5479748875 0.014947114062499933 0.026723283333333292
9 0.8916824198814882 0.5248330641860981 0.019776616325476448 0.03278231448330737
8 0.91163090078125 0.46015330833333334 0.036272174999999796 0.01872112222222222
0 0.5283661940043355 0.6097221180576902 0.020046802892270454 0.028183869448713872
8 0.42454008359374995 0.5628335791666668 0.007722454687499936 0.010677963888888864
0 0.3966069653172358 0.6137547251658542 0.019076796300708965 0.024717204999788578
0 0.42182713669783406 0.6074317192356757 0.018430125239667916 0.022417930116087392
0 0.5007210061448336 0.6183532749332568 0.02166348054487277 0.024717204999788578
0 0.5495446712534275 0.6206525498169579 0.01067007250717611 0.02931575476719106
0 0.5173727859666388 0.6100184034798396 0.007760052732491807 0.02184311139516204
0 0.5109060753562291 0.6085813566775264 0.010993408037696661 0.020118655232386096
