0 0.42087424453125 0.3970958159722222 0.005850351562499967 0.018721123611111112
0 0.41373292624802505 0.402191890972128 0.011864143920595538 0.016129032258064502
0 0.43959536640624997 0.40957656388888886 0.03159189531250001 0.05200311666666663
0 0.29450666601562503 0.41061662777777774 0.038612316406250013 0.049922994444444424
8 0.490551917578125 0.39730382569444445 0.009360561718749993 0.018721123611111168
8 0.9033619853876989 0.2152140668897723 0.055713966087897915 0.11216904766843341
9 0.9183097196599539 0.08209263538900143 0.03558896900740771 0.12034739454094293
9 0.8905696386718751 0.07577596180555556 0.04095245546875004 0.14976897916666668
9 0.446528009765625 0.14233995277777778 0.011700700781249962 0.06240374166666668
9 0.4728545875 0.14129989305555554 0.01287077187500002 0.05616336944444443
9 0.46115388710937505 0.1340194548611111 0.015210911718749998 0.05408324305555556
9 0.08088108203125 0.2880972673611111 0.012870770312500002 0.0413053263888889
9 0.081466117578125 0.3212306784722222 0.014040841406250004 0.0374422430555556
9 0.46231581897369456 0.18372113605678358 0.015194636384889215 0.0411598721135672
