0 0.93851457734375 0.3712694208333333 0.09372984687500008 0.0827449194444444
0 0.8979705082031251 0.3632303034722222 0.044652069531250116 0.04742268749999995
0 0.876224370703125 0.37353958402777776 0.02435567265625005 0.05567011249999998
0 0.8367913765625 0.3704467958333333 0.04523196562499998 0.06597939166666661
0 0.805476938671875 0.37560143958333336 0.022036085156249996 0.05979382361111113
0 0.76198466171875 0.3745705125 0.0347938203125 0.037113411111111105
0 0.6173970203125 0.3841925069444444 0.032474234374999966 0.045360836111111136
0 0.6692932931061775 0.38030538676845993 0.045627557537644914 0.05176049035196911
0 0.701965321484375 0.3793815069444445 0.022036085156249996 0.05360825555555554
0 0.590625098046875 0.3742268673611111 0.022036086718750014 0.039175268055555545
0 0.569168908984375 0.3742268659722222 0.023195880468749985 0.035051551388888824
0 0.549983994140625 0.37044679999999997 0.01749353671874998 0.028865986111111075
0 0.532345449609375 0.37044680138888886 0.023195880468749985 0.03711341111111105
0 0.5021908039062499 0.37731965347222224 0.03247423281249995 0.03436427083333338
0 0.45927842734375 0.3745705097222223 0.02551546718750003 0.04123711944444447
0 0.47609543945312494 0.37663236805555556 0.015077324218750021 0.03298970000000001
0 0.439561927734375 0.3745705125 0.018556703906250083 0.045360833333333295
0 0.42448460703125 0.3756014381944444 0.011597940625000025 0.03092784027777773
0 0.40186862382812505 0.37663236805555556 0.01971649765625 0.03298970000000001
0 0.3676547 0.37938150833333334 0.018556704687500036 0.02886598611111113
0 0.346778408203125 0.3796564215277778 0.020876292968750043 0.026941593055555546
0 0.323582528125 0.3786942263888889 0.027835056250000045 0.032989697222222225
0 0.38505161015625 0.38075608680555556 0.01159794062499997 0.024742270833333357
0 0.28878870859375005 0.3806186180555556 0.023195879687499976 0.02886598611111113
0 0.730228416796875 0.36246650625 0.018446239843749934 0.0392186180555556
0 0.1505909765625 0.392763225 0.039068509375000005 0.0550403416666666
8 0.5607604019531249 0.31782037013888886 0.010438146093750045 0.03298969861111112
0 0.254532353125 0.3837527444444445 0.028909989062500002 0.03230654999999999
0 0.22210055273437498 0.3820324611111111 0.03363402578125002 0.02886598333333329
0 0.07175641171875 0.3889073854166667 0.03913136406249999 0.02199726805555563
8 0.187306731640625 0.3608248055555555 0.03827320234374998 0.05360825555555554
8 0.11538460118599034 0.39040529047585004 0.012562034739454095 0.024813895781637785
