0 0.23365378789062502 0.5826921666666667 0.01298076640625001 0.020769227777777788
0 0.25312493671874997 0.5976921604166667 0.01817307031250001 0.0415384513888889
0 0.35762010429687496 0.6023075437500001 0.024663455468749984 0.03230768472222223
0 0.37319702499999996 0.5968565979166667 0.042836528124999995 0.035251945833333354
0 0.4186297046875 0.5930767756944444 0.053221139062500034 0.04615383472222223
0 0.515480702876649 0.6014432679116223 0.06519241200329806 0.044425285823244565
0 0.45211692128524594 0.5977211835443766 0.04815446650124061 0.03698111708875329
0 0.58945659375 0.6049394930555556 0.03764422187499994 0.053534466666666725
0 0.6569565765625001 0.6196152333333333 0.08437497968749996 0.06230767777777779
0 0.70693252578125 0.6265383076388888 0.10644228437500003 0.0761538263888889
0 0.784427695703125 0.6186205215277778 0.13629804453125005 0.08275863472222222
0 0.9285141984375 0.6265383069444445 0.12072112499999998 0.08076921111111113
0 0.28557685273437505 0.6023075437500001 0.04932691171874998 0.050769218055555565
0 0.127211506640625 0.6227684 0.25442301328125 0.30984742777777774
9 0.248699680859375 0.3176550722222222 0.016874996093749983 0.07846151666666673
9 0.139012207421875 0.4176200895833333 0.015576917968749993 0.062307676388888955
8 0.4421425331796499 0.4876168972540541 0.03239303520320019 0.06539095549189189
9 0.9460673878906251 0.44343652638888886 0.02777415703124997 0.06773630833333338
0 0.86241408671875 0.6237929131944444 0.02749460468749998 0.04189653750000011
9 0.605143151171875 0.5062498458333333 0.013092667968749971 0.053534466666666614
9 0.5805288319552211 0.5181968537512843 0.020238833746898166 0.032258064516129004
9 0.14860178671875002 0.4934481263888889 0.01178340156249999 0.027931027777777784
