8 0.787079380859375 0.2184130979166667 0.0397823851562501 0.09984598749999998
9 0.502167294921875 0.30265814999999996 0.005850350781250069 0.02288137222222225
9 0.49690197890625 0.30785846111111115 0.007020420312499942 0.024961494444444454
9 0.218425280078125 0.32033920972222224 0.01170070234374998 0.024961497222222184
8 0.20730961328125 0.3161789604166667 0.010530631250000033 0.01664099861111107
9 0.21140485859375002 0.37026220416666666 0.007020420312500025 0.01664099722222223
9 0.204384437890625 0.37026220416666666 0.009360561718750021 0.01664099722222223
9 0.334262226171875 0.3234593972222222 0.009360561718749993 0.01872112222222222
1 0.388670489453125 0.3983438875 0.04329259765624999 0.07696461388888887
0 0.34399799690968247 0.390768951948016 0.05223350631936502 0.11589798722936534
0 0.610983820703125 0.3952237013888889 0.10647638515625002 0.16640998055555556
0 0.479350926953125 0.3900233895833334 0.09828589453125008 0.1227273597222222
0 0.45243931328125 0.4576274430555556 0.14040842031249995 0.26209571666666664
0 0.039593465234375 0.45346719375 0.07918693046875 0.14144848194444437
1 0.207309612890625 0.40146407500000003 0.09477568359375 0.06656399166666671
2 0.18729683812013537 0.4242700305977265 0.008433655009729257 0.04145166119545296
2 0.240656612890625 0.41602494861111106 0.009360561718749993 0.04160249444444447
2 0.8151610644531251 0.3931435763888889 0.016380982031249935 0.12896773333333333
2 0.7162901359375 0.39834388750000005 0.010530631249999978 0.06448386666666667
