8 0.649054869921875 0.3589834347222222 0.017931846093750092 0.03603694722222217
8 0.6615291980468749 0.39917849027777774 0.01793184609374998 0.013860363888888838
8 0.6490548703125 0.42412714583333333 0.019491139062499885 0.013860363888888783
9 0.1590476796875 0.34235099861111107 0.012474328125000017 0.022176583333333333
9 0.23077506523437502 0.27582125 0.014033617968749995 0.022176583333333333
9 0.1736480457416847 0.4442246729166667 0.010489239920869337 0.020790545833333396
9 0.5726675802000438 0.3151852842146965 0.010099456787412309 0.01829447879282925
9 0.146571667578125 0.4237515826388889 0.010443033593750012 0.025316445833333312
9 0.7498942078124999 0.4499119090277778 0.01139239999999997 0.030379734722222274
0 0.40500929101229305 0.4735318413443364 0.0279156327543425 0.03970223325062039
0 0.6032102835681243 0.5033085162823017 0.03908188585607941 0.05707196029776673
0 0.5815756681835089 0.48966087360240096 0.01674937965260548 0.03473945409429291
