0 0.042509990234375 0.48803996041666664 0.08331279140625 0.1796764013888889
7 0.143577967578125 0.4550877138888889 0.07238652421874997 0.06798566666666667
7 0.14084639999999998 0.4417333861111111 0.0177551859375 0.09469431944444445
2 0.078703251953125 0.42230890902777785 0.019120967968750013 0.08983820416666671
2 0.1005557875 0.4101686104166667 0.016389401562500003 0.07041372361111109
2 0.142895075390625 0.3895301048611111 0.010926267968750014 0.0679856680555555
2 0.762277880859375 0.27783936666666664 0.017755185156250075 0.03884895277777778
9 0.40649128671875 0.13336982777777778 0.013657834374999955 0.050989247222222214
9 0.30200884921875 0.19285728333333335 0.015023618750000023 0.029136713888888888
9 0.32864162734375 0.2754113090277778 0.010926268749999968 0.01942447638888889
9 0.4146859859375 0.2511307125 0.010926268750000023 0.019424475000000024
8 0.014074124414335112 0.03316525530133833 0.028148248828670223 0.05939322171378776
9 0.39419923515625 0.13336982777777778 0.010926268750000023 0.050989247222222214
9 0.62706531640625 0.04110356319444444 0.02321832031250004 0.08012596250000001
9 0.668038821875 0.21956593958333334 0.03141302031249993 0.043705070833333304
9 0.3026917421875 0.2996919041666667 0.010926268750000023 0.019424475000000052
8 0.4665647173113574 0.26493673736812906 0.010884184622714899 0.027612044180702622
8 0.4409227460586434 0.27298324930555556 0.007620954757713183 0.014568356944444472
8 0.34161657109375 0.2814814569444445 0.009560484374999956 0.0218525361111111
8 0.435855631640625 0.2389904173611111 0.006828916406249941 0.01942447638888889
8 0.440635872265625 0.24263250625 0.008194700781249953 0.02670865416666668
0 0.285571828125 0.46293715625 0.14604359218750004 0.19537529583333324
0 0.23781702734375 0.3943862256944445 0.050533990625 0.07284178472222219
0 0.26991293828124996 0.3494671236111111 0.03824193906250001 0.03642089166666662
0 0.28971679921875 0.34582503541666665 0.020486753125000035 0.043705070833333304
0 0.300643066015625 0.33611279375 0.02048675078124995 0.03884895416666667
0 0.31634957578125 0.32761458819444444 0.024584101562500016 0.026708651388888893
0 0.33410476093749997 0.3737477194444444 0.054631339062500006 0.07526984444444446
0 0.35406326123561815 0.325889161443592 0.02372828784119102 0.0347394540942928
0 0.622285074609375 0.4101686138888889 0.15296774921875 0.1918167027777778
0 0.8251039214843751 0.4963647243055556 0.34281165390625 0.3787772847222223
0 0.463854192578125 0.34218294375 0.04370507109374999 0.04127701249999999
0 0.4480856100242141 0.3300269352124219 0.023342464326571666 0.036389464869288124
1 0.4025666731462881 0.2992142234783315 0.03419665012406947 0.05831265508684863
9 0.129920132421875 0.3251865298611111 0.01775518515625002 0.021852534722222205
8 0.254206429296875 0.29483578402777777 0.015023617968750014 0.01942447638888889
8 0.308837768359375 0.2304922076388889 0.006828916406249941 0.021852534722222205
8 0.38668742539062495 0.23413429583333334 0.012292050781250008 0.014568358333333309
8 0.145546823828125 0.2409374152777778 0.02953123984375 0.01687499444444443
9 0.155039008203125 0.2774999027777778 0.01265624609374999 0.03374998888888886
2 0.222538984765625 0.3824998666666667 0.016874994531249993 0.07124997500000002
