0 0.37635315468749997 0.56038300625 0.012757734374999996 0.03092784027777773
0 0.36301552382812496 0.5614139347222222 0.016237116406249974 0.032989697222222114
0 0.353737171875 0.5634757902777778 0.027835056250000045 0.03711340833333332
0 0.335180468359375 0.566568575 0.037113408593750064 0.05154640277777789
0 0.3189433515625 0.5727541423611111 0.02783505624999999 0.04329897638888891
0 0.298646956640625 0.5779087819444444 0.03363402578125002 0.053608255555555595
0 0.256314475390625 0.5871871347222222 0.06726805234374994 0.07628867499999992
0 0.46275780859375004 0.5583211493055555 0.020876292187500034 0.03092784027777773
0 0.51320884765625 0.5714286590277777 0.033634026562499975 0.07010310416666665
0 0.55123353046875 0.5755523687499999 0.07190722812499994 0.09896908749999989
0 0.64782781015625 0.6136967062500001 0.13917528125 0.1546391986111112
0 0.824696395703125 0.6724596020833333 0.29342788203125003 0.2804124180555555
0 0.782363913671875 0.5270987534722222 0.06494846484375005 0.03505155416666672
0 0.9522737359375 0.7686304631944445 0.09162372499999993 0.3731959374999999
