2 0.319213120703125 0.4130292881944444 0.01224798515625003 0.031300412499999986
2 0.27902441835937497 0.41779239375 0.01454448359374999 0.04354839027777785
2 0.332226603515625 0.4266381576388889 0.012247983593750011 0.05307460138888892
2 0.06863975 0.4196069041666667 0.02602696874999999 0.08709678611111105
2 0.095432218359375 0.42164823125 0.024495971093749985 0.10206654583333341
0 0.09798388359375 0.3712954222222222 0.1301348453125 0.15105848611111106
4 0.14467932734375 0.3889869638888889 0.08879789375 0.09934477500000005
0 0.49145041640625 0.44024703333333337 0.010716987499999941 0.02041331111111111
0 0.57680356484375 0.4518145736111111 0.019137478125000107 0.048991941666666705
0 0.44628597031249995 0.42459682638888885 0.018371978124999966 0.02993951388888888
0 0.44131022499999994 0.4259577159722222 0.01760647968750001 0.027217745833333418
0 0.43250698671875 0.42799904861111115 0.015309982812500011 0.028578633333333325
0 0.41490050703125003 0.42459682569444446 0.026026968750000046 0.04354839027777785
0 0.406480017578125 0.4293599340277777 0.015309980468749984 0.03402218194444445
0 0.39805952734375005 0.4314012673611111 0.01990297499999999 0.04082661805555554
0 0.38810803828125 0.43276215486111114 0.015309981250000049 0.04354839305555552
0 0.590506016015625 0.44296880694444446 0.009185988281250057 0.03130040833333336
0 0.60122300546875 0.44841235625 0.015309982812499956 0.03402218194444445
0 0.608877994921875 0.4518145763888889 0.015309982031250113 0.03810484444444445
0 0.59471626171875 0.44637102430555553 0.009951487499999967 0.029939518055555614
0 0.6222742285156251 0.4606603409722222 0.01607547890624994 0.04763105694444453
0 0.647076394140625 0.46637607569444445 0.029242072656249896 0.04817542083333326
0 0.6582526867187499 0.4769909875 0.02219947343750006 0.05307459999999997
0 0.6877244 0.48787808611111105 0.03980595000000009 0.0694052527777777
0 0.728066212890625 0.4960434131944444 0.08343940078125 0.1102318708333333
0 0.793133612890625 0.5285686208333333 0.08068357578124996 0.08872984722222221
0 0.895787057421875 0.5535895319444444 0.1711656007812501 0.15378026388888888
0 0.9668253757812499 0.60938590625 0.06277092500000003 0.1456149347222222
0 0.528194373046875 0.4801210361111111 0.08267390234374994 0.1605847027777778
0 0.358253574609375 0.4311290909722222 0.048991942968750035 0.06804436250000001
9 0.150037821875 0.3249798784722222 0.024495970312500004 0.03266129583333338
9 0.3031376390625 0.3664869416666666 0.010716987499999997 0.017691536111111128
9 0.38986869140625 0.2399244263888889 0.009951490624999948 0.04218750833333329
9 0.634369106640625 0.30592745833333335 0.009951488281250032 0.035383066666666685
9 0.40155895078125003 0.23951613958333332 0.010716987499999997 0.046270170833333346
9 0.64411281875 0.3045471270833333 0.010716987499999941 0.04218750416666667
8 0.173768292578125 0.2814314881944444 0.03215096015625002 0.02993952361111113
8 0.307730633984375 0.3072883444444444 0.015309980468749984 0.010887097222222197
8 0.313471878125 0.33518653611111116 0.019137478124999996 0.017691533333333342
8 0.6481480894531251 0.3917994604166667 0.008420488281250083 0.00952621250000002
0 0.6435550949218749 0.44011095624999996 0.029854464843750095 0.02449597083333338
3 0.628627862890625 0.47957668541666665 0.013778985156249979 0.04354839027777774
7 0.62985266640625 0.46583171736111106 0.013778982812500007 0.06123992638888881
2 0.29586539921875 0.4497732451388889 0.020668474999999964 0.09254033472222223
2 0.24610795937500002 0.4463710263888889 0.029854465624999965 0.09662299444444444
9 0.429253615234375 0.39499752986111114 0.008420489843750045 0.012247987500000057
8 0.434612109375 0.37662555486111116 0.009951487500000078 0.013608870833333342
8 0.434420734765625 0.3878528722222222 0.00995148984375005 0.010887097222222197
4 0.479049321484375 0.41234884166666663 0.010716988281250006 0.02993951944444445
4 0.47254258046875 0.4130292895833333 0.008420490625000054 0.03402218194444445
0 0.462591091015625 0.4103075118055555 0.019137477343750042 0.0421875069444444
