8 0.859248508203125 0.4235229395833333 0.02321831796875018 0.05341730972222225
8 0.73632799453125 0.4295930875 0.020486753125000035 0.041277011111111095
8 0.110799163671875 0.40531249375 0.012292050781249994 0.036420893055555514
9 0.76500944765625 0.47607309166666667 0.006828917187500005 0.021852536111111154
9 0.8230552457031249 0.48578532916666667 0.005463133593750058 0.021852536111111043
9 0.85515115703125 0.48457129930555554 0.009560484375000122 0.019424476388888834
9 0.8831497183593751 0.4857853298611111 0.005463133593750058 0.02670865416666668
9 0.9172943046875 0.4942835381944444 0.008194699999999888 0.024280595833333307
9 0.9500731082031251 0.49185547916666666 0.008194700781250064 0.019424477777777782
9 0.9842176960937501 0.49913965694444445 0.010926268749999912 0.019424474999999997
0 0.8574324324324325 0.5495495495495495 0.14391891891891906 0.08288288288288292
0 0.9869907676309121 0.5730507288851351 0.024667113386824147 0.06110574943693692
0 0.6648004629011824 0.5300149097034534 0.07512880392736476 0.04267288329579588
0 0.9379518011718749 0.5450993618055555 0.06692338984375001 0.036420893055555514
0 0.547166983203125 0.4595969854166667 0.021852535156250075 0.019424476388888945
