0 0.30113137421875 0.5318532868055554 0.026185337500000017 0.02793102638888889
0 0.272982137109375 0.5481463854166666 0.032731671093750025 0.03724136805555556
0 0.331899144921875 0.4887929548611111 0.01440193515624999 0.034913781944444444
8 0.331899144921875 0.48995674791666666 0.009164867968749935 0.027931026388888947
8 0.34695571367187494 0.4620257222222222 0.010474135156250008 0.023275855555555558
8 0.34171864609375 0.4748274416666667 0.01309266874999998 0.020948269444444445
8 0.47919166484375 0.4759912347222222 0.010474134375 0.018620683333333332
8 0.45955266250000004 0.50275846875 0.01309266874999998 0.016293098611111112
9 0.4615165625 0.16758615555555556 0.019639003125 0.07448273611111111
9 0.25596166796875 0.3991809131944445 0.014401935937499999 0.04422412361111111
9 0.32797134453125 0.4131464263888889 0.017020468749999962 0.03025861111111111
9 0.48377409882812505 0.1734051201388889 0.01702046953124997 0.06749997916666667
9 0.27036360312499996 0.39801712083333335 0.011783401562499962 0.04189653888888889
9 0.5858969125 0.3759050583333333 0.0065463343750000735 0.02560344166666667
8 0.581314478515625 0.40034470625 0.026185336718749896 0.02793102638888889
8 0.55120134140625 0.39219815625 0.015711201562500055 0.016293098611111112
8 0.45562486171875005 0.4864653694444444 0.010474134374999944 0.013965513888888836
9 0.700326846484375 0.35262920347222226 0.019639002343750045 0.03956895416666667
9 0.985092385546875 0.25719819791666665 0.026185336718749785 0.06749997916666667
9 0.95563388125 0.26534474722222223 0.030113137499999998 0.06517239444444448
8 0.17806029101562498 0.4887929548611111 0.015711202343750008 0.02793102638888878
0 0.23033227313133445 0.5560728460585586 0.04203815644003378 0.059025479054054086
8 0.713550430078125 0.20366373124999998 0.0340409382812501 0.023275854166666637
