0 0.10330302734375 0.5835213354166666 0.2066060546875 0.4573920208333333
0 0.263909998046875 0.5315449701388889 0.14267512578124997 0.22037979027777777
0 0.358636925 0.5128334777777778 0.06549022031249996 0.12197120555555552
0 0.39878866875 0.5052102777777777 0.03040617343749996 0.08454822222222219
0 0.426076260546875 0.4962010416666667 0.03040617421875008 0.0748459666666666
0 0.5952593304687499 0.5357030784722223 0.02105042812500002 0.10395273194444454
0 0.580056244140625 0.5128334777777778 0.02027078203124999 0.07761803888888891
0 0.569531030078125 0.5093683868055555 0.019491136718750024 0.07623200416666664
0 0.5535482972656249 0.5045172604166667 0.02183007421874994 0.07484596805555555
0 0.5106677964843751 0.5024382041666666 0.017152200781250015 0.034650911111111016
0 0.453753675390625 0.49412198611111113 0.012474328906249998 0.040195055555555526
0 0.4794819765625 0.5031312229166667 0.051456603125000056 0.09979462361111113
9 0.542243437890625 0.40056452708333334 0.014813264843750007 0.027720729166666735
9 0.5145660234375 0.3901692541666667 0.01559290937500002 0.020790547222222122
