0 0.05320945945945945 0.518873032957958 0.1064189189189189 0.21630798813813806
0 0.14387490824535473 0.4816093591403904 0.14603396729307433 0.15750200243993984
0 0.2296155919974662 0.4702400293918919 0.06779584303209457 0.10096138265765764
0 0.2733248064294764 0.4595815421171171 0.061458495249155365 0.07903511396396395
0 0.30461091289062503 0.4497168576388889 0.03729929765625001 0.06630985972222214
0 0.33091169765625 0.43356445833333335 0.03634290312499999 0.07481112222222225
0 0.357212483984375 0.44036546875000004 0.021997021093750013 0.04420657083333329
0 0.3744275421875 0.42421306805555553 0.02773537343749999 0.045906824999999984
0 0.39164260078125 0.41571180625000004 0.014345882812500044 0.04250632083333333
0 0.569531549609375 0.42251281458333334 0.02390980546874988 0.05270783472222229
0 0.588944683667652 0.427027027027027 0.030218740772804065 0.054054054054054
0 0.6166947274598817 0.4280122763888889 0.04363757210726349 0.07730878055555557
0 0.6616092644320102 0.4352194835960961 0.08267798832347972 0.09172319496997
0 0.5016891891891891 0.42882882882882883 0.04054054054054057 0.057657657657657624
0 0.42081256328125005 0.43526471041666664 0.05738353125000001 0.10541567083333336
0 0.4510135135135135 0.4186478457957958 0.01418918918918921 0.034776380480480484
4 0.5310810810810811 0.4018018018018018 0.034459459459459496 0.06486486486486487
0 0.46289381953125 0.4131614236111111 0.013389490625000056 0.01700252777777772
0 0.9618770809121621 0.5182649582207207 0.07510551317567571 0.15364703355855863
9 0.40311930781250005 0.30944600555555557 0.010520314062500036 0.030604549999999953
9 0.50162770390625 0.31539688958333334 0.010520315624999999 0.02550379027777777
9 0.425116327734375 0.3706551055555556 0.006694744531249963 0.01700252777777783
9 0.46863217226562504 0.3732054847222222 0.0057383523437499195 0.01870278055555552
0 0.483934448046875 0.40806066666666674 0.015302274218749967 0.02040303333333332
8 0.565705979296875 0.34430118958333333 0.010520313281250027 0.015302276388888925
8 0.559011234375 0.3604535895833333 0.010520314062500091 0.013602023611111125
9 0.566662371484375 0.3732054847222222 0.012433097656250003 0.01870278055555552
9 0.6006142953125 0.36215384097222225 0.009563920312499974 0.020403029166666697
9 0.34525758046875 0.3868075097222222 0.009563921874999992 0.01870278055555552
8 0.082249727734375 0.2847923388888889 0.021040627343750007 0.03570531111111108
