9 0.6224464675781249 0.4610153020833333 0.01054686796875004 0.03984372361111116
9 0.565757053125 0.38835910069444446 0.013183584375000112 0.049218715277777825
9 0.5070901015625 0.4844527847222222 0.006591792187500056 0.02578123333333332
9 0.47281278125000004 0.49031215625 0.009228509374999971 0.023437484722222124
9 0.031821873046875004 0.44109343958333336 0.03691403671875 0.03749997361111107
9 0.2341898984375 0.4739059173611111 0.009228509374999971 0.018749987500000065
9 0.716709098046875 0.4703902951388889 0.01450194296875007 0.025781234722222268
9 0.632334155859375 0.4879684083333333 0.011865225781249933 0.023437486111111072
9 0.225620568359375 0.4739059173611111 0.007910150781250014 0.018749987500000065
8 0.7305518617187501 0.4317184465277778 0.015820301562499917 0.018749987499999954
8 0.734506937109375 0.47742153958333333 0.021093735156249904 0.03515622638888888
8 0.5143410730468749 0.45515592986111114 0.021093735156250015 0.037499973611111126
2 0.80108403984375 0.5688277270833333 0.022412093750000084 0.08671869027777779
2 0.7786719460937499 0.5606246083333334 0.022412093749999973 0.09843743333333332
2 0.74703134296875 0.5535933625 0.022412093750000084 0.09374993611111115
0 0.4115091125 0.5301558784722222 0.015820301562500028 0.02343748472222218
0 0.36009313203125004 0.5348433743055556 0.018457018749999998 0.028124979166666564
0 0.315928123828125 0.534843375 0.014501944531249977 0.03749997500000002
4 0.369980820703125 0.5184371361111111 0.04086911328124998 0.056249961111111135
0 0.334385141796875 0.5407027458333333 0.03295896171875001 0.03984372222222221
0 0.526865478515625 0.5360152506944444 0.022412094531249926 0.044531220833333274
0 0.39568881093749997 0.5324996256944444 0.031640603125 0.028124979166666675
0 0.48401882812499997 0.5324996270833333 0.07119135781250002 0.07031245138888886
0 0.286265058203125 0.5407027465277778 0.04218747109375004 0.05390621249999994
0 0.936215783203125 0.6051558263888889 0.12656241328124995 0.35156225833333316
0 0.435898744140625 0.5336715020833334 0.03295896171875001 0.044531220833333274
0 0.05929054054054054 0.5279279279279279 0.10033783783783783 0.072072072072072
