0 0.38957492734375 0.4371090736111111 0.009228510937500045 0.021093736111111094
0 0.381005596875 0.4324215763888889 0.010546868750000049 0.021093736111111094
0 0.369140371875 0.4371090729166667 0.010546868749999994 0.02578123194444437
0 0.361889399609375 0.4324215763888889 0.014501941406250052 0.02578123055555548
0 0.348705815625 0.4359372006944444 0.019775376562500002 0.037499976388888856
0 0.09953606445312499 0.5204362673611111 0.19907212890624998 0.27162655972222227
0 0.42648896484375004 0.4382809472222222 0.014501942187500005 0.023437483333333287
0 0.440990907421875 0.4371090736111111 0.014501942968749959 0.021093736111111094
0 0.454833671875 0.4429684458333333 0.015820301562500028 0.023437486111111128
0 0.490429351953125 0.4617184319444444 0.023730452343749986 0.046874969444444414
0 0.5141598023437499 0.46054655833333336 0.02636717031250002 0.08203119444444446
0 0.547118764453125 0.4757809215277778 0.06328120703125006 0.11718741805555555
0 0.60183064140625 0.48281216805555555 0.11997062031249994 0.13124991111111106
0 0.874869443359375 0.5738277194444444 0.24681023203124997 0.4804684194444444
