8 0.2361641625 0.40737051180555556 0.006316425000000042 0.006238445833333328
0 0.32775234531249997 0.35621525555555555 0.016843806249999982 0.008733825000000028
8 0.657961077734375 0.3587106340277778 0.007720075781250002 0.006238445833333273
9 0.237567812890625 0.3686921451388889 0.0063164257812500235 0.008733826388888921
8 0.17124533749999998 0.35060065416666664 0.007018251562499994 0.01746765
9 0.277922759375 0.3867836368055556 0.005614603124999951 0.0074861319444444185
9 0.36424725234375 0.3537198756944444 0.004210950000000047 0.01871533750000004
9 0.47618836484375004 0.35496756458333334 0.004912776562500054 0.023706090277777814
9 0.5634954296875 0.3498520486111111 0.006316426562499977 0.027449158333333334
0 0.15012040625 0.4419743868055555 0.1166433703125 0.15030755138888885
0 0.340385198828125 0.4404342701388889 0.007018252343750031 0.014972268055555571
0 0.354070788671875 0.44292965 0.01052737890624994 0.012476891666666656
0 0.373370979296875 0.44043427083333336 0.01263285234375 0.019963025000000023
0 0.440395280859375 0.4485442506944445 0.009123725781250092 0.011229201388888888
0 0.506156305078125 0.4279573784722222 0.02526570546875001 0.04242142916666669
0 0.5384402632812499 0.4435534930555556 0.04632045781249994 0.03867836111111117
0 0.258131281640625 0.44542502777777776 0.06456791484375002 0.07236597222222219
0 0.408321862890625 0.4498370847222222 0.06316426171875006 0.09348639722222218
0 0.48868084375 0.44355349375 0.04000403281249998 0.05864138750000003
0 0.58834001328125 0.45790192013888886 0.0652697390625 0.08733824027777776
0 0.06969122734375 0.46601189930555553 0.1382595546875 0.21085947083333328
0 0.8905152765625 0.5197950013325826 0.21896944687499997 0.25770729463213216
2 0.54805525546875 0.44230580486111115 0.007720078124999974 0.04366911805555557
0 0.46559080078125 0.4516634736111111 0.0084219015625 0.009981511111111119
9 0.44490230976562495 0.42302329097222224 0.005848847656249989 0.015596926388888877
9 0.5726021375 0.4037870722222222 0.013647309375000027 0.017329916666666667
2 0.7449324324324325 0.4729729729729729 0.024324324324324298 0.05945945945945946
