0 0.055263124609375006 0.5124795395833334 0.11052624921875001 0.19285699305555554
0 0.9503480273437499 0.6565805486111111 0.09751196250000016 0.20369165555555557
0 0.863196710546875 0.5579851194444445 0.27181459609375 0.2275279111111111
0 0.599914411328125 0.47889208402777783 0.047537082031249955 0.06934184027777773
0 0.39818653828125 0.47889208402777783 0.04388038281249995 0.05634024583333336
0 0.717538216015625 0.5059787402777778 0.1365167492187499 0.17985539444444448
0 0.568223024609375 0.47239128611111114 0.01828349453125 0.04333864999999998
0 0.554815127734375 0.46805742152777774 0.015845692968750047 0.0260031902777777
0 0.5444544835937499 0.46155662291666666 0.014626793750000089 0.021669323611111124
0 0.534703285546875 0.45938969097222226 0.012188994531249997 0.017335459722222224
0 0.23912014921875002 0.46047315763888885 0.10116866093750002 0.045505581944444484
0 0.425548282421875 0.4733199597222222 0.020721292968750027 0.03900478611111108
0 0.444690184375 0.4700695618055556 0.028755670312500037 0.03683785416666657
0 0.46455306640625 0.4689860944444444 0.025596890625000035 0.030337055555555492
0 0.484055459375 0.46356876319444446 0.020721292187500073 0.03250398749999994
0 0.49746335429687505 0.4668191611111111 0.013407894531249964 0.021669325000000017
0 0.503557851953125 0.4624852965277778 0.010970096093750104 0.017335459722222224
8 0.31225412148437504 0.3813801222222222 0.02315909140625 0.017335461111111117
8 0.6474215839843751 0.34562573541666664 0.020781113281249985 0.015168526388888881
8 0.6578121394531249 0.3792131895833334 0.014626794531250042 0.017335459722222224
8 0.596257713671875 0.4247187715277778 0.015845692968750047 0.0260031902777777
9 0.38782589140625 0.23619564305555554 0.008532295312499993 0.06500797499999994
9 0.56700412421875 0.3077044159722222 0.0060944984375000955 0.05200637916666667
9 0.302502925390625 0.4008825138888889 0.013407896093750038 0.013001594444444486
9 0.6632971871093749 0.40304944791666664 0.015845694531250065 0.02600319027777781
9 0.652936541015625 0.4041329125 0.007313399218749961 0.019502391666666674
9 0.376246346484375 0.24161297430555556 0.012188994531249997 0.07150877361111108
9 0.5566434773437501 0.30445401666666666 0.009751196875000034 0.04983945000000001
8 0.5516013699218749 0.4396873458333333 0.010546872656249984 0.016874994444444402
8 0.454570153125 0.43687484652777775 0.00843749687499995 0.01124999583333336
0 0.320097544140625 0.47249983472222223 0.011601558593750005 0.02999998888888894
9 0.503085761328125 0.4406248458333333 0.00632812265624999 0.014999994444444387
