0 0.04644198046875 0.6418764 0.0918114234375 0.06559320833333326
0 0.0224165609375 0.8401814486111111 0.043760584375 0.294406725
0 0.39952983671875003 0.6159442034722222 0.017161014062500035 0.03813558750000001
0 0.37764954335937506 0.6243340319444445 0.019735164843749986 0.057966091666666664
0 0.35190802421875 0.6311984361111111 0.05577329531249997 0.0716948999999999
0 0.518798881640625 0.6929780881944444 0.25913130546874996 0.39661009305555556
0 0.8261649093749999 0.6646702402777778 0.12441734999999998 0.08067241666666669
8 0.8837063953125 0.7884913784722223 0.22909953281249995 0.41949144305555564
8 0.291522720703125 0.4988134631944444 0.028315672656250013 0.022881351388888804
8 0.284229289453125 0.4530507611111111 0.02402541953124998 0.016779658333333336
8 0.6875131109374999 0.5072032930555556 0.030031773437500076 0.021355927777777728
9 0.28937759375 0.19601691180555558 0.02402541874999997 0.08542371527777778
9 0.31297398828125 0.19525420208333333 0.02145126718750001 0.10220337083333333
9 0.290128375 0.4737529458333333 0.014586862499999964 0.0213559333333333
9 0.27210931015625 0.5340071708333334 0.026599570312500043 0.03203389166666659
9 0.596023444140625 0.32807500694444447 0.015444911718750065 0.06254236111111111
9 0.5810075570312501 0.32960043194444444 0.01287075937500004 0.06254236111111111
9 0.66356430390625 0.5576512347222222 0.013728810937500002 0.03355931666666667
9 0.985337140625 0.4004236527777778 0.027457621875000005 0.08999998333333331
8 0.6841613511718749 0.6254236090277777 0.02230931796875002 0.05491524583333329
