8 0.50801764609375 0.07488449027777777 0.12753764843749993 0.10816648611111111
8 0.83973253828125 0.3702622034722222 0.04212252656250004 0.029121745833333268
9 0.677677821484375 0.34426064444444443 0.003510210156249971 0.01872112222222222
9 0.711609855078125 0.34738083194444447 0.003510210156250082 0.020801247222222152
9 0.750807205859375 0.3567413930555556 0.00468028046875002 0.01872112222222222
9 0.7303309777343749 0.35362120625000004 0.005850350781249958 0.01664099861111107
8 0.69522887265625 0.3401003951388889 0.015210912499999951 0.01040062361111116
0 0.056559482421874994 0.4056243243055555 0.11311896484374999 0.2787367152777777
0 0.470777027027027 0.4018018018018018 0.10439189189189191 0.11891891891891887
0 0.7174602058593751 0.401464075 0.015210911718750109 0.020801247222222208
0 0.743786784375 0.40146407500000003 0.014040842187500013 0.016640997222222176
0 0.6829431359375 0.39522370069444446 0.00936056093750004 0.016640998611111124
0 0.6536913816406249 0.39730382569444445 0.016380982031250046 0.012480748611111148
0 0.667147188671875 0.3931435763888889 0.010530632031250042 0.020801247222222208
0 0.69639894296875 0.3921035138888889 0.012870771874999964 0.022881372222222196
0 0.731501048046875 0.39834388749999994 0.008190491406250056 0.027041622222222228
