9 0.808883096875 0.2721445361111111 0.034942470312500085 0.12202133055555553
9 0.771444737109375 0.36920695555555555 0.01622328984374999 0.06101066666666666
9 0.75584542109375 0.37697194791666666 0.016223290625000053 0.06544780416666668
0 0.20692493437499998 0.4650280381944445 0.021215071874999963 0.021076412499999975
0 0.220964320703125 0.48277659444444443 0.023086991406250035 0.03882496666666663
0 0.23656363671875003 0.4872137340277778 0.028078770312499973 0.03216925972222223
7 0.9588120359375 0.580869067361111 0.02620685312499993 0.058792095833333335
7 0.9095181937500001 0.5797597798611112 0.023710962500000043 0.05213638472222226
3 0.9145099761718751 0.6021039409722222 0.03494246953125002 0.06544780416666673
3 0.95912402421875 0.6082050055555557 0.030574660937500053 0.05324566944444442
0 0.33445945945945943 0.5144144144144144 0.04256756756756758 0.055855855855855896
