8 0.395454973828125 0.45971728680555557 0.013875613281250088 0.03139532638888892
8 0.433297555859375 0.46644485625 0.011352774218750028 0.022425234722222243
9 0.502423361328125 0.45612926944444443 0.006307096093749964 0.01794018888888882
9 0.5427887796875001 0.45164422083333333 0.006307095312499955 0.01794018888888893
0 0.5952638078125 0.5059132618055555 0.021444131249999998 0.05830560972222221
0 0.6135543867187501 0.5092770458333333 0.025228387500000005 0.07848831666666672
0 0.41992651210937504 0.5112953215277778 0.03405832421874999 0.05382056249999995
0 0.40983515781249996 0.5247504611111111 0.026489809375000006 0.049335513888888904
0 0.398482384375 0.53147803125 0.01892129218749994 0.04485046805555559
0 0.3776689640625 0.5269929840277778 0.04288826093749998 0.05830560694444442
0 0.359378383203125 0.5382056020833332 0.03405832265624997 0.06279065694444441
0 0.3108137359375 0.5370843381944443 0.07063948593750002 0.10988364305555554
0 0.2574324324324324 0.566218652346096 0.08310810810810815 0.09639152413663665
0 0.17470658515624998 0.5862588330705706 0.11983484062500002 0.13198683836336333
0 0.75622091796875 0.48662756180555555 0.02396696874999993 0.040365418055555546
0 0.7719886585937501 0.4899913493055556 0.030274064062499995 0.05157803750000001
0 0.8092005320312501 0.48102125625 0.0819922593750001 0.09642850138888892
0 0.8867778226562499 0.44514088194444446 0.0630709718750001 0.04260794166666665
0 0.884254984375 0.4855063048611111 0.16398451875000009 0.09194345972222218
0 0.9485873703125 0.4406558388888889 0.05297961406249985 0.042607941666666704
0 0.9776000187499999 0.4516442048611111 0.04288825937499996 0.07176074583333336
0 0.9801228546875 0.5054647645833333 0.03784258124999995 0.08521588749999998
0 0.06739864864864864 0.6186718096096095 0.13479729729729728 0.17887259699699698
0 0.45978736249999996 0.5000827041666667 0.023966970312500058 0.042607947222222275
0 0.529165430078125 0.54605443125 0.11226632421874999 0.1659467263888889
0 0.6830585914062499 0.4742936840277778 0.1223576796875 0.20182709861111114
