0 0.042692158984375 0.39914536041666665 0.08538431796875 0.1084488013888889
9 0.140076170703125 0.3271577930555556 0.027345927343749965 0.03552633611111117
9 0.170051514453125 0.22338350347222222 0.013672963281250006 0.052354595833333295
8 0.164266796875 0.15326573958333334 0.021035328125000002 0.046745173611111135
8 0.155326783984375 0.23273254097222223 0.00946589921874999 0.011218843055555539
9 0.14849030390625 0.24826575486111113 0.021035328125000002 0.01754854861111113
9 0.273560140234375 0.29924385347222227 0.03978638984374999 0.02083420972222222
9 0.30781206562499996 0.27326304930555556 0.007320664062500037 0.03618565138888885
2 0.213173939453125 0.42064814166666664 0.01788002890625001 0.06544324444444438
2 0.12009261015625 0.4206481409722222 0.01682826250000001 0.07666208472222225
2 0.16794798203125 0.4281273680555555 0.015776496875000018 0.061703630555555555
2 0.257348127734375 0.43280188263888886 0.011569432031249993 0.056094204166666606
2 0.28311640742187505 0.43934621041666666 0.012621197656249972 0.039265945833333316
0 0.3388676828125 0.44265588333333333 0.03787890312500003 0.04214568333333335
0 0.381353694921875 0.45153695069444444 0.026499902343749993 0.03358254027777785
0 0.40880249296875004 0.45243486111111114 0.009465896875000046 0.01682826111111113
0 0.419320157421875 0.45897918541666666 0.011569432031249938 0.018698070833333413
0 0.4411260859375 0.4583527506944445 0.03414595781250007 0.04736211250000005
0 0.496427012109375 0.4733841152777778 0.05929487734375005 0.08337856388888887
4 0.5156505496093751 0.4541948291666667 0.027533447656249987 0.05949151388888885
4 0.5697227578124999 0.4593557826388889 0.06415775000000001 0.09798315694444448
2 0.6570193714843751 0.4842215798611111 0.013672964843750024 0.057964015277777725
2 0.6759511664062501 0.5122686826388889 0.01788002968750002 0.07666208472222225
0 0.7691247481786361 0.5352817545156634 0.15547692395522783 0.15260514514243806
1 0.8584326414062501 0.49450551527777775 0.07152011562500005 0.10844880277777769
8 0.911546846484375 0.37390296597222217 0.030501227343749937 0.12153745416666667
9 0.772187793359375 0.4019500715277778 0.02103532734374991 0.035526331944444434
8 0.7558854171875 0.37296806180555553 0.024190629687500076 0.014958456944444476
8 0.7579889484375 0.35613980208333335 0.015776496874999935 0.01495845694444442
9 0.519892904296875 0.3221694375 0.007722455468750056 0.030508469444444408
9 0.314818791015625 0.2774745256944444 0.004290253906250041 0.028983045833333332
8 0.5856195921875 0.3458897645833333 0.01801906406249998 0.028983045833333387
8 0.6285221265625001 0.39241517986111113 0.016302962500000073 0.009152540277777788
9 0.635386532421875 0.4305507652777778 0.01458686171875001 0.01830508333333336
2 0.60320963125 0.4822244847222222 0.01029660781249997 0.057584736111111146
9 0.25913130703125 0.34093213819444446 0.015444912499999963 0.013728809722222235
9 0.24754762187499998 0.37144060625 0.011154657812499968 0.013728809722222235
2 0.70403058671875 0.47898296111111116 0.009438557812500026 0.03355931666666673
