9 0.544433159375 0.4416100840277778 0.00772245625000012 0.010677965277777812
9 0.517833587890625 0.4461863569444444 0.011154660156249996 0.013728813888888858
9 0.575322983203125 0.4454236444444445 0.0060063554687500575 0.012203388888888889
8 0.49295011835937497 0.46922026041666665 0.0060063554687499465 0.015254234722222204
8 0.585190566015625 0.4646439895833333 0.006864403906249983 0.006101693055555524
8 0.7623958103698627 0.40896603402777776 0.026635125427225348 0.03813558749999996
8 0.6282892807189628 0.4135423027777778 0.022701677062925918 0.05338982222222227
8 0.596345225390625 0.45854229375 0.012012708593750143 0.012203387500000051
0 0.5564458691406249 0.48966092361111113 0.011154658593749978 0.015254233333333311
0 0.524268967578125 0.5233486304254211 0.056631346093750035 0.07906523359360212
2 0.615222340625 0.5216948152777778 0.01887711562500005 0.08847455833333334
