8 0.24780276328125 0.43494191875 0.006887759374999969 0.019897968055555604
8 0.367477562109375 0.4257582423611111 0.010331636718750037 0.02295919583333328
0 0.31324949843750005 0.46334102238903085 0.031855881249999995 0.05117144755583958
0 0.246093856640625 0.4530614277777778 0.02669006171874999 0.02142857777777779
7 0.21932128984375002 0.4548981659722222 0.01033163749999999 0.015306129166666627
4 0.033421288281249996 0.44029906388888895 0.0637117640625 0.16224497222222217
0 0.01620189453125 0.47698339298457315 0.030994912500000003 0.11928704708025739
4 0.15777328783472638 0.446456488567102 0.032859182143047255 0.027495600643573703
0 0.19142227578124998 0.45561245 0.02066327499999998 0.0122449027777779
1 0.625768494921875 0.41212187916666665 0.22040826328125007 0.21581642222222225
0 0.655041467578125 0.5166880902209918 0.20146692890625006 0.17477311400246065
0 0.351750933984375 0.48361796875 0.06998166484375001 0.0873530013888889
