0 0.355317459765625 0.6420734340277778 0.022420580468750062 0.02599487361111119
0 0.28854312265625 0.6524713847222222 0.05069000781249999 0.06065471111111109
0 0.22811917264892995 0.6750002777777777 0.06430904376464008 0.07798462777777782
0 0.469369977734375 0.6290759965277778 0.02826942734374993 0.03812581805555548
0 0.50836229140625 0.6325419791666667 0.045815968749999936 0.06931966666666667
0 0.5625910000000001 0.6228051013888889 0.06069183281250001 0.05066760833333328
0 0.370914385546875 0.6334084756944445 0.020470964843749995 0.03292684305555549
0 0.443537569921875 0.6351414673611111 0.013647310156249925 0.019062909722222243
0 0.6891074664381921 0.6698013020833333 0.17367915774861586 0.2096919986111111
1 0.07311058828125 0.6481389055555555 0.1462211765625 0.3050065444444443
0 0.8622175398437499 0.7714632258636192 0.2739210046874999 0.3991519128383495
4 0.897798026171875 0.50949956875 0.1501204085937501 0.2079590097222222
0 0.3864892453125 0.6387252673611111 0.009602217187499984 0.01991570972222223
