8 0.6297128769531251 0.32785707222222227 0.008265303906250021 0.014693875000000023
0 0.380720582421875 0.4049999138888889 0.019630097656250012 0.025714280555555524
0 0.362640229296875 0.39765297708333336 0.022729586718750028 0.029387748611111097
0 0.35489150625 0.4132652201388889 0.02996172812500003 0.04591835694444446
0 0.33216191992187505 0.41602031875 0.03616070703125002 0.047755090277777745
0 0.302716771875 0.41960039396294724 0.037193870312500044 0.05896228707410561
0 0.25570785390624995 0.41751107653795194 0.06095662031249999 0.08885520247965167
0 0.20404970156250002 0.4279590930555556 0.0795535546875 0.09367344999999999
0 0.138443847265625 0.4343876625 0.06405610859375001 0.11387752499999992
8 0.574438653515625 0.3655101270833333 0.005165814843750005 0.016530609722222256
0 0.5599743710937499 0.41142848472222227 0.015497445312499969 0.0459183583333333
0 0.58029326484375 0.4098978826388889 0.008265304687499864 0.023877548611111132
0 0.59217463984375 0.4172448173611111 0.017563770312500004 0.04224489305555562
0 0.61438764609375 0.4190815527777778 0.04752550156250002 0.05693876388888891
0 0.510899125 0.3970407416666667 0.011364792187499972 0.02020407777777783
0 0.5010840773437499 0.41173461666666666 0.028928565624999958 0.03857142222222221
0 0.4804208171875 0.40071420625 0.014464282812500007 0.00918367083333338
0 0.47783790859374997 0.40989788194444443 0.017563771874999967 0.012857138888888897
0 0.462340462890625 0.40714277986111114 0.01343111953124998 0.018367343055555596
0 0.453558576171875 0.4098978833333333 0.010331630468750075 0.020204077777777774
0 0.393635120703125 0.40897951388888887 0.016530608593749996 0.03673468611111108
1 0.426179756640625 0.39336727083333334 0.04855866328124997 0.07897957499999997
0 0.055274223046875 0.4080611465277778 0.11054844609375 0.1855101652777778
0 0.7177771144531251 0.48397948888888886 0.20043363046875007 0.23693872500000007
0 0.5326196601562501 0.4220664090277778 0.04584909843749996 0.0738679902777778
2 0.9079535775127767 0.4250425894378194 0.026831345826235142 0.10391822827938668
