8 0.54916246171875 0.3711340819444444 0.03363402656250003 0.037113408333333264
8 0.63440732109375 0.3422680972222222 0.048711348437500024 0.049484544444444445
8 0.8771522281249999 0.35876294513888884 0.015077323437500123 0.03711340972222216
8 0.957757910546875 0.35154645 0.01623711484375001 0.03917526388888892
8 0.242976844921875 0.4119293729166667 0.012757733593750015 0.035051551388888935
8 0.622229483984375 0.40927841874999993 0.008118558593749992 0.02061856527777778
8 0.6489047464843749 0.4072165611111111 0.008118557031249973 0.01649485000000006
0 0.9070417703125 0.3840943180555556 0.026675262499999963 0.028865986111111075
0 0.559103568359375 0.4273932923611111 0.010438144531250027 0.028865981944444397
0 0.433265918359375 0.4356407159722222 0.01623711484375001 0.016494848611111168
0 0.44544375507812495 0.4366716430555555 0.01971649765625 0.018556702777777823
0 0.48719633906250004 0.4428572125 0.02203608593749995 0.03505155000000004
0 0.465657293359375 0.4415808222222223 0.022036086718750125 0.03917526111111108
0 0.52712637578125 0.46838495208333336 0.07770619843750004 0.12577321805555564
7 0.412306767578125 0.4511046368055555 0.017396910156250056 0.04742269027777779
5 0.41056707812499993 0.4593520611111111 0.011597940625000025 0.03505155277777772
0 0.40070882890625004 0.4387335020833333 0.019716498437499952 0.02680412916666669
0 0.3740335671875 0.44491907222222227 0.015077323437500068 0.026804127777777798
0 0.354317069140625 0.44698092638888887 0.02899485078125008 0.026804130555555583
0 0.30502582421875 0.4428572159722223 0.01623711562500002 0.02268041527777781
0 0.31662376328124997 0.4511046388888889 0.02783505624999999 0.030927838888888948
0 0.2731314890625 0.45007370972222216 0.059149493750000004 0.045360836111111136
0 0.17454899765625 0.46918234818876586 0.049871142187499995 0.052504389733579404
0 0.056250009375 0.47997062291666664 0.054510318749999995 0.06391753749999995
0 0.09858249023437501 0.47742976971654366 0.10902063671875002 0.068999232789135
0 0.02087629140625 0.48910417212876206 0.0417525828125 0.06509079740914248
