9 0.40365723554687505 0.4341844423611111 0.008057030468750004 0.01611406249999997
9 0.44092100312500004 0.42970831388888886 0.006042773437499982 0.017904513888888862
9 0.4348782296875 0.42970831458333336 0.004028514062500044 0.02148541805555554
9 0.308987122265625 0.46999346805555553 0.01208554609375001 0.012533158333333405
8 0.35330079257812497 0.4753648222222222 0.01007128828124998 0.016114061111111078
8 0.355818614453125 0.4377653451388889 0.011078417968749976 0.008952256944444459
8 0.492284575 0.44671760069444444 0.012085546875000075 0.008952254166666673
0 0.39509664062500005 0.5174404277777778 0.027192479687499993 0.032228122222222155
0 0.39056456054687494 0.5102786229166667 0.04632792890624998 0.03222812361111116
0 0.355315050390625 0.5156499770833334 0.01611406171874996 0.03580902638888889
0 0.34776158359375 0.5138595256944445 0.023163964062500042 0.03580902638888894
0 0.335172471484375 0.5192308798611112 0.016114061718750017 0.042970831944444454
0 0.32409405507812505 0.5210213305555556 0.018128319531249992 0.057294441666666585
0 0.306972864453125 0.5272879111111112 0.03222812265624997 0.06982760277777783
0 0.2676948390625 0.5401844866292826 0.0745275359375 0.08487804548078742
0 0.09759078046875 0.582252681192031 0.1951815609375 0.21198526793961758
0 0.02648747734375 0.6481433729166667 0.0513635734375 0.2255968625
0 0.43336753671874995 0.5129642999999999 0.017121190625000005 0.037599477777777834
0 0.47214199804687496 0.5139358336231781 0.060427732031250014 0.08967518113524509
0 0.4857382375 0.5435047677787241 0.043306540624999945 0.09868041333522626
0 0.522498441796875 0.5597756280262162 0.0664705070312499 0.12406032827465457
0 0.6081043937499999 0.5638004378075904 0.15308358593750004 0.22163251450406962
0 0.8120479890624999 0.6204390714485142 0.37163055 0.5424113626585274
3 0.219331765234375 0.5372274347222222 0.025345003906249997 0.07278565277777793
