9 0.409400209375 0.5934910993055555 0.005731135937500076 0.025471720833333267
0 0.5233065613281249 0.6329722687499999 0.02722290234374991 0.0382075819444444
0 0.551245855859375 0.6367930229166667 0.031521253906249935 0.04075475416666674
0 0.5930401284703737 0.6438889534722222 0.060619061628247484 0.06513529583333333
0 0.7157740171875 0.6774762388888889 0.12943465937499998 0.1080815638888889
0 0.23316774101562499 0.6597175722222222 0.04871466640624997 0.04584909722222219
0 0.168692444921875 0.6660855027777778 0.07737035234375 0.06367930277777778
0 0.304806955078125 0.6393401993055555 0.02579011796874997 0.025471720833333267
0 0.27543487695312496 0.6444345430555556 0.035819607031250034 0.03566040833333339
0 0.8867475199218751 0.7143686215277778 0.22397462578124994 0.22692462083333342
0 0.06399135078125 0.679515513888889 0.1279827015625 0.08768881666666672
