0 0.123347309375 0.48422442569444446 0.24669461875 0.32535997638888886
0 0.86926558359375 0.5267154680555556 0.2590462593749999 0.35692474999999996
0 0.482292269921875 0.49150860486111114 0.44661119609375 0.3156477375
0 0.220744733984375 0.4308071173611111 0.12838364765625 0.19910087916666663
2 0.7301819703125 0.47815427777777775 0.024584103125000034 0.11411879722222218
0 0.353225729296875 0.41888818541666667 0.03004723828125 0.024723326388888855
9 0.28015631484375 0.17013759305555554 0.012292051562500017 0.07041372777777774
9 0.993778180078125 0.07422924097222222 0.01092626796875007 0.08741014305555556
8 0.8701747757812499 0.14065400555555554 0.03960772031249993 0.041277011111111095
8 0.870857667578125 0.1867871361111111 0.03824193671874998 0.05098925000000004
8 0.8653945335937501 0.2304922076388889 0.024584101562500016 0.021852534722222205
8 0.887247069140625 0.28269548680555556 0.021852535156249964 0.024280595833333307
8 0.863345858984375 0.27055518819444446 0.023218319531250087 0.01942447638888889
8 0.282204990234375 0.3130462319444444 0.02458410234374997 0.04613313055555557
8 0.38532164140625 0.38345995694444446 0.012292050000000054 0.016996416666666625
9 0.39867173593750005 0.3853123652777778 0.008437498437500024 0.016874994444444513
9 0.40499985859375 0.3946873618055555 0.008437498437499968 0.01312499583333332
2 0.7029489726562499 0.4349998472222222 0.02214842968749997 0.0637499777777778
