0 0.08930724999999999 0.40861819930555554 0.08141171718749998 0.08733824027777776
0 0.24862155937500002 0.3730590576388889 0.0547423625 0.05864139027777776
0 0.35670263242187505 0.3593344784722222 0.01824745390624999 0.02370609583333333
0 0.172473530859375 0.3967651513888889 0.11018654921875 0.1359981194444444
0 0.33293860715702195 0.3638335472435169 0.03629884974845615 0.049643244401855025
0 0.423726933984375 0.37992134930555554 0.05684783671874999 0.08484286249999995
9 0.3479298171875 0.3031884625 0.006316426562499977 0.0162199555555555
9 0.420919632421875 0.30381230694444444 0.006316425781250079 0.014972266666666623
9 0.42162145781250004 0.3312614715277778 0.004912775000000036 0.009981515277777797
9 0.393899364453125 0.3331330034722222 0.0056145992187499605 0.011229201388888888
8 0.49355853632812496 0.2464186090277778 0.012632852343750056 0.03493529861111111
8 0.47390743203124996 0.31691304444444446 0.011229203124999976 0.018715338888888877
8 0.440570737109375 0.30194077430555555 0.017545627343750092 0.008733823611111136
8 0.29178380625 0.3262707166666666 0.01052737968750006 0.007486136111111097
0 0.494962187109375 0.36120601111111106 0.02526570546875001 0.03243991944444441
0 0.3812665125 0.3587106333333333 0.01614197968750003 0.019963027777777753
8 0.501980437890625 0.28946388333333334 0.0049127757812498785 0.01621995833333334
