8 0.591113106640625 0.40677875555555554 0.055985539843749876 0.08715417222222227
8 0.485039634375 0.44413054166666666 0.016007909374999907 0.012450597222222304
8 0.368982294921875 0.4788143451388889 0.014006921093750013 0.010671940277777792
8 0.36498031679687504 0.5037155375 0.02401186328124999 0.03201581944444443
0 0.331903812549212 0.5734564412989737 0.017837441503945728 0.02944593518111671
0 0.3059639205079946 0.5762681372076728 0.03404234257848909 0.041943118859790074
0 0.241919516015625 0.5713044875 0.03801878515625001 0.04624507222222218
0 0.11399735311277304 0.5727554945464961 0.05230792653804607 0.07535887757367443
0 0.04777885145064885 0.5803774944998383 0.08663900159059323 0.07248230198428718
0 0.183890844140625 0.5668578451388888 0.09804844296875001 0.11205536250000003
0 0.37648600234374996 0.5845430359365739 0.05302619999999997 0.08735692534907447
0 0.7118134218916009 0.5029938412503232 0.06735676253320189 0.046824098054909336
0 0.668130097265625 0.5011140069444444 0.04802372734374993 0.05527126388888892
0 0.602647823195815 0.5116452136678666 0.06596445829586972 0.04827133933093336
0 0.532798091796875 0.5228902652777778 0.042187471093749984 0.04453121944444438
