8 0.5532482015625 0.35315598776609725 0.013196081249999936 0.018677799944697426
8 0.5381379014969284 0.3554907127591844 0.012549146837843583 0.020234283273422138
8 0.6059908466085244 0.36846140716522424 0.011089943717164097 0.015046005511006266
0 0.5255043525919408 0.3984324296454164 0.01061769737138163 0.014468650957499496
0 0.5730121101597064 0.3997289055555555 0.011996435937499994 0.01706160277777774
0 0.5868752857276232 0.40226905698839444 0.016634915575746145 0.022141905643455584
0 0.5963601060120398 0.3998504876278408 0.008171537475805124 0.016602488839731033
0 0.6056990059843885 0.4024446265090488 0.01926148119296922 0.025941388812079746
0 0.6220384350083225 0.3996462243541141 0.012250014358355044 0.021161637597117144
0 0.6718819900245742 0.4018105001528941 0.014592031206794864 0.03112966657449573
0 0.6644400541091088 0.40985233068463883 0.021304365561920502 0.030610838798254103
0 0.7114780639053652 0.4201718522084536 0.03011233312676964 0.040885898861351744
0 0.7425462909482461 0.4011036333180623 0.02555877591600786 0.01431214725276414
0 0.638041671599846 0.41504060844705476 0.03382712444969205 0.04098739432308596
0 0.7412957613260773 0.4397675014249749 0.07342995924670437 0.06728099451661634
4 0.82610466171875 0.37840190555555553 0.12476295156249995 0.15355439999999992
0 0.5073832324367707 0.42108936994259927 0.0328224070014585 0.05125173155186519
0 0.9796325593749999 0.44771465416666667 0.04073488125000002 0.0661137
