8 0.15187494765624998 0.33187488333333337 0.014765621874999996 0.033749986111111074
8 0.989629449268064 0.1915028311313639 0.02074110146387209 0.02491534362047318
8 0.981386375 0.17062494027777778 0.030585926562500143 0.02624999444444448
8 0.85587860625 0.3168748888888889 0.009492182812500083 0.018749988888888902
0 0.201972586328125 0.41749985 0.15925775703125006 0.11124995277777777
0 0.132890578515625 0.4224998416666667 0.07804684765625002 0.07499997222222221
0 0.46300765078125006 0.39156235208333334 0.08015622031249997 0.058124979166666646
0 0.604863069140625 0.39437485208333334 0.06644528828125007 0.03749998749999994
4 0.7113864703125 0.3791822858894863 0.02847655312499997 0.022885136554360586
0 0.6824857234374999 0.38335647916666665 0.03143431406250008 0.030463236111111125
0 0.7492242726933296 0.37925214777290056 0.029793107738340985 0.03287954832357887
0 0.771503637890625 0.38156236597222226 0.021093742968749996 0.03749998472222221
0 0.8463480777257408 0.381236742960936 0.02787850232648159 0.035690294633683395
0 0.045625710546875 0.42412588057711376 0.09125142109375 0.1036619666235502
