0 0.039645447662534423 0.3840093275713773 0.07758370626256884 0.14435425236497684
0 0.10719764707790427 0.38012603382901167 0.07178202130408101 0.08958227235593919
0 0.16543140608287066 0.3682944129518122 0.058946825441761885 0.07606041992485407
0 0.21011690278872241 0.3594206972939125 0.04943927295115513 0.06338368327071175
0 0.24577022462849774 0.34885675008212724 0.04088247570960901 0.06253856749376885
0 0.5887225423352944 0.34660710606507117 0.08311111592058873 0.09555823786985768
0 0.7114624388542012 0.3830619548556461 0.19934944343573868 0.20339421475182623
0 0.45618728441880624 0.3325523694861616 0.045381048349887654 0.06539427769434347
0 0.3724583615658328 0.32350327677384255 0.040407098085078696 0.05070694661656938
8 0.3463968125 0.24263250555555554 0.02731566875000002 0.012140297222222235
8 0.5205342058593749 0.2147098215277778 0.03687615234374997 0.024280593055555605
9 0.380712143359375 0.23855684722222226 0.015023617968749958 0.02549462500000002
9 0.46675650234375 0.21731132569444445 0.015023618749999967 0.019424476388888917
9 0.54392326875 0.2525181888888889 0.01365783437500001 0.016996416666666625
8 0.30081381015624997 0.26587251666666667 0.01365783437500001 0.021852536111111154
8 0.293302001171875 0.23916386180555554 0.015023617968749958 0.00728417916666671
