8 0.38449674453125 0.40646918750000005 0.011018742187499986 0.02285368888888889
8 0.509834948046875 0.40891779791666666 0.011936971093750026 0.021221284722222178
0 0.4208241625 0.44629990486111115 0.028465087499999986 0.029383315277777766
0 0.40842807773437495 0.4528295305555555 0.01836457109374995 0.03591293888888886
0 0.398327564453125 0.45201332847222225 0.02020102890625003 0.04407497361111112
0 0.38036319539240315 0.45153714643251996 0.030183722034806404 0.06271148730948428
0 0.464440022265625 0.4479323125 0.04223851640625004 0.02938331666666677
0 0.486477507421875 0.45282952986111114 0.020201027343749955 0.04244256527777773
0 0.49979182265625005 0.4569105465277778 0.021119257812500014 0.053869409722222206
0 0.5121879074218749 0.4618077659722222 0.027546857031249927 0.06692866250000001
0 0.52995563046875 0.4700514159722222 0.03369898593749998 0.0834159625
0 0.5523144941406251 0.4823760840277778 0.045911428906249996 0.09141475694444445
0 0.5975500827574443 0.49380292847222224 0.09598054676488854 0.1077388208333333
0 0.27847239351863046 0.46024630412668216 0.05275899265023909 0.07037806119108014
0 0.243330574609375 0.46768442708333335 0.053257257031250005 0.06203144305555547
0 0.3371284742308833 0.46293462920165424 0.08419986403823326 0.11129847784775293
0 0.21342522603082825 0.5185610986111111 0.16484922862415652 0.17956469722222218
0 0.06017839765625001 0.6074184173611111 0.11936971562500001 0.2889359291666667
