0 0.18598361112827339 0.5514195028768856 0.055701487881546774 0.060299424801784185
0 0.06536359292594758 0.5658795229229725 0.12922829835189517 0.10599078748738844
0 0.403759149727345 0.5089037543039957 0.026971466642189967 0.07071952750311966
0 0.2801528824476393 0.5410961629605654 0.13892630072972145 0.2021896351899804
0 0.474211241796875 0.5960711848481541 0.17836787890625 0.2701078497481362
0 0.8747033297927288 0.7138055144394476 0.2505933404145424 0.5572538986111111
8 0.5484917515807903 0.3679947568257912 0.01406851715091928 0.039436108570640005
8 0.6048740565617392 0.44187012918878715 0.011530284282983305 0.03624494995575911
8 0.7227458964843749 0.42735011736111106 0.014426813281250062 0.037305701388888945
8 0.49257264023437497 0.4203552993055556 0.01311528515624999 0.013989637499999985
8 0.47355547734375 0.40286825 0.00655764218749999 0.02564766944444441
9 0.37650236718749996 0.4588268006944444 0.009180699999999986 0.034974093055555544
9 0.2305692367507071 0.4261843152777778 0.007264571811085807 0.02564766944444441
9 0.24010340000000002 0.42035529930555554 0.00655764218749999 0.023316065277777853
8 0.071571985546875 0.4778127375 0.04983808359375001 0.020984455555555448
8 0.1859882057537529 0.41302191460851656 0.04493563692999422 0.06369036810592205
8 0.815360859765625 0.2461766388888889 0.03871326171875 0.04235296944444447
9 0.44669148124999997 0.4095002715277778 0.002977943750000045 0.023823545833333404
9 0.375965330078125 0.43332381666666664 0.007444858593749992 0.029117666666666653
