9 0.2661225421875 0.23741986597222223 0.04289154687500002 0.031193851388888916
9 0.39041054218750004 0.21575746944444446 0.03606789062499999 0.02252889166666669
9 0.849057634765625 0.14557130555555556 0.06043808671874995 0.034659833333333334
9 0.695525398046875 0.17503216458333337 0.03996712109375 0.038125818055555566
9 0.789594355859375 0.09098206458333333 0.03314346640624999 0.050256759722222225
9 0.6828528953125 0.3751927090277778 0.022420581250000016 0.03639282638888891
9 0.01552852734375 0.33940432430555556 0.027431415625 0.04453367638888889
9 0.30803927929687497 0.39512211319444446 0.011697694531250025 0.03465983472222223
1 0.48204247929687505 0.4315149395833333 0.1998356085937501 0.42284998194444445
0 0.9460510152343751 0.5528243611111111 0.10625405546875 0.15943523888888883
0 0.36214111484375 0.5094995673611111 0.034118274999999976 0.041591801388888905
