0 0.435058294921875 0.3571872513888889 0.021093736718749978 0.018749988888888902
0 0.4589877103076241 0.3627166380970903 0.024128378427748176 0.029808762305291725
0 0.410009484375 0.3560153763888889 0.013183584375000001 0.021093738888888935
0 0.3961667203125 0.3583591222222222 0.019775378124999965 0.044531219444444436
0 0.37450443906249997 0.36421849652777777 0.04200619999999994 0.05156246249999996
9 0.4620846421875 0.2903904201388889 0.009228507812500064 0.025781229166666697
9 0.45681120781249995 0.1696873784722222 0.009228507812500009 0.037499976388888884
9 0.47197233203125 0.16734363125 0.007910150000000005 0.042187470833333324
9 0.3539792484375 0.13453115208333333 0.01713866093750005 0.056249962500000014
9 0.33420387265625 0.13804677222222222 0.011865228125000016 0.05859370833333333
0 0.68739211640625 0.36867532616360915 0.15556629999999994 0.11296431047361744
9 0.758583475390625 0.2646091875 0.021093736718750034 0.03515622500000004
8 0.7493549660156249 0.138046775 0.03955075546875009 0.021093736111111122
8 0.59708456171875 0.2259373388888889 0.025048809375000092 0.018749988888888874
9 0.40855930234375004 0.29273416875 0.011865226562500053 0.016406237499999976
0 0.25167464335937495 0.23765608194444446 0.02504881015624999 0.014062491666666677
9 0.12128897890625 0.2517185722222222 0.0158203015625 0.028124983333333325
8 0.14040517578125 0.17203112569444443 0.02241209531249999 0.02343748194444445
0 0.11206046992187499 0.5253821146013778 0.22412093984374998 0.3541454846861332
2 0.630966371875 0.3597653777777778 0.013183584375000001 0.030468730555555545
2 0.6151460695312501 0.36562474861111105 0.015820301562500028 0.05624996111111108
8 0.2656694587349873 0.13989895003095307 0.022734179405025423 0.09698552506190612
