8 0.40503266015624995 0.4552569215277778 0.010722885937499982 0.046790776388888844
8 0.3899231390625 0.4595894006944444 0.021445773437499982 0.03465983472222223
8 0.25025796267732214 0.4396599958333333 0.0228600816046442 0.03985880833333333
8 0.35970409492187505 0.4639218798611111 0.013647310156250037 0.019062909722222132
0 0.47473142109375 0.50811316875 0.021445773437500038 0.01732991805555556
0 0.4191673734375 0.4847177805555556 0.01559692500000004 0.019062908333333295
0 0.398209005078125 0.49338273888888884 0.020470964843749995 0.02599487500000003
0 0.369939577734375 0.51071265625 0.016571733593750027 0.036392826388888855
0 0.324611012890625 0.5107126562500001 0.017546541406250005 0.04332479305555559
0 0.27440840859375 0.5003147055555556 0.030219043749999952 0.04332479166666664
0 0.23492869179687498 0.48905025902777777 0.02729461953125001 0.027727865277777708
0 0.34800640078125 0.5211106062499999 0.03704269843750008 0.0606547097222222
0 0.298291201171875 0.5055136812500001 0.04679077578124996 0.06758667638888893
0 0.18570089453125 0.5029141930555555 0.07895943593749999 0.08664958611111112
