9 0.565312301953125 0.15468744583333333 0.016874994531249854 0.069374975
9 0.68660132265625 0.36843737083333333 0.02109374374999995 0.03562498611111109
9 0.129726517578125 0.3703123701388889 0.01687499453125002 0.028124990277777817
9 0.4108006375 0.3853123652777778 0.011601557812500052 0.02437498888888895
9 0.462480306640625 0.39468736041666663 0.013710932031250012 0.024374987500000056
9 0.46353499375 0.4134373534722222 0.009492184375000101 0.02062499305555565
9 0.149765572265625 0.3693748715277778 0.012656244531249972 0.022499993055555556
9 0.546855276171875 0.15281244652777778 0.015820305468750018 0.06562497638888892
9 0.503085762109375 0.42843734930555555 0.008437497656250126 0.013124993055555534
9 0.37494127499999996 0.42937485 0.00949218437499999 0.014999994444444498
8 0.14449213710937497 0.3121873909722222 0.033749988281250004 0.024374990277777786
8 0.12761714296874999 0.2943748979166667 0.025312492187500008 0.02249999027777777
8 0.21884757890625 0.2896873986111111 0.01371093125000003 0.04312498888888894
0 0.37652330546875 0.45531232916666664 0.029531239062499992 0.0318749888888889
0 0.35226550234375 0.45624983124999996 0.033749989062499985 0.04124998750000003
0 0.6856916515625 0.4606873354166667 0.06749997656249995 0.061874976388888836
0 0.7568830332031249 0.45693734027777777 0.06855466484374995 0.06937497499999995
0 0.24008633945312502 0.47006233611111103 0.08332028359375002 0.10312496666666665
0 0.31813318749999997 0.4642498395833334 0.04113279843750001 0.050999984722222225
0 0.15194745468749998 0.4558123402777778 0.067354959375 0.04087498611111107
0 0.9080856207031249 0.45093734236111105 0.08226559609374995 0.058124979166666646
0 0.837421580859375 0.47624983263888887 0.06539060078125003 0.11249995972222221
0 0.42609360078125 0.4459373340277778 0.012656245312500036 0.01687499027777778
0 0.44191390781249995 0.45437483055555555 0.014765620312500005 0.018749991666666688
0 0.46142561992187503 0.4487498319444444 0.013710932031250067 0.018749994444444418
0 0.884882503515625 0.5662498020833333 0.22781242109375 0.46874983750000004
