8 0.27051998671875 0.3309692166666667 0.022309318749999973 0.03508473888888891
8 0.32457718007812497 0.34546073819444445 0.03947033203125 0.015254234722222204
8 0.667711951926959 0.37207276822541635 0.017332016458582067 0.020935040278371564
8 0.270090961328125 0.3713929368055555 0.01973516484375004 0.015254234722222204
8 0.26151045390624994 0.39427428819444443 0.014586860937500001 0.009152540277777732
8 0.5159224824218749 0.45834207430555557 0.010296608593750034 0.012203387500000051
8 0.532225445703125 0.45529122638888886 0.010296608593750034 0.012203386111111103
9 0.388930981640625 0.3286810826388889 0.01201271015624994 0.042711854166666674
9 0.600869500390625 0.3553759902777778 0.010296608593749923 0.035084738888888856
9 0.266229732421875 0.41410479652777776 0.013728810156249993 0.018305081944444357
9 0.14352848515625 0.38817259652777775 0.015444912500000019 0.02135592916666662
9 0.13451895351562498 0.39351157847222223 0.012870761718749985 0.0228813541666667
9 0.8930357578125 0.43622343402777775 0.009438556249999897 0.025932198611111124
9 0.36447653671875 0.4606302090277778 0.011154659374999987 0.0167796569444445
9 0.42625618593750003 0.44842682222222224 0.007722456250000065 0.013728811111111128
9 0.50648392421875 0.4537658027777778 0.0068644046874999365 0.015254233333333311
0 0.96039273671875 0.5475793444444444 0.07550846093750008 0.13271184166666666
0 0.054464687890624995 0.4785777694444444 0.10846133359375 0.22047135555555553
0 0.24520748984375 0.5010539305555556 0.09181142343749998 0.1159321805555556
0 0.38635682851562503 0.49266410208333333 0.03775423046874998 0.06559320972222221
0 0.57126675234375 0.5056468427825576 0.055773293750000064 0.07013619776821828
0 0.48202948046875 0.49952850625 0.02488347187499995 0.024406773611111154
0 0.460578213671875 0.5018166423611111 0.018019064843749932 0.028983045833333387
0 0.517209558203125 0.5056302020833333 0.012870760156250105 0.021355931944444462
0 0.527935191796875 0.5063929131944445 0.013728810156250049 0.028983043055555602
0 0.539947901953125 0.5056302006944444 0.01201271015624994 0.0366101625000001
0 0.49575829179687503 0.49876579513888886 0.012870760156249939 0.02288135138888897
0 0.446420376171875 0.5048674895833334 0.013728810156249938 0.032033890277777755
0 0.410382248828125 0.49495223611111117 0.013728810156250049 0.030508469444444464
0 0.424540084765625 0.5002912180555555 0.01630296171875001 0.03203389444444443
0 0.60773390625 0.5063929111111111 0.020593217187500068 0.04728812500000007
0 0.6240368695312499 0.5033420652777778 0.02402542031249999 0.05033897222222222
0 0.655784744140625 0.51249460625 0.04805083828125001 0.05644067083333332
8 0.29282930429687504 0.41181665902777775 0.008580507031249962 0.0167796569444445
0 0.12671441718749998 0.523982951388889 0.0514830390625 0.0838982888888889
8 0.14945276093749998 0.3195762097222222 0.036896178124999984 0.01983050277777776
9 0.40000356210937504 0.3272033263888889 0.009438558593750035 0.04118643333333338
9 0.21638071523437502 0.2799152020833333 0.014586861718749983 0.025932198611111124
