0 0.09440976171875 0.3810318972222222 0.1871123359375 0.27922684444444434
0 0.9396979703125 0.45265965208333336 0.11855963749999998 0.38848952083333343
0 0.934734425 0.2741972784722222 0.13048508281250004 0.24037789027777776
2 0.8817839355468751 0.20742564166666666 0.01912096796875007 0.09712238055555555
2 0.757497639453125 0.25234474305555554 0.02458410234374986 0.07041372500000004
3 0.757497638671875 0.2705551895833333 0.05189977109374999 0.05341730972222222
2 0.684428223046875 0.20378355416666666 0.01502361796875007 0.01699641666666668
0 0.494584319921875 0.2911936951388889 0.1297494304687501 0.20638505694444442
0 0.633211342578125 0.26691310138888885 0.10379954453124995 0.1432555111111111
0 0.33478765390625 0.2766253388888889 0.05599712343750002 0.07526984444444443
0 0.22142762460937498 0.3069760819444445 0.06965495859375001 0.06312954722222225
0 0.282204989453125 0.2693411597222222 0.04643663828125 0.03642089166666673
0 0.3792339156937462 0.25702973925747086 0.034106786548923296 0.056658268365424425
0 0.4245610589413561 0.2523329339051829 0.030676413195212138 0.04130062941185644
0 0.401711042578125 0.25234474236111115 0.017755185156249964 0.03156477361111115
0 0.5771651032071697 0.25205971571664415 0.04193457362572528 0.08449040019405396
0 0.5580932515625 0.23413429652777776 0.01365783437500001 0.04856119027777778
0 0.547849875390625 0.2195659395833333 0.009560483593749947 0.03399283194444444
0 0.6974031656249999 0.25113071319444447 0.04643663749999993 0.07284178472222225
8 0.5662879523437501 0.14308206527777778 0.01912096874999991 0.007284177777777789
8 0.7656923398437501 0.11394535 0.01912096874999991 0.04127701111111111
8 0.3088377671875 0.19528534444444445 0.012292051562500017 0.009712238888888919
8 0.31293511796874995 0.2122817611111111 0.012292051562499962 0.009712238888888891
9 0.304740417578125 0.23049220694444444 0.012292050781250008 0.012140297222222235
9 0.54033806640625 0.13943997430555555 0.005463134375000123 0.024280595833333307
9 0.38327296679687495 0.1637205715277778 0.0054631335937500025 0.02428059305555555
9 0.39078477539062495 0.16857669027777777 0.0068289179687500146 0.029136713888888888
9 0.61818772421875 0.18435907777777777 0.01365783437500001 0.012140297222222235
8 0.0127188484375 0.0187307375 0.025437696875 0.037461475
4 0.5008441792083496 0.17154533435525152 0.07827787076802062 0.050694240116432365
2 0.24700022686062567 0.2739278192962816 0.013419063560232064 0.0367781742021176
