9 0.18500986523437501 0.01801847361111111 0.01793184609375001 0.030492802777777776
9 0.179552346875 0.05821352916666667 0.008576100000000003 0.022176580555555554
9 0.43488624453125 0.08593425833333333 0.00779645468750001 0.022176583333333333
9 0.562358281640625 0.0651437125 0.0054575179687500475 0.016632438888888885
9 0.477766746484375 0.06930182083333333 0.006237163281249958 0.011088291666666666
8 0.5873069382812499 0.06375767569444445 0.014813265625000072 0.01108829027777778
8 0.6609834363281251 0.08246916666666668 0.010915036718750049 0.029106763888888873
8 0.356531873046875 0.07831105763888889 0.010135391406249972 0.0318788375
0 0.549104308984375 0.14484080625 0.03196546484374996 0.05682749305555557
0 0.5658666878906251 0.12890138611111113 0.009355746093750006 0.02772072777777776
0 0.58301888828125 0.12058516944444445 0.01715219999999995 0.030492802777777772
4 0.55884987734375 0.09563651111111111 0.02650794687499991 0.04712523611111111
0 0.5335114 0.1233572423611111 0.011694682812499968 0.019404509722222213
0 0.496088415625 0.11919913333333335 0.017931846874999935 0.027720730555555573
0 0.52025742578125 0.11989215 0.013253973437500122 0.02079054444444446
2 0.6376720410156249 0.12890138819444444 0.0054575179687500475 0.03049280138888888
2 0.6310450546874999 0.12959440555555557 0.006237164062499967 0.031878836111111114
8 0.617869050390625 0.05474844027777778 0.00701680859375009 0.020790547222222233
0 0.46981437617187505 0.12266422291666668 0.014033617968749967 0.012474326388888901
8 0.760147109375 0.05491524375 0.019735165624999995 0.042711856944444446
