0 0.5406940715183345 0.4470022424629817 0.023405474286668948 0.03502070159262999
0 0.5069211571795165 0.4432802554626133 0.027051000296533068 0.04273572796366237
0 0.116674725 0.4798824826388889 0.11997062031250001 0.08671869305555563
0 0.222143401171875 0.4705074888888889 0.08569330078124998 0.07265620000000006
0 0.293334757421875 0.4564449986111111 0.06196284609374997 0.08437494166666665
0 0.45153777578125 0.44941375277777784 0.03295896250000008 0.042187472222222244
0 0.47988248203125 0.44414031944444443 0.022412093749999973 0.023437483333333398
9 0.46867643671875003 0.11906241805555556 0.01713865937500003 0.07499994722222224
9 0.48911099140625003 0.12890612708333335 0.018457018749999943 0.0749999486111111
8 0.7690940213867032 0.28890509481675314 0.04053281933590647 0.02177343646457408
8 0.38496067265625 0.3882251708333333 0.02109373593750008 0.016406241666666654
8 0.41264620195312496 0.3949215875 0.01318358515625001 0.01640624166666671
9 0.49570278554687497 0.3796872208333333 0.013183585156250066 0.028124980555555623
9 0.68620558359375 0.37650642638888887 0.014501942187500005 0.025781230555555534
9 0.7904024157848796 0.3354716583058346 0.02231906530524075 0.03277413605611357
9 0.555028916015625 0.3940845402777778 0.010546866406250022 0.023437486111111072
2 0.731538729296875 0.47086295833333336 0.02579011796875008 0.10188688333333329
2 0.6520192003906251 0.4492119951388889 0.015760627343749944 0.06877364583333334
2 0.343151841015625 0.4470287034722222 0.012895058593750008 0.04584909861111108
