3 0.299091488671875 0.5362970868055555 0.051456602343750046 0.09840858749999998
3 0.26907513632812496 0.5498604534722222 0.050676957031250025 0.08039011249999994
3 0.25854992265625 0.5581766708333333 0.05301589374999999 0.08316218888888871
3 0.23555038242187498 0.5595627048611111 0.06003270234375002 0.08870633472222222
3 0.2098220796875 0.5678789243055555 0.07406632031250002 0.09425047638888884
2 0.21333048515625003 0.5068933229166667 0.017152201562499997 0.0776180402777778
2 0.1922800578125 0.5048142666666666 0.0202707828125 0.09563651111111116
2 0.1416031015625 0.4895678680555555 0.00935574687499996 0.03187883888888887
2 0.32676890468750003 0.46877732013888895 0.010135390625000018 0.031878837500000035
8 0.36536135625 0.43996755555555556 0.007796456250000028 0.013860363888888894
9 0.453071473046875 0.4556099722222222 0.0054575179687500475 0.011088291666666639
9 0.5505271605468749 0.4556099763888889 0.0038982257812499865 0.01663243888888888
2 0.9407397500000001 0.6249044305555556 0.04210085624999993 0.18018473611111108
2 0.866673428515625 0.6332206499999999 0.049897310156249985 0.21622168611111114
2 0.8234031046875 0.6415368652777778 0.03664333749999993 0.17741266388888888
9 0.8240156765625 0.4616491284722222 0.028067237499999953 0.04851127361111107
9 0.82713425859375 0.3452220701388889 0.024948654687500182 0.10395273194444443
8 0.7173713164062501 0.4198700236111111 0.01325397343750001 0.03742298333333338
8 0.7111341546875 0.4565999909722222 0.011694682812499968 0.03603694583333339
2 0.3149071671875 0.4720444020833333 0.010915037500000002 0.03326487638888892
0 0.47061349726562496 0.43551244513888887 0.010915036718750049 0.01801847361111114
0 0.48308782578125 0.43967055555555556 0.009355746875000015 0.012474325000000008
0 0.48113871093750005 0.4500658270833333 0.013253971875000048 0.01663243750000004
0 0.47802012812500005 0.4576890298611111 0.013253973437499955 0.018018473611111196
0 0.47607101484375003 0.4653122305555556 0.009355746874999904 0.01386036666666668
0 0.46593562304687497 0.48610277569444443 0.02494865546874997 0.04158109305555546
0 0.52518868125 0.4479867722222222 0.010915037499999891 0.018018472222222193
0 0.5115448855468749 0.4784795743055556 0.019491138281250042 0.012474326388888901
0 0.5177820484375 0.49372597569444443 0.031965464062500004 0.031878837500000035
0 0.5318156671875001 0.49441899375 0.01949113750000009 0.033264873611111134
0 0.5489678687499999 0.49649805138888886 0.02416901249999992 0.04573920555555555
0 0.574696169921875 0.48818183055555553 0.04911766640625004 0.07900407500000006
0 0.5797638652343751 0.5110514319444444 0.049897310156249985 0.08039011388888884
0 0.5870034421875 0.5353070708333334 0.03118581875000004 0.06791578611111115
0 0.376888981640625 0.4971910666666667 0.04911766484375002 0.06930182499999998
0 0.522070098046875 0.5646118458333333 0.07796454921875001 0.12058516944444442
0 0.66964586640625 0.5867884256944444 0.1107096593750001 0.1427617513888888
0 0.43839847187500003 0.5044302493055556 0.04914294687499998 0.07280436527777784
0 0.632630119921875 0.5429125590277778 0.08892533203124997 0.12064723472222211
0 0.524191433984375 0.42573219791666667 0.01170070234374998 0.016640998611111124
