8 0.190087530078125 0.3760592048611111 0.02144577265625 0.03465983472222223
8 0.18716310703125 0.3431323625 0.019496157812499998 0.013863936111111141
8 0.8210254657614582 0.46704127083333336 0.02776913933541636 0.01559692777777777
8 0.6967967995888078 0.4279855005591271 0.015215305427615622 0.04146489000714315
9 0.202272628515625 0.27381269166666666 0.01852134921875004 0.05892171666666665
9 0.62972586875 0.4167845111111111 0.007798464062500066 0.025994874999999973
9 0.8100653203125 0.43584741875 0.013647309375000027 0.029460859722222232
9 0.19398676132812498 0.4020540805555556 0.009748078906249985 0.020795900000000034
9 0.2177559771390172 0.2813884611205415 0.01439496521553435 0.056743336129971955
9 0.20568445546875003 0.41158553472222226 0.009748078125000031 0.029460858333333284
0 0.8994086739820305 0.609832865718005 0.1624960364109389 0.0939419991195456
0 0.7189207863281251 0.588350692361111 0.15889367890624995 0.10917847916666668
1 0.3899231382812499 0.5259629895833333 0.4211169890624999 0.19236208194444449
9 0.17152388413440336 0.4807634602399929 0.011782287981193296 0.015313437146652342
0 0.14183454140625 0.6238770215277778 0.2817194671875 0.2530167930555556
0 0.49081575000000005 0.7599168715277778 0.4162429500000001 0.476572723611111
0 0.9475932543693599 0.8917030542019448 0.10253765376128021 0.2135136415961102
