0 0.40300184179687504 0.43005560833333334 0.024190627343749938 0.04487536666666658
0 0.304661680078125 0.4328603173611111 0.10307310703125006 0.1439751402777778
0 0.1249705984375 0.41917277222222216 0.1426610203125 0.1427773416666666
0 0.450156031640625 0.44220935138888884 0.03786359140624995 0.050484786111111124
8 0.5732127046875 0.3515237111111111 0.025242395312499943 0.05235459444444446
8 0.620542191796875 0.40855282638888885 0.008414132031250077 0.024307488888888895
8 0.5069514187499999 0.3973339861111111 0.014724729687500049 0.031786719444444445
8 0.478553725 0.4122924416666666 0.008414129687499994 0.024307494444444466
8 0.45366193164062496 0.4001386930555555 0.006310600781249953 0.014958450000000012
8 0.46435487929687497 0.40341085555555556 0.007362364843749969 0.0205678777777778
8 0.9926045679687501 0.47913803819444445 0.011569429687500077 0.06357344027777789
0 0.18769141015625002 0.42168386180555556 0.03616072968750003 0.08571432361111109
