9 0.449652672265625 0.38381236388888884 0.010546871093750021 0.024374991666666623
9 0.519262023046875 0.3847498638888889 0.010546871093750076 0.022499991666666608
8 0.5992073066406249 0.3950623618055556 0.012656246093749934 0.028124990277777817
8 0.7396916292968749 0.2844374 0.014765619531249996 0.028124988888888924
8 0.278266009765625 0.3809998597222222 0.01582030703124998 0.04874998333333336
8 0.296195690625 0.3350623770833333 0.02214842968749997 0.024374990277777786
8 0.27562929140625 0.2900623909722222 0.03164061406249996 0.02812499027777776
0 0.24161494614491047 0.4474772507736168 0.037861890727320935 0.034739454094292854
0 0.284910541796875 0.4419373451388889 0.033749988281249976 0.03562498749999998
0 0.318660530078125 0.44287484444444447 0.029531239843750057 0.02999998888888894
0 0.34819176953125 0.4419373451388889 0.021093742187499986 0.03562498749999998
0 0.5430954354070847 0.43394000889763 0.010973777623330405 0.019630315017482247
0 0.5659846617187501 0.44756234236111114 0.030585926562500032 0.05062498194444437
0 0.680418215625 0.4653748354166667 0.09914059062500014 0.14999994861111104
0 0.721023669921875 0.5056873236111111 0.10863277578125008 0.17812493888888886
0 0.5976252765625 0.4588123340277778 0.03902342343749998 0.06562497638888887
0 0.062226541015625 0.44843732430555555 0.040078111718750004 0.04312498472222226
0 0.8680075093749999 0.5218748076388889 0.26156240781249995 0.3449998791666667
