8 0.6940631859374999 0.3266689402777778 0.042891545312499946 0.02252889166666666
8 0.6993722780075036 0.2946085944444444 0.00866856695250695 0.027727869444444442
8 0.7418287718750001 0.36999373472222225 0.025345004687500006 0.015596924999999984
8 0.885125524609375 0.19669456180555556 0.044841161718749856 0.057188729166666646
8 0.11941396171875002 0.31107201319444444 0.0204709640625 0.036392826388888855
8 0.6979624175781249 0.38472416319444447 0.01949615703124996 0.02772786805555555
9 0.12669876865576657 0.39598860902777777 0.01564942675096688 0.05025675972222221
9 0.7117958542501369 0.3822576068556532 0.03546533506277383 0.043590652600195234
0 0.46400853515624996 0.3899231388888889 0.38017506093750003 0.7798462777777778
0 0.8355595090743072 0.5178748267550191 0.08803107752361439 0.10109291871218412
4 0.098455592578125 0.57448675625 0.19691118515625 0.3275354374999999
2 0.726231844921875 0.5216305090277777 0.02144577265625003 0.10744548472222226
8 0.7180133232703576 0.2247725361334183 0.04955024813895781 0.028535980148883366
