8 0.639140401171875 0.5015623243055556 0.012656244531249916 0.02062499305555554
8 0.602753694921875 0.4846873305555556 0.009492183593750037 0.024374988888888838
8 0.57322245625 0.4790623319444445 0.0073828109375000395 0.016874994444444458
8 0.5473826207031249 0.47491054583333336 0.006328122656250046 0.014999994444444498
2 0.29609785734411953 0.4989660845205151 0.011085321249260927 0.03101736972704716
2 0.19908668889266173 0.5083988962994084 0.01526397690217654 0.05929814815437218
0 0.4562546170176617 0.500459004820569 0.03290016684782343 0.04788264575224932
0 0.3725583299015017 0.4849363621406684 0.02582003636550334 0.02433736039244777
0 0.36547168208337977 0.519320654157142 0.02421262333324048 0.04939400279682704
0 0.253124911328125 0.5018301729166667 0.050624980468750025 0.024374990277777675
0 0.07447308376994927 0.5362352678685426 0.13207117378989852 0.07577906148513697
0 0.33026208828125003 0.5244373152777778 0.06117185312500001 0.08812496666666664
0 0.410418308984375 0.5197498166666666 0.06960934765624993 0.1124999611111111
0 0.24641446171874998 0.5600623041666667 0.09597652812499999 0.09937496666666679
8 0.6736972562728389 0.48779983141877814 0.009770471464019881 0.04094292803970229
