0 0.078562666796875 0.4696407576388889 0.15676279296874998 0.28421064305555555
8 0.054589239453125 0.2512838 0.029244235156250006 0.034659833333333334
0 0.9608326054687499 0.5606228243055555 0.07732876875000005 0.19929404861111116
0 0.829074073046875 0.4635752868055556 0.28171946796875 0.2963415847222222
0 0.66286933515625 0.43844690555555554 0.12087617343750001 0.1490372888888889
0 0.597557209765625 0.41331852708333333 0.08188385859374991 0.1161104458333333
0 0.553203452734375 0.41245203194444446 0.03606789140625 0.08318360277777781
0 0.530782871484375 0.3925226263888889 0.05166481484375007 0.07798462500000003
0 0.46352113046875 0.39512211180555556 0.026319810937500077 0.06238770138888894
0 0.41752396484375 0.4264667277777777 0.08322106249999994 0.13894086388888888
0 0.35726707539062497 0.3864571548611111 0.02631981171875003 0.03812581805555554
0 0.36652775 0.3682607402777778 0.019496156250000007 0.03292684166666665
3 0.177415026953125 0.4575098159722222 0.07018616484375001 0.09358155416666664
3 0.204709648046875 0.4531773361111111 0.06238770078125 0.0849165944444445
3 0.226155420703125 0.4453788736111111 0.048740391406250055 0.07971761944444444
3 0.24467676953125 0.43931340347222225 0.04094192968749999 0.057188729166666674
3 0.26222331015625 0.4341144284722222 0.04094192968750002 0.0606547097222222
3 0.276845428515625 0.4263159652777778 0.03509308203125 0.055455736111111154
3 0.29049273828125 0.423716475 0.033143465625000035 0.05372274166666663
3 0.29877860468749995 0.4185175013888889 0.03411827500000003 0.04679077500000001
9 0.461606734375 0.2617966875 0.01054686718750003 0.03984372222222221
9 0.381846046875 0.27234355555555556 0.009228509374999971 0.028124980555555568
