9 0.15467268515625 0.12611842152777777 0.043963815624999986 0.25223684305555555
9 0.08249950335354106 0.4254488269583552 0.015522056707082135 0.02668712058337691
9 0.42544982578125 0.4041118444444444 0.009991776562499943 0.058618422222222244
9 0.5243684109375 0.29575657986111115 0.009991776562500054 0.044407893055555536
9 0.7037207976562501 0.4298684229166667 0.014987664062500072 0.02486842083333335
9 0.06624546484374999 0.10746710625 0.01898437499999999 0.07638157916666666
9 0.030774658984374998 0.11279605347222221 0.011990132031249996 0.06927631527777776
9 0.1002175046875 0.4218750020833333 0.00699424374999999 0.026644737500000015
9 0.51287786875 0.29664474027777776 0.008992598437499999 0.039078947222222216
9 0.53436018828125 0.29842105486111115 0.007993421874999962 0.03907894861111111
2 0.98149218046875 0.5533223715277777 0.03696957187500005 0.16164473750000002
2 0.143182142578125 0.5009210555555555 0.020982730468749988 0.06750000000000006
2 0.818165896484375 0.4813815819444444 0.012989310156250045 0.04618421111111115
0 0.38930457148437503 0.47414942916666664 0.017985197656250007 0.02309210555555552
4 0.3603284203125 0.4590507458333334 0.009991776562499943 0.014210527777777704
0 0.363325953125 0.4759257444444444 0.011990131250000036 0.019539472222222187
0 0.3758156734375 0.4741494284722222 0.008992598437499999 0.026644737500000015
0 0.3433424 0.4643796923611111 0.015986842187500017 0.014210526388888922
0 0.314865837890625 0.4643796923611111 0.036969572656250005 0.021315790277777802
0 0.310369538671875 0.4981296923611111 0.045962171093750004 0.05328947361111103
0 0.346839521875 0.4768139027777778 0.018984374999999942 0.024868422222222186
0 0.47873096953125005 0.5061231131944445 0.07893503281250008 0.06927631527777778
4 0.510205066015625 0.4670441659722222 0.06194901484374998 0.11901315694444442
1 0.28938680781250004 0.46526785 0.029975329687499996 0.08348684166666664
0 0.413459694140625 0.47338816041666665 0.013988486718750082 0.023092104166666627
0 0.7187084621093751 0.5968421076388889 0.29675575859375003 0.309078948611111
1 0.2336077203125 0.4716118444444445 0.09592105312499999 0.11546052777777788
0 0.3964736734375 0.6716254461357056 0.3756907921875 0.3804877283825222
8 0.116703936328125 0.36148026527777777 0.021981908593750016 0.012434211111111093
8 0.5943108464843749 0.3081907902777778 0.06594572421875 0.0301973694444444
8 0.701222853125 0.35703947430555555 0.02198190781249998 0.01065789583333332
9 0.18936102798499777 0.1368899901510764 0.026519851116625304 0.2737799803021528
8 0.5906482488286702 0.44437551380091206 0.013957816377171306 0.038461538461538436
