8 0.7621830289062499 0.06630824861111112 0.030889824999999926 0.04881355277777778
8 0.500048544140625 0.24859635069444447 0.02316736796875013 0.04118643472222219
0 0.07219326875 0.39122344166666667 0.1443865375 0.32949146111111105
0 0.3503187 0.43927428125 0.295169434375 0.4255931402777777
0 0.817956323046875 0.5015318773581345 0.36038128828125005 0.440277843605158
0 0.20502333430887607 0.2806160626851955 0.14873121861775213 0.279180849629609
4 0.301409812109375 0.24249465694444444 0.049766938281250006 0.028983047222222197
0 0.514635406640625 0.36071497291666665 0.08666311953125 0.10983048750000002
0 0.47602312578124995 0.3164776951388889 0.03518007968749998 0.03966100694444441
0 0.638623730078125 0.3561387041666666 0.10983048671874984 0.09457625555555554
