0 0.5525703203125 0.6431231048611111 0.037898557812499956 0.05489832361111113
0 0.52870826484375 0.6350131243055556 0.01824745312499987 0.028696851388889
0 0.826282128125 0.6194170090277777 0.03789855937499986 0.03243991805555557
0 0.8969861992505246 0.6289001940816664 0.07684022818854919 0.07636006871888834
8 0.5772512070312501 0.5863749125 0.018949279687500042 0.01871533611111109
1 0.6488630313787039 0.6016192384106573 0.011982345569907737 0.019259449043536936
0 0.9463410324218748 0.6338260888888889 0.019651103906250023 0.014972266666666623
8 0.145488344921875 0.5864139027777777 0.011931027343749984 0.014972269444444408
0 0.8541212070312499 0.6125763854166667 0.023862054687499912 0.02620147083333335
0 0.3830257302182484 0.630479732163195 0.010468362282878396 0.013647642679900818
