9 0.125097169921875 0.26526603680555555 0.021119258593750023 0.08978235138888888
9 0.413420945703125 0.16487304305555556 0.017446342968750028 0.07509069166666665
9 0.5010865759671422 0.33722035120532234 0.010233767559284346 0.01769960036713314
9 0.572641779296875 0.3305622916666666 0.010100514843749853 0.02122128333333334
9 0.89264444140625 0.07672309861111112 0.025710400000000022 0.09141475555555557
9 0.864638469921875 0.0734582861111111 0.02295571484375003 0.09467956944444442
9 0.5680453626248267 0.3549817897133869 0.006438148187846604 0.011293651648995928
9 0.5196350715617064 0.35416558693560907 0.005926499064087154 0.012926057204551478
0 0.271183518359375 0.41707982847222225 0.045911428906249996 0.037545345833333355
0 0.5758823796875001 0.4320435625 0.026628628124999998 0.05550181666666665
0 0.7000522987842948 0.4130322045638142 0.05336931944358958 0.04903897579429506
0 0.752335297265625 0.43993351805555553 0.09733223046875006 0.096311975
0 0.6270787617388931 0.3830202507107676 0.0764876094152862 0.17357901253264635
0 0.87991341875 0.5138488149994359 0.23506651718750005 0.47767870777664956
0 0.09666443515625 0.46273619444444447 0.1909915453125 0.16650545000000005
0 0.5305691808593751 0.4169713358965272 0.05876662890624995 0.11764821987361229
2 0.43536754163264046 0.3984698066048823 0.009072580645161199 0.03101736972704716
