0 0.08301640390625001 0.6033049701388888 0.1656037828125 0.17084742638888895
0 0.227597944140625 0.616271067361111 0.12699150078125002 0.12355929583333336
0 0.293238821484375 0.5758473479166666 0.04032838203125 0.054915245833333404
0 0.324128646484375 0.578898195138889 0.03174787421875003 0.04576270416666672
0 0.35019192187500003 0.5670216840277778 0.026599571875000005 0.03966100972222231
0 0.37832373984375 0.5586318541666666 0.025741520312499988 0.032033891666666814
0 0.40063305703124996 0.5609199902777777 0.018877115624999996 0.02135592777777784
0 0.417794070703125 0.55710643125 0.01887711484374993 0.022881351388888915
0 0.7907888600300299 0.585268389742681 0.15741521743994036 0.16114228781869544
0 0.911969977734375 0.6327238604166667 0.17246818671875008 0.19983047083333327
0 0.6991702711611764 0.5746484666545102 0.0844447890818858 0.13275434243176176
0 0.6632288939899605 0.5690653401036416 0.04745657568238215 0.09429280397022333
0 0.6307769709130374 0.5684449927091006 0.046758684863523525 0.08064516129032262
0 0.602861338158695 0.565343255736396 0.025821960297766733 0.05707196029776673
0 0.5773883232703576 0.5628618661582322 0.026519851116625248 0.04962779156327546
