0 0.15860158554687498 0.3628214506944445 0.06419182265624998 0.02913671527777778
0 0.16065026054687498 0.34825309375 0.06009447265624998 0.03399283194444441
0 0.2979115 0.3421829451388889 0.025949887499999935 0.02670865416666668
0 0.351177055078125 0.3361127958333333 0.01775518515625002 0.02428059444444447
0 0.471366001171875 0.34703906388888894 0.06419182265624995 0.10926267777777782
0 0.40307682734374994 0.33368473680555555 0.047802421875 0.06798566527777777
0 0.43722141523437497 0.3251865277777778 0.017755185156249964 0.050989247222222256
0 0.727450402734375 0.32275846875 0.06555760703125002 0.060701487499999984
0 0.568558243359375 0.32033040902777776 0.02092998359374998 0.026708654166666623
0 0.5533678477045026 0.32012804113329313 0.01756078584099474 0.021447798933252882
0 0.49731588710937497 0.32033040902777776 0.012292050781249952 0.026708654166666623
8 0.31361800976562504 0.2887656361111111 0.02185253515625002 0.04127701111111115
8 0.11489651445312501 0.1139453513888889 0.05326555546875002 0.016996416666666667
8 0.16201604375 0.17950295972222222 0.04916820468750002 0.11411879999999998
8 0.11421362109375 0.18557310625 0.054631339062500006 0.1116907375
8 0.5465653613281249 0.2814814569444445 0.025787346093749997 0.0218525361111111
8 0.49936456328125 0.2863375763888889 0.021852535937500084 0.01699641666666668
8 0.43244117226562495 0.2648683680555556 0.010926267968750014 0.01776307222222223
8 0.6639414710937499 0.26205698194444443 0.015023618750000023 0.026708655555555544
8 0.6175048328124999 0.2802674263888889 0.009560484375000011 0.019424474999999997
8 0.7493029390624999 0.24506056388888886 0.02185253593750003 0.04127701111111112
8 0.08226559609375 0.3018748944444445 0.023203117187499997 0.037499986111111105
0 0.3743020949825164 0.32961124581083767 0.01674937965260548 0.019851116625310194
