0 0.043448976562500005 0.6699709798611111 0.08689795312500001 0.18696058194444454
0 0.8845155027343751 0.7683073888888889 0.22672005703124998 0.34478445
0 0.504144804296875 0.6481184430555555 0.16252823359374996 0.2500901305555555
0 0.40785706835937496 0.6299079951388888 0.06828917421874997 0.13597133194444444
0 0.134017481640625 0.6432623236111111 0.11062846171875 0.14325551111111112
0 0.20025798085937502 0.6262659083333333 0.06009447265625001 0.09955043888888893
0 0.243963051953125 0.6262659076388889 0.04916820390625001 0.08498208194444445
0 0.27674185546875 0.6238378486111111 0.030047235937500028 0.06555760833333324
0 0.294497041015625 0.620195757638889 0.02731566953125003 0.05341730972222225
0 0.312252226171875 0.6189817284722222 0.024584102343750025 0.05098925138888877
0 0.7417911292968751 0.6602587402777778 0.20350173828125007 0.22580953333333342
0 0.63116266796875 0.6517605319444444 0.08877592656249989 0.1262590944444445
0 0.5888233796875 0.6153396402777778 0.028681453125000034 0.048561191666666614
0 0.354591512890625 0.5751190267722509 0.049168205468750004 0.08466682021116845
9 0.35254283828125 0.48422442500000007 0.00409735 0.029136713888888888
9 0.44746478984375004 0.4975787534722222 0.005463132812500049 0.02185253472222215
9 0.358005971875 0.4830103972222222 0.006828917187500005 0.03642089444444452
9 0.453610815625 0.5000068125 0.00409735 0.026708652777777786
8 0.27059583007812504 0.5267154680555555 0.015023617968750014 0.012140297222222318
8 0.27947342265624997 0.5376417347222222 0.019120968749999967 0.00971223611111105
0 0.378225444140625 0.6091465916666666 0.019496157031250017 0.04679077777777785
