0 0.07146046484375 0.5238682173611111 0.13947710312500003 0.1408163902777777
0 0.188552354296875 0.5100927006944445 0.10159443359375003 0.1132653569444444
0 0.25958236015625 0.5039702479166667 0.052519156249999976 0.06734696805555546
0 0.32286363828125 0.5146845381944445 0.06543370312500002 0.061224518055555566
0 0.36720358203125003 0.5116233118055555 0.031855881249999995 0.04897961527777772
0 0.50323680625 0.4794804416666667 0.031855881249999995 0.04285716388888888
0 0.529926869140625 0.4810110534722222 0.021524244531250014 0.03673470972222226
0 0.5536035386718751 0.47871513472222227 0.01894133515624996 0.02908164722222223
0 0.56953147890625 0.47565390902777777 0.01808036406250002 0.02908164583333328
0 0.6620857308593749 0.5338171993055556 0.16014037734374997 0.20969397083333324
0 0.86183071796875 0.6088172340277778 0.2703445093749999 0.3443879097222221
