9 0.601376269140625 0.20586343541666666 0.009278352343749963 0.0536082541666667
9 0.351440660546875 0.05431701875 0.01739691015625 0.08041238472222223
9 0.8338668395072224 0.24550382189227013 0.0174931647355554 0.06690963545120693
9 0.8048196878758518 0.21298290532872705 0.020549338564551545 0.11695671557495521
9 0.614134003125 0.20586343750000002 0.01159794062499997 0.04536083333333338
9 0.586298946875 0.2099871486111111 0.011597942187499988 0.049484544444444445
9 0.6709639089843751 0.3739047006944445 0.018556703906250083 0.030927840277777785
9 0.312007664453125 0.3440077888888889 0.008118558593749992 0.028865983333333345
8 0.1867499125 0.05105014654272473 0.1217783703125 0.039712590307671686
8 0.500474190625 0.35740985277777776 0.04871135000000004 0.05154640277777778
8 0.577600491796875 0.35740985277777776 0.01739691171875002 0.03505155277777772
8 0.7144561859375 0.3656572763888889 0.01739691249999986 0.06804125
8 0.08584783359375 0.3048325243055555 0.015077321874999994 0.03298969583333328
0 0.052793704296875 0.4068943965277778 0.044072172656250005 0.03917526527777787
0 0.042355558203125 0.42854388541666666 0.04871134765625 0.07835052916666668
0 0.447703563671875 0.4460696611111111 0.05914949453125001 0.10515465555555553
0 0.483657177734375 0.42338924513888887 0.015077324218750077 0.03505155138888888
0 0.872188169140625 0.4605026534722222 0.24471653671875004 0.13814435138888886
4 0.58629894609375 0.3099871652777778 0.06726805156249993 0.05567011388888893
4 0.40189169999999996 0.4481315152777777 0.04175258437499996 0.08041238333333328
0 0.53946368046875 0.4780154655213824 0.12525775156249996 0.1994331745127908
0 0.21240177148437503 0.5057542787933589 0.32242273515625003 0.33738194257510223
2 0.360275506640625 0.44474233541666663 0.01043814609374999 0.03505155416666672
4 0.6062646746137154 0.43738846369257856 0.03496147110243064 0.08799868294071267
8 0.669205586328125 0.3578627916666666 0.014622117968750015 0.015596924999999984
6 0.6394739468749999 0.32320295694444445 0.715508959375 0.03292684166666665
