9 0.4204539375 0.35437500208333333 0.009991776562500054 0.05861842083333335
9 0.6937290210937501 0.2868750013888889 0.008992598437499999 0.05151315833333331
9 0.70921627265625 0.29309210694444443 0.009991776562499943 0.05684210555555552
9 0.476907473828125 0.4920394784722222 0.004995888281249972 0.024868423611111135
9 0.824121702734375 0.4485197402777778 0.01398848671874986 0.02309210555555552
8 0.28556495625 0.21582236944444444 0.057952301562499975 0.04085526388888888
8 0.6900027622942486 0.47224743497222643 0.013530212088497251 0.035021178277786225
8 0.8067655500939468 0.4050000027777778 0.02472052949960646 0.01421052777777776
8 0.8181266359375 0.38076741908156087 0.019983553124999887 0.01076450420045022
8 0.7551784460937501 0.32328947361111116 0.059950657812500086 0.02842105277777779
0 0.26108510390625006 0.5391118444444445 0.02098272968749998 0.02309210555555552
0 0.29947065078125 0.540195076388889 0.010157362499999989 0.02525856944444438
0 0.23210895273437498 0.5382236874999999 0.052956414843749994 0.04618421111111115
0 0.509380746875 0.5302302652777777 0.007993421874999962 0.0195394722222223
0 0.5203717015625 0.5444407930555555 0.015986842187500017 0.026644736111111178
0 0.54635031875 0.5450742234967663 0.015986842187500017 0.02182523911757872
0 0.5678326390624999 0.5471052652777777 0.014987664062500072 0.021315788888888965
0 0.640772606640625 0.5550986875 0.010990953906250045 0.0301973694444444
0 0.605301800390625 0.5471052666666667 0.06194901328125013 0.08526315833333331
2 0.4104621609375 0.5426644770833333 0.015986842187500017 0.09414473749999996
2 0.9540147953125 0.55865131875 0.03197368437500003 0.1048026319444445
2 0.9160460460937501 0.54532895 0.013988487499999924 0.07815789444444443
2 0.8980608472656251 0.5435526340277778 0.01199013203124999 0.08171052638888887
2 0.8735809957031249 0.5311184236111111 0.018984377343750025 0.09592105277777774
2 0.85209867578125 0.547993425 0.015986842187500017 0.08348684444444443
2 0.84160731015625 0.5435526340277778 0.012989307812500073 0.08171052638888887
2 0.8331143019531251 0.5444407923611111 0.013988488281249878 0.07282894861111111
2 0.6942286097656251 0.5426644777777778 0.007993421093750008 0.058618422222222244
