0 0.24054859453125 0.6906094840277779 0.1188231625 0.1456835680555556
7 0.5376064992187499 0.6554026229166666 0.04097350468750005 0.13354327361111107
3 0.5430696335937499 0.6906094847222222 0.04097350468750005 0.10197850000000008
9 0.6721361722656249 0.4138107 0.02048675234375008 0.09226626111111114
9 0.641753062020419 0.4195027468293867 0.024591314532143693 0.08908199643655113
8 0.16410897946684308 0.45253689804476327 0.04771390044131385 0.023013694005798058
0 0.554678791796875 0.6505465034722222 0.10789689453125006 0.12868715138888898
0 0.49936456210937497 0.6432623243055555 0.03277880390624993 0.07041372638888888
0 0.48365805234375003 0.6311220263888889 0.055997123437500074 0.0752698444444444
0 0.30474041640625 0.6541885930555555 0.05872869062499997 0.0825540222222223
0 0.327958736328125 0.6408342645833334 0.039607719531249974 0.0752698458333333
0 0.347762596484375 0.6311220263888889 0.01365783515625002 0.04127701111111115
0 0.1408464 0.6772551569444445 0.1024337609375 0.11897491388888892
0 0.4181004453125 0.6226238180555556 0.009560484375000067 0.029136713888888943
0 0.409905744140625 0.6177677 0.012292050781249897 0.024280594444444414
0 0.35732308046875 0.6201957583333333 0.016389401562500017 0.03399283333333336
4 0.38467615234374997 0.60407814375 0.03558517499999997 0.03223522916666666
8 0.6780805128681688 0.4834063997776965 0.04083594780714517 0.01606920007754592
4 0.4375147301299328 0.6147724022420877 0.028126519634865677 0.04940257051582453
0 0.19763732421875002 0.6465789506944445 0.021981907812500007 0.04973684305555559
