8 0.439194640625 0.48914028125 0.050097621875 0.09140618750000007
8 0.434580386328125 0.39773409444444446 0.043505830468750006 0.030468724999999974
8 0.382505226953125 0.4610153006944444 0.01582030234374998 0.030468729166666708
2 0.8515721417968751 0.6404616611111111 0.04956022265625004 0.08467415833333336
2 0.1109233828125 0.5746870965277777 0.015820303125000004 0.0843749430555557
2 0.08785210859375 0.5782027201388888 0.0250488109375 0.08203119305555562
0 0.13794973046875 0.54421836875 0.05932613124999998 0.046874968055555466
0 0.20865739744262807 0.5547652368055556 0.05238336136474395 0.04921871527777766
0 0.3196109014543439 0.5631615271961763 0.05301368797764194 0.0753862905034638
0 0.07507094290990116 0.539459676035408 0.049584101444802305 0.09857982570696178
0 0.2554836874009289 0.5625375972915525 0.05181608730185783 0.07882593069421606
0 0.339658576171875 0.6332808083333333 0.08833001640625004 0.13593740555555556
4 0.034458590625 0.5723433513888889 0.06855464062500001 0.17343738333333336
