9 0.311313869140625 0.27937480138888887 0.010546867968749984 0.03281247777777774
9 0.47610867734375 0.2559373166666667 0.00791014999999995 0.032812477777777765
9 0.552573468359375 0.30164041041666667 0.007910150781250014 0.02578123194444437
9 0.20716354999999997 0.3051560333333333 0.013183584374999974 0.023437483333333342
9 0.630356618359375 0.21726546736111113 0.010546867968749929 0.04453121805555557
9 0.638266769140625 0.3028122847222222 0.007910150781250014 0.03281247777777774
9 0.66529311796875 0.1305467777777778 0.009228509374999971 0.035156225
9 0.22891646484375 0.29109354305555557 0.009228509374999999 0.028124980555555568
9 0.19859421992187498 0.22195296527777778 0.009228510156250008 0.021093736111111094
8 0.674521626953125 0.23601545555555553 0.017138660156249985 0.03984372222222218
8 0.5479592144531249 0.25242169444444446 0.01977537734375001 0.021093736111111094
8 0.317905662109375 0.30281228541666666 0.02109373515624996 0.01406249027777784
8 0.49061062109375 0.25415297505595336 0.010546868749999994 0.02455629733412895
2 0.20716355 0.35906224583333335 0.010546867187499975 0.051562463888888854
2 0.207822729296875 0.36257786875000003 0.01186522578124996 0.05390621250000005
2 0.15508838984375 0.3766403597222222 0.019775376562499974 0.08671869166666663
0 0.18409227656250002 0.36140599444444443 0.04614254687500002 0.04687496666666663
0 0.36464945614357847 0.3611186319112732 0.02780138927534309 0.04161274437810192
0 0.41678254609375 0.35595370753059236 0.02636717031249991 0.048404548827704175
0 0.49258815859375 0.3602341215277778 0.014501943750000024 0.039843723611111104
0 0.45501494140625 0.3309372659722222 0.023730451562500032 0.01406249027777784
0 0.5090676390625 0.36374974305555563 0.031640603125 0.05156246388888891
0 0.7180274570312499 0.353202875 0.03823239687499991 0.03984372222222221
0 0.7957256501462215 0.3433112232843206 0.04597263466744306 0.01743955343135878
0 0.8643652464843751 0.3367966361111111 0.03559567890624993 0.021093736111111094
0 0.888095698046875 0.3391403840277778 0.03032224453125021 0.030468726388888923
0 0.39700716914062506 0.36492161666666667 0.039550753906250014 0.0539062111111111
0 0.54466331796875 0.3848434784722222 0.06591792343750003 0.07968744583333331
0 0.462925093359375 0.3848434784722222 0.06064448984375004 0.09843743194444449
0 0.6547462503906251 0.4211715784722222 0.15161122421874995 0.1757811291666666
0 0.279673265234375 0.4035934652777778 0.14501943046875 0.1874998694444444
0 0.9052343593750001 0.4364059444444444 0.18852526250000012 0.2906247999999999
4 0.046233181640624996 0.3309372652777778 0.09246636328124999 0.08906243888888887
8 0.22079397734375 0.13344036319444444 0.039967121874999983 0.01732991805555556
