0 0.505592290234375 0.5289527131944445 0.19405270703125 0.26306891527777776
0 0.18438632500000002 0.5184270972222222 0.2374708953125 0.31820311944444446
9 0.19552951562499998 0.3053384784722222 0.017721709374999978 0.04568262916666671
9 0.6249290515624999 0.08705789305555556 0.021266050000000036 0.08033841111111112
9 0.47207931601562503 0.2831781340277778 0.020379966406250005 0.047257887499999984
9 0.87102197109375 0.33395575 0.03455732968750014 0.031505258333333286
9 0.7110835531249999 0.39932916458333334 0.015949537499999944 0.023628943055555518
8 0.7096095630386661 0.35704902742247935 0.0227690005517156 0.01153077151162546
8 0.8455967405210927 0.17037449863722454 0.04041633260468558 0.03514798060778243
9 0.14177366679687503 0.23235129097222224 0.020379963281249996 0.04568262916666668
0 0.898878283203125 0.46281226319444446 0.15506494921875003 0.07561262638888899
9 0.4013776296875 0.36566939236111107 0.01315453124999999 0.029763787499999916
8 0.8407590062165483 0.23074125252296745 0.020947480507578442 0.04024991717628734
9 0.6022831972656251 0.08610238611111111 0.02272146328125002 0.06590553055555554
