9 0.352842160546875 0.1938279840277778 0.011865225781250044 0.044531218055555544
9 0.34163611328125 0.19499985833333333 0.010546868749999994 0.04218746944444446
9 0.36404820742187505 0.19617173333333332 0.010546867968749984 0.044531219444444464
9 0.8300879265625001 0.25359356944444444 0.02504881093750011 0.06562495555555556
9 0.7974543821518301 0.2656579046823828 0.0355956773437498 0.054401738817616285
8 0.449741507421875 0.22588175163832186 0.044824188281250066 0.027298652278911872
8 0.6138771375000001 0.1587837461295985 0.09360345156250005 0.17086965774080304
8 0.8432715109375 0.11999991041666666 0.019775376562500058 0.03749997361111111
8 0.859750991796875 0.10359367152777778 0.03691403671874993 0.028124981944444433
8 0.142563985546875 0.3449997555555555 0.026367169531250012 0.05156246388888891
2 0.139268088671875 0.4457809368055555 0.014501942968749987 0.04218747083333335
2 0.7773535874999999 0.40007784305555555 0.019775376562499947 0.030468730555555545
0 0.80372075625 0.44343718819444444 0.17006824218749994 0.1031249291666666
0 0.9708915250000001 0.4692184986111111 0.05089446406249998 0.06093730555555554
0 0.41480500937500003 0.5453902416666666 0.63149370625 0.5507808722222223
