9 0.423392877734375 0.521628125 0.00546313203125004 0.021852536111111043
9 0.34827478554687497 0.5094878291666667 0.008194700781250008 0.021852536111111154
9 0.353055030078125 0.5094878291666667 0.004097350781249953 0.021852536111111154
9 0.34212876015625 0.5107018513888889 0.00409735 0.024280597222222255
9 0.415881066015625 0.5228421486111111 0.006828916406249996 0.024280594444444414
9 0.2144280046875 0.61348970625 0.010926267187500005 0.014568356944444472
8 0.211013545703125 0.5604770770833334 0.01775518515625002 0.007284179166666571
8 0.482804459375 0.5325543944444444 0.012292051562500017 0.019424477777777782
8 0.512168803515625 0.5009896201388889 0.010926269531249977 0.033992831944444524
8 0.8251608570312501 0.40912802986111113 0.050533987500000044 0.10440655972222224
8 0.805356996484375 0.16146595763888888 0.07375230703125002 0.18210445972222222
8 0.82470559140625 0.2881297284722222 0.04051824843749996 0.10197849861111113
4 0.025044310359032814 0.7529150342190256 0.04735705509306563 0.295790089895282
3 0.178917634765625 0.6883548701388889 0.024584102343750025 0.026708651388888893
1 0.41110082656249997 0.5991236833333333 0.07921544218749998 0.08983819999999998
0 0.41724684999999995 0.7259897930555556 0.12974942812499995 0.1881746111111111
8 0.5149003691406251 0.5542045840277778 0.019120967968749958 0.009712240277777728
8 0.489633375 0.5651308493055556 0.015023618750000023 0.007284179166666682
9 0.49168205078125005 0.6003377173611111 0.01092626718749995 0.014568362500000043
