0 0.36919581562500003 0.5384268034722222 0.13042370625000005 0.1144067597222222
0 0.47087482109374995 0.5163081659722223 0.07465041093750002 0.08542371249999997
0 0.5266481160156251 0.5140200298611111 0.047192788281250064 0.06254236250000006
0 0.5592540421875 0.5102064729166667 0.04204448437500008 0.03355931805555551
0 0.8668652124999999 0.5567318840277777 0.08752117031250006 0.15101692083333335
0 0.817527296875 0.5300369756944444 0.07636651093749991 0.1311864152777777
0 0.7733376878906251 0.5231725680555556 0.04290253359374996 0.09305082777777779
0 0.747167142578125 0.5208844361111111 0.021451266406250058 0.06406778333333335
0 0.745022015234375 0.4941895236111111 0.05834744609374998 0.09610167499999994
0 0.677236012109375 0.5002912194444444 0.06692795390625006 0.053389819444444375
8 0.8796789212892504 0.37564804735191926 0.0324918238285008 0.0664763085927273
8 0.7458800660156251 0.4339352993055555 0.01201271015625005 0.01525423472222226
2 0.693109949609375 0.5094437590277777 0.018019064843749932 0.0747457486111111
0 0.9307899875000001 0.5920163087747309 0.13471395625000004 0.22993956856164938
8 0.5691216238281249 0.4285963152777778 0.013728810156249938 0.0320338916666667
