8 0.122988388671875 0.05774497708333333 0.11983484296875001 0.11548995416666666
8 0.27120516757812496 0.031955957638888886 0.09839071328124999 0.06391191527777777
8 0.557547365625 0.053820559027777784 0.3115705859375 0.10539859861111112
8 0.13837770625 0.4016359416666667 0.01892129218750002 0.015697666666666665
8 0.30425435312500004 0.4049997131944445 0.017659870312499992 0.03588037083333334
8 0.397220973046875 0.4263036826388889 0.013875613281249977 0.024667754166666667
8 0.9475782515625 0.31305625555555555 0.017659873437500084 0.013455138888888829
9 0.18038297070312498 0.4126242958333334 0.0075685164062499755 0.017940183333333304
9 0.21822555312499997 0.40477546388888885 0.007568515625000022 0.020182711111111196
9 0.19236645624999998 0.40029041736111104 0.01135277500000001 0.011212618055555568
0 0.051718193749999995 0.4541109729166667 0.027751226562499995 0.020182712500000033
0 0.025228387890625 0.5146591041666666 0.05045677578125 0.10539859722222217
0 0.204097658203125 0.4686873763888889 0.05802529140625001 0.053820558333333324
0 0.364802481640625 0.4742936868055555 0.025228388281249958 0.03812289861111112
0 0.335789834375 0.4765362118055556 0.04288826093750003 0.07400327083333336
0 0.38372376992187496 0.47429368541666667 0.020182708593749987 0.056063081944444426
0 0.41399783515625 0.4787787326388889 0.05297961406250001 0.07400327083333336
0 0.55628594453125 0.4563534993055556 0.010091354687499998 0.020182709722222247
0 0.542410331640625 0.4552322375 0.02018271171875008 0.03139532222222219
0 0.5329496871093751 0.4619598034722222 0.016398452343750036 0.03588037361111107
0 0.566377299609375 0.46083854583333334 0.020182708593750043 0.05157803333333333
0 0.6444591515625 0.44738340833333334 0.013875612499999912 0.01569766388888888
0 0.6223843140625 0.44962593125000005 0.020182707812499978 0.020182709722222192
0 0.117312001953125 0.5146591055555555 0.16650735703124997 0.1547341083333333
0 0.274737144140625 0.5258717222222222 0.16146167890625 0.17715934166666675
0 0.48514190078124997 0.5124165826388889 0.10848206562500007 0.15024906249999997
0 0.587443019140625 0.4709299013888889 0.04667251484375001 0.0672757
0 0.7895223812500001 0.48662756041666666 0.2131798749999999 0.27358784305555556
8 0.082622969140625 0.4036542027777778 0.016398452343749995 0.03363784999999997
8 0.1034363890625 0.4081392465277778 0.015137032812500006 0.029152801388888816
