1 0.834922919921875 0.31367150208333333 0.32656062890624993 0.6273430041666667
0 0.57074999375 0.35159984706151903 0.039967121874999956 0.06624863087696192
0 0.428973795553681 0.3673263713328879 0.03715938485736203 0.04838802044355367
2 0.15255742695312502 0.40118758611111116 0.020470963281250004 0.0918485638888889
2 0.3282391500585078 0.365837207053972 0.010366502152978907 0.04540969188572175
1 0.48984094257812505 0.3456953389961389 0.03996712109375 0.05545573472222215
0 0.5369693691348422 0.34666828071945543 0.019196649207184224 0.02562977190583393
9 0.5736744164062499 0.28161115555555555 0.004874037500000039 0.015596924999999984
0 0.594125514358169 0.3463926507311481 0.01228912165341578 0.026181031882448635
2 0.34941272784985145 0.36985016423426353 0.008323731714581672 0.04828737930330412
