4 0.18009345546875 0.47209211805555557 0.35903981875 0.9401056833333333
0 0.4183665769652037 0.5463215179343324 0.0372099758054073 0.05669143309088709
0 0.3855734385070472 0.5668208789827999 0.05913104589874285 0.08006634923704081
0 0.5288704180739405 0.5588826787253434 0.019786929564784894 0.08647603824561745
0 0.5620129580625097 0.5610304582482728 0.06583691369712907 0.11247395602003529
0 0.581002136328125 0.6015860659722223 0.05276623515625001 0.15090633472222226
0 0.74388921015625 0.6354753295117123 0.31659741250000006 0.3563906354210198
8 0.5362655445312501 0.4843277645833333 0.016059289062500093 0.038746220833333234
9 0.469160658203125 0.47311175347222223 0.010323828906249943 0.02039274583333328
0 0.46730321710016726 0.5659452834848482 0.07663838013146262 0.12915109776462708
9 0.39804095156249997 0.4924848638888889 0.01032383124999997 0.026510574999999925
0 0.5213732146415895 0.552420462439885 0.02502761854487734 0.07478702090005895
