9 0.497284981640625 0.16499994375 0.009492183593749925 0.022499993055555556
9 0.60802713125 0.17249994027777776 0.0073828109375000395 0.018749994444444418
2 0.16242181757812502 0.2559374111111111 0.050624982031250015 0.1856249361111111
0 0.50466779140625 0.22781242013888886 0.020039054687500002 0.03187498749999998
0 0.552128712109375 0.22120062222222223 0.011601557031250098 0.03365138888888891
0 0.5705857375000001 0.212812425 0.02531249218749998 0.03937498611111112
0 0.5974802593749999 0.22687492083333335 0.011601557812500052 0.05624998055555558
0 0.5310349710937501 0.22124992222222223 0.02425780468750005 0.04124998611111111
0 0.624374780859375 0.23062491805555552 0.04429685859374999 0.07499997222222218
0 0.65812476953125 0.21656242430555556 0.02742186562500004 0.039374987499999986
0 0.698730224609375 0.2090624263888889 0.034804675781250016 0.05062498055555556
0 0.6301755605468751 0.18281243611111112 0.03480467421875 0.0318749888888889
0 0.4160740734375 0.24843741458333332 0.10230465156250007 0.09187496805555556
7 0.4788279578125 0.22124992291666667 0.012656246874999943 0.029999990277777805
3 0.478300613671875 0.2381249173611111 0.015820307031250036 0.018749995833333366
