0 0.3256894796875 0.43627007152777775 0.015130754687500025 0.02185553472222218
1 0.312922905859375 0.4202987208333333 0.02175045859375002 0.07061018611111114
0 0.28370163476562504 0.41693633194444446 0.04255524453124998 0.0941469138888889
0 0.22506996367187498 0.4278640972222222 0.07092540859374996 0.0857409388888889
0 0.099768408984375 0.4581256055555556 0.19669980234375 0.18661263055555555
0 0.35604555312499997 0.44215425347222226 0.02837016406249998 0.03698628750000005
0 0.4516935328125 0.46581106875 0.1049696046875 0.15971351527777777
0 0.610904190234375 0.4404730590277778 0.09740422734374998 0.06556660138888881
8 0.518363420703125 0.36265776805555555 0.01513075390624996 0.026899119444444453
8 0.42408139375 0.3907960798611111 0.013239410937500029 0.016811948611111127
8 0.810388454296875 0.2008210597222222 0.06336003203124996 0.15466993055555553
