9 0.090169725 0.21922345208333333 0.012672501562499994 0.050256759722222266
9 0.32997245625000005 0.2790116673611111 0.0068236562499999764 0.038125818055555594
9 0.103329631640625 0.2183569590277778 0.01559692578125002 0.05198975138888892
9 0.080909050390625 0.21575747152777777 0.011697694531249997 0.0467907763888889
9 0.32266139609375 0.2807446597222222 0.009748078125000004 0.0415918027777778
9 0.338745726953125 0.2807446597222222 0.006823655468750023 0.038125816666666645
9 0.720382998046875 0.24435183402777777 0.013647310156249981 0.04852377083333334
9 0.366040346484375 0.38905664305555554 0.010722886718749991 0.01906290833333335
9 0.38261207851562495 0.3907896340277778 0.01462211796874996 0.02599487638888892
9 0.754013869921875 0.36739424583333335 0.022420580468750062 0.027727866666666712
8 0.46936997773437505 0.38905664444444443 0.014622117968750015 0.008664961111111091
8 0.46693295820312497 0.4081195506944444 0.01169769453124997 0.02946085694444439
8 0.754501273046875 0.27641218055555555 0.03119385234375005 0.012130941666666617
8 0.7437783855468749 0.29027611388888885 0.017546541406250005 0.01559692500000004
8 0.716483767578125 0.3509308236111111 0.015596925781250048 0.012130941666666617
8 0.7155089589843749 0.3699937319444444 0.015596925781250048 0.02599487500000003
0 0.01657173359375 0.4323814368055556 0.0331434671875 0.03985880972222222
0 0.05995068203125 0.4401798979166667 0.0204709640625 0.038125818055555594
0 0.09650597695312499 0.4419128881944444 0.03899231484375 0.04505778472222216
0 0.133061270703125 0.44451237708333335 0.05361443046875 0.050256762499999996
7 0.2032474359375 0.4375804111111111 0.010722885937499982 0.03985881111111106
7 0.18033945078125 0.48263819583333334 0.04094192968749999 0.15423626388888895
7 0.175952815234375 0.4791722111111111 0.03216865859375001 0.1195764305555555
7 0.04484116171875 0.4462453708333334 0.0292442359375 0.06758667777777777
7 0.073597993359375 0.4419128895833333 0.018521349218749983 0.07971762083333339
3 0.039967121484375 0.4653082798611111 0.044841161718749994 0.03985880972222222
3 0.07652241640624999 0.4731067409722222 0.012672503124999998 0.03465983472222223
3 0.18765051054687498 0.5233635020833334 0.02826942734374996 0.06931967083333329
2 0.24223974921875002 0.4427793847222222 0.01072288593750001 0.04332479166666664
2 0.2105584953125 0.44364588055555554 0.007798462499999992 0.034659830555555604
2 0.3675025578125 0.4419128909722222 0.009748078125000004 0.05545573749999999
4 0.8422339792968749 0.4046535680555556 0.21250811171875006 0.1542362638888889
4 0.924117837890625 0.5493583770833332 0.1481707929687498 0.5649553013888888
0 0.6901639558593751 0.5112325576388889 0.21640734140625006 0.2079590069444444
9 0.717945978515625 0.39425561736111114 0.014622117968750015 0.022528893055555554
8 0.146708580859375 0.3812581798611111 0.008773271093750007 0.02079590138888887
3 0.46644555468749993 0.4713737493055556 0.030219043750000008 0.03465983472222223
