8 0.6026136296875 0.5029839361111111 0.017147179687500014 0.03483871388888887
8 0.801643393359375 0.25475809791666665 0.033069561718749974 0.02612903472222225
8 0.787684683203125 0.22318551388888888 0.019343832031250008 0.03701613333333331
8 0.7771474234375 0.3396774631944445 0.040418351562500066 0.034838715277777765
0 0.51932732890625 0.5595968451388889 0.007348790625000046 0.0217741958333334
0 0.528513318359375 0.5639516847222222 0.01102318828124993 0.02612903611111106
8 0.551172090234375 0.53020168125 0.009798388281250014 0.019596776388888903
0 0.54014890390625 0.5628629763888888 0.014697582812499999 0.0370161361111111
0 0.5511720914062499 0.5650403944444444 0.017147178124999995 0.03701613333333331
0 0.56586967421875 0.5672178152777778 0.014697582812499999 0.0587903305555556
0 0.595264837890625 0.5683954343728606 0.056340733593750025 0.08256412847650096
0 0.504017347265625 0.5653739953766671 0.013472783593749982 0.02328441480222132
0 0.488707364453125 0.5683065256944444 0.009798388281250014 0.013064515277777744
0 0.4761858739394914 0.5727795542160903 0.015244592746017138 0.02201057232106951
0 0.461149396484375 0.57157265625 0.006123992968749992 0.019596776388888903
0 0.44882654977617753 0.567470326216045 0.01822225423985513 0.036063662881282155
0 0.438490623828125 0.5737500729166667 0.017147178906250005 0.03266129305555554
0 0.43352564415460126 0.5835743315163193 0.012116408621702546 0.026180776921527316
0 0.42182643962564215 0.5826282588656777 0.01224798515625003 0.034838712500000035
0 0.40787066093749996 0.5878676247164719 0.02449597031249995 0.03476736332183261
0 0.39080524758268154 0.5975736957667008 0.022209906102863053 0.04111498042229056
0 0.3765529376707115 0.6001496716867925 0.020768805855738426 0.0462669322624738
0 0.3631655140625 0.6037835830958491 0.023271173437500015 0.05788959952503181
0 0.32213476210937503 0.6028018323839017 0.06613912109374998 0.09076481199002573
0 0.0679826921875 0.7043952513888889 0.135965384375 0.19814518888888888
0 0.898635212890625 0.5269355520833333 0.040883819531249976 0.05225807083333334
0 0.801643393359375 0.6031452395833333 0.20454135703124987 0.23516132083333324
0 0.9174111722656251 0.632124251388889 0.16417163515624988 0.3323129
