2 0.097193748046875 0.5155454548611111 0.08408896640625001 0.23949147916666658
5 0.204021058984375 0.5323251104166666 0.10725633671875001 0.14796607638888898
0 0.100508940625 0.5304421659722223 0.173560259375 0.16250526527777776
0 0.68195528984375 0.4789352923611111 0.15873937656250003 0.1815253902777778
8 0.61030805703125 0.2112234763888889 0.04290253437500002 0.08847455833333337
0 0.7858886429687499 0.4766948236111111 0.07979871249999981 0.1266101444444444
0 0.8330814304687499 0.46906770833333333 0.074650409375 0.09915252222222226
0 0.8785283717288008 0.46611204538971984 0.043820076854898304 0.06845368144278252
0 0.9587858558593751 0.4431355111111111 0.03775423046875004 0.0777966
0 0.985385426953125 0.4362711020833333 0.024025419531250036 0.04576270138888888
0 0.996111060546875 0.43169483333333336 0.006006353906250039 0.045762702777777775
4 0.90876151171875 0.4339829659722222 0.072934309375 0.1083050625
0 0.009867582812500001 0.48432194097222225 0.019735165625000002 0.032033890277777755
7 0.613311235546875 0.21198618750000003 0.03003177421875003 0.08694913611111113
