8 0.114539921484375 0.2590822625 0.02826942734375 0.012130944444444458
8 0.11551472929687501 0.2720797013888889 0.028269427343749987 0.01039794999999999
8 0.13842271367187498 0.2885431215277778 0.0077984617187500105 0.015596926388888877
8 0.562464127734375 0.09444804930555556 0.02534500390624994 0.04332479305555555
9 0.5317576796874999 0.09618104097222221 0.016571732812500017 0.06412069305555555
9 0.515673350390625 0.09704753680555556 0.015596925781249937 0.06238770138888888
9 0.5551530683593751 0.3569962951388889 0.008773271093749924 0.010397951388888882
2 0.9338659160156251 0.5043005916666666 0.06823654921874989 0.32926842777777776
2 0.6536086601562501 0.42891545277777776 0.02047096562500006 0.10224651388888889
0 0.2032474359375 0.551091370138889 0.406494871875 0.4505778486111112
4 0.789594355078125 0.36652774930555554 0.25734927109374983 0.3933891236111111
0 0.652146448828125 0.4211169888888889 0.04874039140625008 0.08664958611111107
0 0.627776252734375 0.4254494673611111 0.015596925781250048 0.07105265972222224
0 0.61802817421875 0.41678451111111114 0.01754654062499994 0.06065471111111115
0 0.605355671484375 0.4141850222222222 0.011697694531249914 0.04159180000000001
0 0.59268316953125 0.4098525423611111 0.013647309375000027 0.039858809722222166
0 0.584397303515625 0.4063865583333333 0.008773271093750035 0.032926841666666595
0 0.375301020703125 0.4315149409722222 0.01754654140624995 0.03119385138888897
0 0.39187275429687496 0.4315149409722222 0.015596925781249993 0.03119385138888897
0 0.40454525585937495 0.42284998125 0.025345003906249997 0.03119385138888897
0 0.423554009375 0.4211169888888889 0.016571732812499962 0.027727866666666712
0 0.43963833828125 0.41938399652777775 0.00974807812500006 0.02079590138888887
0 0.44938641679687497 0.41591801458333333 0.013647310156250037 0.02079590138888887
0 0.523959216796875 0.40725305624999997 0.014622116406249996 0.017329918055555504
0 0.5605145113281249 0.40378707222222227 0.017546541406250005 0.031193849999999967
4 0.41819256601562504 0.32233646111111114 0.02534500234374998 0.013863933333333356
4 0.386023907421875 0.3214699673611111 0.035093082031249945 0.015596926388888877
0 0.498614212890625 0.40811955 0.026319811718749975 0.012130941666666673
