9 0.3640688703125 0.5017526534722222 0.006159471874999989 0.02033604027777769
9 0.39970582421875 0.49158463333333335 0.008799248437499962 0.012514483333333326
0 0.35856934140625 0.5317092180555556 0.007919323437500014 0.00782155277777774
0 0.346690357421875 0.5356199930555556 0.010559099218749979 0.009385863888888957
0 0.34669035625 0.5465701694444445 0.012318945312499996 0.015643108333333378
0 0.356809491015625 0.5473523256944444 0.01143902265625002 0.0203360402777778
0 0.344860224561766 0.5562313648231849 0.014029163296516822 0.019969010987595515
0 0.33579483585441394 0.5508371058936159 0.014569781195202303 0.03075752884673355
0 0.30302900500884955 0.5377496799782017 0.05179633981568399 0.07028372979368291
0 0.36956840078125003 0.54813448125 0.010559098437500025 0.01877173194444448
0 0.39332636953125 0.54813448125 0.010559098437500025 0.01877173194444448
0 0.3849315948959324 0.5544174247172724 0.017714936825877547 0.01914644149404665
0 0.4424136424037197 0.5417383969374275 0.06174998966205941 0.08307506116697483
0 0.12712266678090547 0.5016992093121329 0.035469868000689075 0.04334894526462313
4 0.07666343203125 0.563263604861111 0.15222698437499999 0.21431056250000002
2 0.536226158984375 0.4997972652777778 0.014078797656249975 0.07352260277777778
2 0.54678525546875 0.5068366631944444 0.012318946875000014 0.07508691249999999
2 0.562183938671875 0.5029258868055555 0.018478419531250068 0.08916570972222221
0 0.4069491213140234 0.5491558131130503 0.01502026775563614 0.026702698232241917
