0 0.38647677578125 0.4118220861111111 0.03616070625000001 0.04224488888888889
0 0.362197444921875 0.4237608583333333 0.022729586718750028 0.04408162222222223
0 0.33895127578125006 0.42284249166666665 0.03409437968750001 0.06061223333333332
0 0.19740793906249998 0.4274343284722222 0.05062498906249999 0.047755090277777745
0 0.5217473363281251 0.3994897090277778 0.010331630468750075 0.02387754583333329
0 0.531562387109375 0.4022448131944445 0.009298467968750002 0.02204081249999995
0 0.540344271875 0.40316318125 0.01033162968750001 0.02387754861111102
0 0.5480929968749999 0.4068366493055556 0.01136479374999999 0.031224484722222168
0 0.55790804453125 0.4086733826388889 0.014464282812500118 0.031224481944444493
0 0.57082258203125 0.40683664861111113 0.023762748437500036 0.04224488888888883
0 0.593035589453125 0.40959175208333337 0.043392847656250066 0.06612243750000002
0 0.610082778125 0.4178570541666667 0.04235968593749995 0.0642857
0 0.6369450187500001 0.4141835840277778 0.06302294531250008 0.08632651249999995
0 0.662085312890625 0.4252039923611111 0.09195151171874993 0.10102038472222219
0 0.48937489453125005 0.39872440347222227 0.019974479687499935 0.030918362499999963
0 0.5081440203125 0.3979590986111111 0.015497445312499969 0.02204081388888879
0 0.47163893007812496 0.4040815465277777 0.009298466406250039 0.014693876388888916
0 0.42831987968749996 0.41247804930555554 0.043392848437499965 0.06244896527777777
0 0.27585453359375 0.47663255 0.14774231562499998 0.1781632277777777
0 0.11416451601562501 0.5848236619462204 0.22729586953125 0.422211257225774
0 0.8361576480468751 0.39208537430555557 0.10641579296875003 0.07714284027777785
0 0.8960811054687501 0.47841188611111113 0.20353312187499994 0.22775505277777774
8 0.70237867265625 0.32724483680555555 0.011364792187499972 0.03489795138888885
8 0.64863855546875 0.3066772291666666 0.01653060937499995 0.016530605555555578
