8 0.7233119406249999 0.48820303402777776 0.017088601562500028 0.01350210416666664
8 0.7233119406249999 0.5093000708333334 0.017088601562500028 0.021940919444444484
8 0.7223625734375001 0.5270215826388889 0.017088601562499917 0.010126579166666594
8 0.7242613074218751 0.5396798069444444 0.02088606953124994 0.011814341666666617
2 0.6688002105468751 0.5508807229166667 0.03307412265624998 0.11768249305555561
0 0.758199851171875 0.5066664604166666 0.02943036796874987 0.05400841527777772
0 0.72307328359375 0.5100419875 0.06740503593750002 0.054008416666666725
0 0.7895289531249999 0.5378900763888889 0.056012635937499944 0.09620249166666661
0 0.728294799609375 0.5589871159722222 0.07405060234374994 0.06075947083333333
0 0.34414542968749995 0.5088605541666666 0.03987340156250002 0.05400841666666667
0 0.314240378125 0.5071727909722222 0.0313291 0.05400841805555556
0 0.541982899609375 0.7303970263888888 0.4765820835937501 0.48101246388888896
0 0.894872287890625 0.6952202409722222 0.21020935703125 0.5726841402777778
0 0.658258215234375 0.5151315819444444 0.05595394765625006 0.07460526388888894
