0 0.48606815000000003 0.4624404388888889 0.022793229687500027 0.03199050000000003
0 0.45667687890625003 0.4677721909722222 0.026392162499999983 0.029857798611111097
0 0.42728560625 0.4677721902777777 0.037188956250000016 0.0469194
0 0.3912962953125 0.4699048909722222 0.04198753124999999 0.05118480138888898
0 0.362504844921875 0.4752366388888889 0.015595369531249959 0.04052129999999993
0 0.33431321640625 0.46883854027777777 0.05998218750000006 0.09170610000000001
0 0.31931766875 0.4880328402777778 0.04438681875000006 0.1045023000000001
0 0.261734769921875 0.49869634027777776 0.11396615703125001 0.13436009999999993
0 0.174160775 0.5285541409722222 0.14035831875 0.17274870138888887
0 0.055589739453124995 0.5488147909722222 0.11117947890624999 0.2943126013888888
0 0.50346298515625 0.4667058416666666 0.009597150000000054 0.027725100000000003
1 0.5274558609375 0.4549759902777778 0.04318717499999991 0.07677719999999999
0 0.528655505078125 0.4784356902777778 0.031190736718749945 0.05971559999999998
0 0.561045885546875 0.48909918958333337 0.05758290078125006 0.08104259861111107
0 0.7074024234375 0.5189569909722223 0.196741575 0.2516586013888889
0 0.872895512109375 0.5626773409722222 0.25420897578125 0.526776901388889
8 0.6402223734375 0.36433624166666667 0.01439572499999997 0.019194299999999942
