0 0.36546354335937503 0.5034969638888889 0.016059286718749954 0.030589127777777836
0 0.34711007109375003 0.5106344270833334 0.011470920312500021 0.016314195833333378
0 0.33391850859375 0.5106344270833334 0.014912193749999969 0.016314195833333378
0 0.261766408203125 0.5187915256944444 0.016059286718750065 0.02854984583333331
0 0.23939811171874997 0.5157326145833333 0.030971485937499987 0.0428247708333333
0 0.209573719921875 0.5116540638888889 0.03785404140625001 0.05913896388888884
0 0.172178524609375 0.5187915256944444 0.047030774218750016 0.06933534861111118
0 0.648795285546875 0.5147129791666667 0.09864991796875 0.1631419833333333
0 0.809560233984375 0.5256230805555555 0.29939103359374997 0.28141992499999996
0 0.09864991640625001 0.5388783645833333 0.066531340625 0.05913896805555552
0 0.41341199492187497 0.5381646361111111 0.08488481484375004 0.12847431111111113
0 0.283905287890625 0.5194032875 0.030971485156250034 0.03058911666666675
0 0.027530209765625 0.5438066298611111 0.05506041953125 0.06933534861111113
0 0.941992024609375 0.5791540430555555 0.11470920546874996 0.26102717222222227
9 0.3517749109375 0.4010573861111111 0.006882556249999949 0.036706947222222286
9 0.41830625 0.3266238527777778 0.006882549999999987 0.04282477500000004
9 0.43035071562500005 0.33070241041666665 0.010323829687500063 0.038746220833333345
8 0.14200738945312502 0.3203389208333334 0.03689618046875001 0.015254230555555581
0 0.536086673046875 0.5140200284722223 0.04376058515625003 0.06864405416666669
0 0.48846485898437497 0.49876579444444447 0.032605925781250045 0.08389829444444447
8 0.705980708203125 0.36071497569444444 0.030031777343749955 0.018305076388888952
9 0.71241608828125 0.4049522513888889 0.015444912500000019 0.0274576222222222
