0 0.2705813870115247 0.5069491073967775 0.0324005166019507 0.04409165646022162
0 0.3609498898214655 0.5217787011802137 0.049395600044569166 0.06627161624931655
0 0.531843221484375 0.49331741180555555 0.01262119609375012 0.01682826527777781
0 0.5570856156249999 0.49705702430555554 0.00841413281249992 0.016828262500000024
1 0.598630390625 0.4847941808446682 0.01788003125000004 0.03013510775510797
0 0.5834577247405632 0.4937181049210656 0.010213626663791886 0.01434902113796288
0 0.4284865442128811 0.5108127277010668 0.031984454050762334 0.04433966929102251
0 0.49750724175878847 0.5344880475100454 0.07226474133007682 0.1066487644645353
0 0.21631329335937502 0.5166900000000001 0.056795388281250025 0.044875366666666694
0 0.060125978125 0.5166899979166666 0.08940014687499999 0.07105266527777776
0 0.015075317578125 0.5372578743055556 0.03015063515625 0.05609420972222223
0 0.32372773580270175 0.5571907388115842 0.10280457370709656 0.13215651404349826
8 0.435436158984375 0.45373864375 0.03441276171874996 0.04282477083333336
0 0.411461923828125 0.5057401506944444 0.02179474921875002 0.02447129861111108
0 0.395976180859375 0.5026812388888888 0.009176736718750023 0.026510572222222195
0 0.451610146875 0.4904455902777778 0.014912196874999895 0.02651057222222214
0 0.5444425209351145 0.4931011183593138 0.01799220719004857 0.02378457018855412
