0 0.40395380703125006 0.5669879020833333 0.03508404687500005 0.062371637499999966
0 0.35483614140624997 0.5697599743055555 0.07718490312499998 0.08732029583333334
0 0.6390726234375 0.5635228090277777 0.039761918750000014 0.033264876388888864
0 0.6039885773437499 0.5607507388888888 0.028846884374999937 0.03326487500000008
0 0.8304199136718751 0.5588696888888889 0.030406174218750026 0.029106763888888887
0 0.929045068359375 0.5567906347222222 0.018711491406250058 0.022176583333333277
0 0.91033357578125 0.5560976173611112 0.012474328124999934 0.02633469305555558
0 0.90292694453125 0.5574836534722223 0.011694682812499968 0.031878840277777765
0 0.894350843359375 0.5630277986111112 0.019491136718750024 0.042967130555555566
0 0.8838256296875 0.5713440152777778 0.02494865624999998 0.04019505555555558
0 0.97585626328125 0.5718390277777778 0.04469966093750011 0.06930182222222225
0 0.744691375390625 0.619558279861111 0.16346568671875006 0.20790545972222219
4 0.50170187265625 0.5024382041666666 0.15826803437500003 0.34512306944444443
9 0.8929539515625 0.5184786840277777 0.00779645468750001 0.015246398611111212
