8 0.611697468359375 0.06399640416666666 0.07035498046875 0.039425977777777774
8 0.562279076171875 0.15742687777777778 0.17340640234375004 0.13655883611111108
8 0.531018659375 0.4471534861111111 0.00994146406249996 0.008157097222222243
8 0.526047925390625 0.46006889374999993 0.026000753906250007 0.02311178472222225
0 0.021547790625 0.5114047986111111 0.04309558125 0.022205427777777675
0 0.162992222265625 0.5023413597222222 0.06576661171875 0.02583081388888886
0 0.289937078515625 0.49826281041666665 0.03517749140625004 0.014954681944444381
0 0.41262249270438467 0.5015407242408361 0.020754531778730823 0.03631111430182837
0 0.451677061328125 0.5037008763888888 0.011470919531249957 0.012235649999999987
0 0.5097963941406249 0.5030211180555556 0.01147092109374992 0.01903323055555567
0 0.52012022265625 0.5023413590277778 0.012235650000000042 0.020392748611111233
0 0.52776750234375 0.5064199076388889 0.012235649999999931 0.028549845833333365
0 0.48188381953125003 0.5138972513888889 0.05200150781250007 0.08429002499999999
0 0.540767880078125 0.507779426388889 0.02905966484375 0.04214501388888886
0 0.37635134921875 0.5050603930555556 0.04282477031250004 0.053021144444444446
8 0.5614648113927345 0.4531090748231431 0.011309054605519897 0.037940269090730616
8 0.14569861757812502 0.07890506458333334 0.07570807734374999 0.03806646250000001
8 0.091785290234375 0.18902590416666665 0.18353473203125 0.17401811666666667
0 0.43270086015625 0.506101411892902 0.03438682343750005 0.048352882119137464
