0 0.29797760859375 0.7527487972222222 0.2505508 0.3569490833333334
0 0.651923515234375 0.7184267701388889 0.26513766015624995 0.32186434583333323
0 0.075742482421875 0.7329182909722223 0.14930082109375 0.2684745236111111
0 0.1375221296875 0.6627488152777778 0.10124998125000004 0.12203387500000007
0 0.488035834375 0.6596979680555555 0.08151481562500001 0.09762710000000008
0 0.8183853492187501 0.7222403284722223 0.114120740625 0.20135589305555557
0 0.9337931648437501 0.6985962673611111 0.12699150000000003 0.37677959027777774
8 0.766902308203125 0.4857996944444445 0.02488346953125009 0.04881355000000004
9 0.508200028125 0.6017318770833333 0.0051483062499999566 0.024406776388888884
9 0.349889675 0.5315624006944445 0.007722456250000009 0.03355931527777778
8 0.32243205195312497 0.5307996875000001 0.011154657031250015 0.01677965833333328
8 0.12851259843750001 0.4774098680555556 0.028315671874999976 0.01677965833333328
0 0.40505441909558726 0.6551964188497426 0.02709857256617454 0.11583106185765646
0 0.43741084374999994 0.6787657611111111 0.019735164062500032 0.013728811111111128
