9 0.264058016015625 0.4149848861111111 0.007020421093750007 0.03952236944444454
9 0.39744601523437506 0.4316258854166667 0.009360561718750049 0.039522370833333376
9 0.27458864765625 0.40978457291666665 0.009360560937499984 0.03744224583333333
9 0.407976646875 0.4285056972222222 0.011700701562499971 0.03328199444444452
9 0.258207665234375 0.4129047597222222 0.007020421093750007 0.03536211666666672
9 0.808725678515625 0.49610975138888885 0.019891191406250064 0.05200311944444447
9 0.792344697265625 0.49090943819444444 0.017551053906250003 0.04992299305555553
8 0.18390821015625 0.41498488472222217 0.06201371875 0.027041622222222228
8 0.499242119140625 0.5179510590277778 0.009360561718749938 0.012480748611111037
8 0.7771337863281251 0.42434544652777784 0.026911613281250024 0.0332819958333333
9 0.08211210546875 0.4929895625 0.015210912500000007 0.029121744444444375
8 0.10375840234375 0.4690681291666667 0.011700701562499999 0.022881372222222196
8 0.100248192578125 0.4264255708333334 0.009360560156250017 0.01664099722222223
0 0.33601733203124995 0.5897153645833333 0.019891192187499962 0.03952237083333332
0 0.31378599765625 0.593875613888889 0.026911614062499978 0.043682619444444515
0 0.34128264765625 0.6105166104166666 0.014040840624999995 0.04784286805555549
0 0.448929101953125 0.5845150534722223 0.02106126328125002 0.0457627430555555
4 0.486371348828125 0.5741144298611112 0.07020421015625 0.07904474027777775
0 0.248847105859375 0.591795488888889 0.011700700781250017 0.027041622222222172
0 0.216670175390625 0.5845150520833333 0.026911613281249996 0.03744224583333333
0 0.16109184101562501 0.6011560506944444 0.07956477109375 0.062403743055555516
0 0.27634375390625 0.5971544611232926 0.050313017187499975 0.0828876721978592
0 0.39159566484374997 0.6136367965277778 0.102966175 0.19137147361111106
0 0.23948654179687498 0.5845150520833333 0.021061263281249964 0.03744224583333333
0 0.069241333984375 0.5741144284722222 0.026911613281250003 0.033281995833333355
0 0.028288878515624998 0.5886753034722223 0.054993297656249995 0.07488449027777777
2 0.05461545624999999 0.6053163013888889 0.016380981249999996 0.08736523888888881
2 0.5121128917968749 0.6021961131944444 0.014040841406249949 0.06032361805555553
0 0.9789708886718751 0.6521191083333333 0.0397823851562501 0.06448386944444451
0 0.051879201953124995 0.7114026618055556 0.10375840390624999 0.2579354680555557
