0 0.46985738164062507 0.67933275625 0.013647310156250037 0.027727868055555493
0 0.4522560642106369 0.6865482972945727 0.029813614341009986 0.05446522608115345
0 0.488378730859375 0.6816692423453211 0.021445772656249917 0.03465983472222223
0 0.4133389933004101 0.6935088342552916 0.06927096937191735 0.09038918885990066
0 0.3276658904697797 0.6771636071036397 0.01445700771479963 0.023389569762834794
0 0.2985328294687439 0.6733469552307345 0.014895098857672484 0.04348413268369122
0 0.259786291015625 0.6758667736111111 0.014622117968750015 0.04159180277777774
0 0.20769967328923444 0.6810393565118298 0.019364953421531134 0.045110567531895795
0 0.10041225174576454 0.691476053710367 0.0760490988040291 0.05196504535704338
0 0.053127027343749994 0.6931966923611111 0.047765584374999996 0.051989754166666735
9 0.48512460823892334 0.61781155 0.004380911428727263 0.01906290833333335
9 0.465410506809651 0.6265092144637816 0.0035047291429817218 0.01566233726089661
0 0.16581749757732403 0.6873007345881763 0.03986629400141739 0.03738377752513855
2 0.5086501012742404 0.6783442045561119 0.006571367143090812 0.030374319239175107
