8 0.82957942734375 0.16629138402777777 0.044254965624999976 0.07152317638888889
8 0.03009954006418672 0.2731459383403164 0.026796207383948754 0.06239998130959859
9 0.148153541796875 0.3012913798611111 0.02514486640625002 0.03754966805555554
9 0.12239418564177088 0.30673835415727724 0.016315899028958233 0.026655719463223315
9 0.694300044921875 0.22708608472222222 0.007040563281250023 0.02860927222222226
9 0.6001879208507868 0.24306403525052223 0.005688476526099495 0.02570708130262847
9 0.6069229632377228 0.24194594768551708 0.00704056484374993 0.028609269444444446
8 0.5411611695022824 0.30382090246085275 0.016582335879564702 0.010423282699483227
8 0.446605745727395 0.314701975 0.022595653954789963 0.014304636111111102
9 0.6870689006512283 0.22607910733035755 0.00603476796874991 0.028609270833333367
0 0.583662631640625 0.3772847555555556 0.02514486640625002 0.039337747222222275
0 0.609310395703125 0.3808609131944445 0.026150661718750023 0.03576158749999997
0 0.4456609757159451 0.39221995678534016 0.053722690755609925 0.04452284074704704
0 0.37143995703125 0.3835430319444445 0.06939983124999999 0.059006619444444464
0 0.7430810859375 0.3803056849533718 0.07644039375 0.11443708194444446
2 0.5645525332031249 0.38711919097222225 0.019110099218749954 0.0554304625
2 0.57360468515625 0.38533111180555557 0.0191100984375 0.05543045972222227
