8 0.6011716636718749 0.23288463258687048 0.03374998828125009 0.012968316275928454
8 0.6454848008905514 0.24614335496313228 0.033717432593897256 0.014786896037375624
8 0.5905270229446093 0.2717561141905795 0.061367393173281326 0.06148754106328547
8 0.64124977578125 0.26888327881074536 0.042187484375000084 0.03401675484371297
8 0.87486297421875 0.2733671969097186 0.11917964531250003 0.1294194130031274
8 0.47403791585310295 0.2746874055555556 0.017841781706205984 0.0318749888888889
8 0.642304462109375 0.3618748729166667 0.010546871093750076 0.01874999305555558
0 0.623320093359375 0.3599998743055556 0.023203116406250057 0.020624993055555596
0 0.633866965625 0.3881248625 0.0358593625000001 0.06562497777777776
0 0.41027329414062497 0.39187486111111114 0.008437496093749941 0.03187498888888879
0 0.4388095875463852 0.3971163835090197 0.058007791406250064 0.09720486132400247
0 0.674249172231997 0.40621588702016254 0.06961484915149396 0.08707489070699176
0 0.817683872265625 0.40767842569444446 0.11179683515624994 0.11999995694444443
0 0.53871912734375 0.45455341041666664 0.1908983703125 0.3037498958333333
0 0.3153514515625 0.37847188655816805 0.0464062328125 0.055900847222222216
0 0.20632303351577636 0.3917102234481501 0.06951430503449174 0.057638741010894556
0 0.1012499640625 0.3926784298611111 0.0907030921875 0.06749997638888888
8 0.8939880664971926 0.36364767452883573 0.0023483361230406397 0.005218524717868045
