8 0.7442267863281249 0.33412487708333327 0.024257802343749968 0.05249998194444444
8 0.603426055078125 0.38287486041666674 0.012656246093750045 0.022499993055555556
8 0.586023717578125 0.25443740555555555 0.04746092109375 0.06187497777777776
8 0.513777649609375 0.2577132477420364 0.06328122890624993 0.08342665659518397
8 0.45155110820312494 0.2500105411863709 0.05906247890624999 0.06322870651614707
8 0.46526204101562496 0.36131236805555556 0.010546871093749965 0.016874994444444402
8 0.46631672812499997 0.3716248638888889 0.00843749687499995 0.014999994444444442
8 0.4800276609375 0.3716248645833333 0.008437496875000061 0.018749993055555525
8 0.5417268578125001 0.37068736319444445 0.01371093281249991 0.024374990277777786
8 0.520105771875 0.3697498645833333 0.01265624531249998 0.01874999305555558
8 0.502176091015625 0.3706873638888889 0.01687499453124991 0.016874991666666617
8 0.579168251171875 0.3744373645833333 0.008437497656249904 0.039374987500000014
0 0.622265407421875 0.4271248486111111 0.025312491406249915 0.04874998333333336
0 0.693245871484375 0.4261873493055556 0.028476552343750017 0.020624993055555596
0 0.29862713046875 0.40633913125 0.021093742187500042 0.01499999583333339
0 0.271205265625 0.4100891291666667 0.029531239062499992 0.029999988888888884
0 0.2290177796875 0.40071413125 0.05906247812500004 0.044999981944444434
0 0.18788498203125 0.4035266305555556 0.03585936249999999 0.039374986111111177
0 0.14622483984375 0.4044641326388889 0.0537890421875 0.03374999027777775
0 0.0591349875 0.3931873625 0.118269975 0.058124980555555594
0 0.573894815234375 0.4259998486111111 0.033749988281249976 0.05624998055555552
0 0.4236019 0.43616638413072706 0.06855466406250005 0.08408304881700962
0 0.649832288671875 0.4372498458333333 0.042187485156249926 0.05249998333333328
0 0.7504098937499999 0.4546873409722222 0.11285152343749993 0.12562495694444448
0 0.94447232578125 0.5278123131944444 0.1086327749999999 0.23437491527777782
0 0.515673350390625 0.44104639375 0.08383347421875009 0.12304241250000003
