8 0.5566332105591544 0.5061591715987084 0.01668897424330873 0.029077287641861183
9 0.49481861914062497 0.5154020402777777 0.0055115789062500364 0.017759563888888885
0 0.40326493515625 0.5282964555555556 0.007654990624999969 0.01360887222222229
0 0.39828919023437503 0.5303377868055555 0.009951488281249976 0.01769153472222218
0 0.45991186796874994 0.49835693541666665 0.007654992187499932 0.008165323611111108
0 0.4522568765625 0.4976764916666666 0.007654990625000024 0.009526211111111127
0 0.4155129203125 0.488830725 0.007654990624999913 0.010887097222222197
0 0.4456207268333796 0.5421094548611112 0.03539519633324084 0.06028729027777768
0 0.18027503554687502 0.5634073319444444 0.08343940078124998 0.07484879999999994
0 0.2815582920552937 0.5579537408872899 0.03358995651441249 0.036764034892087016
0 0.377236624277815 0.5477571256944445 0.01982908113186993 0.021774195833333287
0 0.43199061790409454 0.5525202326388889 0.03815943919181092 0.061239926388888866
0 0.47020781640625 0.5116936152777778 0.007654990625000024 0.012247986111111109
0 0.46752856992187497 0.5014869597222222 0.009951488281249976 0.010887097222222197
0 0.43182967938418126 0.49648944172547727 0.007861355294137395 0.011779161228732349
0 0.444946346484375 0.4974042979166667 0.0076549914062500335 0.008165323611111108
0 0.46484932265625 0.5532006763888888 0.00765499062500008 0.02721774444444447
0 0.392892408203125 0.5341482555555556 0.01071698515624997 0.016330647222222217
0 0.39518890625 0.5008065166666666 0.009185990625000029 0.009526211111111127
8 0.42370374609374994 0.4729083270833333 0.005358493750000026 0.010887101388888876
8 0.44590322031249996 0.47563010208333334 0.005358493750000026 0.01088709861111109
8 0.3668537054797262 0.4776714326388889 0.005308286631077019 0.017691534722222235
9 0.459682204296875 0.47454138749999997 0.005358492968750017 0.012247986111111109
0 0.32954735859374995 0.5525202312499999 0.024495970312500004 0.020413309722222217
