0 0.5960949984374999 0.55629034375 0.01462211718749995 0.024261884722222238
0 0.531757680078125 0.5484918805555556 0.016571733593750082 0.022528894444444503
0 0.5104379281235243 0.5466040547103987 0.018773392184548654 0.025685206643019765
0 0.499589020703125 0.5450258979166667 0.010722886718749991 0.019062909722222243
0 0.474244016796875 0.5458923944444445 0.018521349218749983 0.02426188611111113
0 0.4865648870852739 0.5531426279149648 0.023123846141952176 0.03183038916326297
1 0.45377305273437496 0.5389604256944445 0.026319811718749975 0.038125818055555594
0 0.4459745890625 0.5476253854166666 0.022420581250000016 0.027727868055555605
0 0.4177051625 0.5476253854166666 0.012672503125000067 0.017329918055555615
0 0.3920140121998981 0.5532670698527735 0.02757713533729622 0.033774413072230836
0 0.379200251953125 0.5441594020833334 0.017546541406250005 0.024261884722222238
0 0.347031594140625 0.5484918812499999 0.015596925781250048 0.03985880972222222
0 0.316325145703125 0.5554238486111112 0.059463277343749954 0.07798462777777782
1 0.2594715046875 0.5484918819444444 0.026319812499999984 0.029460861111111125
2 0.29171124726562503 0.538960425 0.007798463281250001 0.015596924999999984
2 0.2858624 0.5502248729166667 0.009748078125000004 0.03465983472222223
2 0.28001355390625 0.5536908576388888 0.009748078125000004 0.03465983472222223
2 0.26831585898437504 0.5554238479166667 0.01169769453124997 0.03465983472222223
2 0.259542588671875 0.5398269222222223 0.007798463281250001 0.03812581666666681
2 0.24492047109375 0.5488865155956142 0.011697693750000016 0.049313033969006215
2 0.23119342397687961 0.5511738522771623 0.009588604203759177 0.05009179544567555
2 0.20641556093750002 0.5476253847222222 0.01072288593750001 0.043324791666666584
2 0.19325565507812498 0.5545573520833333 0.011697692968749979 0.05025675972222221
2 0.196667483203125 0.5658217979166666 0.010722886718750019 0.05198975138888884
2 0.18545719257812499 0.5519578652777777 0.011697694531249997 0.05545573333333331
2 0.184969788671875 0.5649553027777778 0.012672502343750003 0.0502567611111111
2 0.17424690312500002 0.5597563277777777 0.014622117187499978 0.060654711111111204
2 0.1279435296875 0.5580233361111111 0.011697693750000016 0.06065471111111109
2 0.054345536328125 0.5571568395833333 0.01852134921874999 0.055455734722222205
2 0.0109665875 0.5675547888888889 0.015596924999999998 0.07278565277777771
2 0.36920847187500005 0.5467588895833333 0.004874039062500002 0.017329918055555615
2 0.36287222148437503 0.5441594020833334 0.005848847656249989 0.02252889305555561
2 0.431839875390625 0.549358376388889 0.005848846093749915 0.01906290833333335
2 0.57806105234375 0.5519578645833334 0.007798462500000047 0.04505778472222233
2 0.5702625906250001 0.5545573520833333 0.007798462499999936 0.03985880972222233
2 0.6075592575870234 0.5510710089447669 0.011697694531250025 0.047507024461284075
2 0.62046519375 0.5476253854166666 0.010722885937499926 0.05025675972222221
2 0.632162887890625 0.5458923930555555 0.010722886718750102 0.05372274444444447
2 0.7582055609375 0.557850038888889 0.021445771875000075 0.08491659444444444
2 0.84252643828125 0.5613160229166667 0.030219043750000063 0.12304241250000009
8 0.6403944449508827 0.37154666514483053 0.020557307089265286 0.012491058599227833
8 0.6599888011698325 0.4259965538641297 0.014339377347834859 0.021434725605073868
8 0.6558056271770163 0.4542191235907758 0.02018581997903246 0.03430925281844832
8 0.5830784496805947 0.4569573391045225 0.013768578775999685 0.043762755436174305
8 0.040844448828125 0.5017011034722223 0.01657173359375 0.019062909722222243
8 0.040844448828125 0.41245203124999996 0.01462211796875 0.02772786805555555
8 0.03840742890625 0.43844690694444444 0.017546540625 0.024261883333333345
8 0.2002210675841662 0.41151347483856393 0.021454699206667677 0.02931673856601663
2 0.6435726538438793 0.5503389902624685 0.01272621862525869 0.06434892496938138
9 0.3947979872014923 0.4658832729455338 0.005643757325969501 0.02294392128390277
9 0.388704627734375 0.4644417833333333 0.0048740398437500665 0.02599487500000003
9 0.4811554068154802 0.46860751327241595 0.005185973869039628 0.020462407100387492
9 0.4863006037082187 0.4669992765159648 0.0053851153394222084 0.01922843090791615
9 0.517379263671875 0.49996811319444445 0.008773269531249905 0.020795901388888927
9 0.4525545429687501 0.4930361451388889 0.007798462499999992 0.020795898611111086
9 0.31542307175004125 0.5082651621048383 0.007165589312417564 0.018065734123656696
9 0.565144848828125 0.5034340972222222 0.006823655468750078 0.017329919444444453
9 0.5568589816406251 0.5034340972222222 0.007798463281250001 0.013863933333333356
