4 0.247389585546875 0.39271033680555556 0.10807376171874997 0.09141475694444445
0 0.337514592578125 0.39352653958333333 0.08814994453125002 0.07672309861111115
0 0.453211394921875 0.37883488125 0.05142080078125 0.05713422361111109
0 0.5124371390625 0.3674080388888889 0.04315674531249997 0.050604597222222214
0 0.583534265625 0.3428053381944444 0.022955715624999984 0.03101572083333337
0 0.5633332375 0.35259977708333334 0.022955715624999984 0.04733978472222217
0 0.543591323046875 0.35831319930555555 0.027546858593749945 0.04570737916666667
0 0.42835363515625 0.3730048569444444 0.046829657812500036 0.06203144166666669
0 0.38381954960937503 0.37790207499999995 0.05142080078125005 0.0587666277777778
0 0.06117309505744791 0.40789541483454667 0.09513321823989583 0.10641674810868451
0 0.8130914124999999 0.33681985000000003 0.03397445781249997 0.02285368888888889
0 0.8599210707031251 0.3319226298611111 0.05050257265624991 0.02611850138888888
0 0.891140843359375 0.4274184048611111 0.14783480390625015 0.1648730430555555
0 0.05039823125 0.573517225 0.09987823593749999 0.45217656666666667
0 0.6748310382812499 0.5346851875 0.4415340046874999 0.3677953777777778
9 0.7208094406250001 0.2639057041666667 0.0073458281249999535 0.01958887777777779
9 0.775444041015625 0.29084040972222225 0.006427600781250042 0.017956469444444456
9 0.8259466132812501 0.2867593965277778 0.006427599999999978 0.02611850138888888
9 0.653778753515625 0.25084645277777773 0.007345828906249907 0.022853686111111104
9 0.6037352953124999 0.25955261319444445 0.009182287499999942 0.026118501388888854
8 0.786003668359375 0.3109734138888889 0.008264057031249994 0.016324066666666637
8 0.9107114161927157 0.32889645168396686 0.04097760582293131 0.04237570059015594
0 0.8149278695312501 0.32566507222222224 0.014691657812500147 0.01958887499999995
8 0.9918836832650265 0.29791416319444447 0.01521626471994697 0.09141475694444445
4 0.48508828320312497 0.34759852152777776 0.05620572421875003 0.061653559722222195
0 0.7009421812500001 0.330698875711792 0.13393704531250006 0.04868118468752708
8 0.33799670703125 0.32208670347222224 0.01315453124999999 0.027637804166666613
