9 0.6046611966385798 0.3947504804292509 0.006820128597840758 0.026619713636279685
8 0.043122421875 0.25709845694444444 0.06310598749999999 0.11218841666666665
8 0.7798848082031249 0.33871963875984057 0.023138860156249996 0.014589170270348839
8 0.9872581109375 0.2623962472222222 0.025242396875000073 0.10096957222222222
0 0.6995999917968749 0.4288090895833333 0.009465897656249944 0.018698068055555517
0 0.69276350859375 0.43535341041666664 0.01051766093749995 0.016828262500000024
0 0.714149408984375 0.43005560694444445 0.010517672656249921 0.014958455555555528
0 0.725192958203125 0.42725089791666665 0.010517675781249958 0.011218840277777753
0 0.72203765390625 0.4361324791666667 0.011569429687499966 0.011218841666666646
0 0.684174068359375 0.4394046430555556 0.010517675781249958 0.024307494444444466
0 0.6799669984375 0.4422093541666667 0.010517667187500024 0.026177297222222284
0 0.673130513671875 0.4450140597222223 0.013672964843750024 0.020567883333333314
0 0.6641905 0.44407915694444444 0.01051766093749995 0.01869807777777771
0 0.658931666015625 0.4431442569444444 0.012621197656249916 0.028047102777777777
0 0.6494657738281251 0.44781876944444443 0.01682826953124994 0.02617730277777769
0 0.545656425390625 0.45296074375000006 0.031132291406249957 0.01963297638888889
0 0.522727915625 0.47586587430555555 0.037863593750000035 0.05609420972222223
0 0.49222668515625 0.48829296542143374 0.05889891093749999 0.06489654971268805
0 0.43911248476562503 0.5001733694444445 0.08308954765625004 0.07479227500000002
0 0.35444528710937506 0.5113922104166667 0.12621197421875002 0.11218841527777773
0 0.21508623515624997 0.5459836395833333 0.19457678906249995 0.15519397916666672
0 0.06731305078125 0.5710390770833333 0.1346261015625 0.19819955416666668
0 0.742021215625 0.4291207 0.009465901562500045 0.01682826388888886
0 0.7457024 0.43659993125 0.00841413281250003 0.02056787361111112
0 0.754116530078125 0.43940464166666665 0.018931794531249935 0.03365652499999994
0 0.78566952265625 0.4394046409722222 0.06941658437500009 0.10844880416666669
0 0.8119636828125001 0.47399607361111107 0.09676250937500008 0.14023553055555554
0 0.909252079296875 0.5478534486111111 0.17985206015625 0.30290873611111113
5 0.9555298023437501 0.7058521368055556 0.08414130937500008 0.22811645138888892
8 0.031027110937499998 0.35339351736111113 0.026294164062499997 0.06544322638888889
0 0.5754214171875001 0.4913475168256378 0.09360720468749995 0.09805339968205767
