9 0.463812247265625 0.5170274041666667 0.0071978617187500316 0.021326999999999985
9 0.44341830390625003 0.5170274041666667 0.009597150000000054 0.021326999999999985
0 0.4434183046875 0.5564823541666667 0.01439572499999997 0.023459700000000083
0 0.45856382500000004 0.5587674020833333 0.014395725000000026 0.014928901388888804
0 0.471160084375 0.5577010513888889 0.010796793749999978 0.021327000000000096
0 0.4825567 0.5640991513888889 0.014395725000000081 0.01706160000000001
0 0.50295064375 0.5670651503317461 0.019194299999999997 0.028191204892063282
9 0.544338352734375 0.5395731013888889 0.010796792968750024 0.023459700000000083
0 0.5611333656249999 0.5875588520833332 0.02039394374999992 0.06398100138888896
4 0.6522081653532379 0.5160877185029576 0.16542230054477014 0.3348852713274182
0 0.9414204359375 0.5950349864637385 0.07317826874999989 0.10874432707252302
0 0.8298911230468751 0.5345710552888637 0.15467893203124994 0.11253067724439414
