9 0.6795608108108109 0.02917551077327327 0.02736486486486489 0.05696429376876876
9 0.653106346484375 0.23470739652777778 0.01989119296874997 0.03536211805555556
9 0.34186768242187504 0.35535463333333334 0.005850350781250013 0.02288136944444441
9 0.34654796328125 0.36783538055555554 0.010530631249999978 0.014560872222222299
9 0.36643915703125 0.36471519583333334 0.008190490624999991 0.020801247222222208
8 0.3073506125 0.35743475625 0.0163809828125 0.010400623611111048
0 0.342452717578125 0.4156782493055556 0.030421824218750004 0.035362120833333344
0 0.3055955078125 0.4208785611111111 0.036272176562500036 0.04576274444444445
0 0.25703759531250003 0.43231924791666665 0.06084364843749995 0.07280436527777773
0 0.20964975351562498 0.4385596222222222 0.043292596093749997 0.06448386666666667
0 0.17630275390625 0.44584005833333334 0.0397823859375 0.07488449166666666
0 0.0835042225612331 0.47117117117117113 0.16542398730996621 0.24684684684684682
0 0.40739161171875 0.41775837430555557 0.07137427968749999 0.11440685972222231
0 0.48409698624366554 0.4279279279279279 0.05603181032516902 0.07747747747747752
8 0.47057540078125 0.3792760666666667 0.010530631249999978 0.029121747222222216
0 0.5183216108952702 0.42962922507507506 0.019437859290540538 0.0632640723723723
0 0.5453403803103885 0.43205360527402403 0.03837329343327711 0.07643332999249247
0 0.5770517855468751 0.4385596215277778 0.05733343671875002 0.08112486527777774
8 0.513867996875 0.3303931409722223 0.012870771874999964 0.027041631944444477
2 0.675337680078125 0.42919906041666667 0.017551052343749873 0.08320499027777783
2 0.694643837109375 0.4260788729166667 0.01404084140625006 0.08112486527777774
2 0.6583716625 0.42919906041666667 0.011700701562500027 0.08320499027777783
2 0.78824945234375 0.4302391222222222 0.023401403125000053 0.110246611111111
0 0.96902529296875 0.5342453597222222 0.05967357812499996 0.2724963416666666
0 0.89589590625 0.4167183131944444 0.13338799843749982 0.12480748194444441
8 0.650181171484375 0.17542385277777778 0.028081683593749962 0.016640997222222204
8 0.661296837890625 0.2742297777777778 0.017551052343750095 0.014560872222222188
0 0.4515202702702703 0.4171171171171171 0.03141891891891896 0.04864864864864871
2 0.8077702702702703 0.4369369369369369 0.016216216216216273 0.09909909909909909
