4 0.44473183515625003 0.45553716805555555 0.1697696265625 0.3901812444444444
0 0.30610363906250004 0.536378836111111 0.021837223437499997 0.05719882222222228
0 0.034072871875 0.5792531715277778 0.030589121875 0.09924470694444443
0 0.33959387734375 0.5228312340277778 0.05582514687500001 0.11148035416666663
0 0.025454519140625 0.5507013215277777 0.05090903828125 0.11283987083333336
0 0.733374200390625 0.5030211166666666 0.04970732265625 0.09652567500000003
2 0.669137044140625 0.5145770083333334 0.016824016406249975 0.05166162777777783
2 0.6500188421875 0.5138972493055556 0.011470920312499966 0.05438065972222211
2 0.62967289453125 0.5234404180555555 0.017588745312499987 0.07341389166666662
2 0.5864657597656251 0.5105250138888889 0.012235649218749978 0.055740180555555574
2 0.593348312109375 0.5098452548611111 0.010706192968749972 0.05438066250000001
4 0.5581708210937499 0.5139238020833333 0.012235648437500024 0.06797582638888894
0 0.17427734140624998 0.5672548930367868 0.2691842734375 0.29847375003753746
8 0.07715687890625 0.33242834583333336 0.0749433484375 0.0312688805555556
8 0.019802275 0.4337123263888889 0.032118578125000005 0.02175226388888879
8 0.68549804296875 0.07004165416666666 0.04970732343749995 0.09108760833333333
8 0.7107340679687499 0.2345431534722222 0.045118954687500046 0.020392748611111094
8 0.688174590625 0.281446475 0.035177490624999974 0.08157099166666668
8 0.688174590625 0.33446762013888887 0.035177490624999974 0.02719033194444448
8 0.67938021796875 0.36641625972222225 0.03288330625000002 0.023111783333333358
8 0.010283501171874999 0.40040417152777785 0.020567002343749998 0.01767371527777778
8 0.628252776171875 0.4126132666666667 0.021412385156250102 0.017673711111111157
8 0.3145813078125 0.45341807916666665 0.009176735937500013 0.02583081388888886
9 0.126068573828125 0.3015860777777778 0.02370656953125 0.05845920833333329
9 0.1455691390625 0.30226583611111113 0.013765104687499974 0.051661627777777774
9 0.010594638671875 0.35188818819444445 0.01605928828125 0.08293050972222221
9 0.6728491296875 0.20574016180555554 0.019118201562499992 0.07613292638888888
8 0.91883867578125 0.08910143888888887 0.055060418749999895 0.17809666666666665
8 0.924956500390625 0.2243733333333333 0.05200150703124995 0.10604228888888886
3 0.99269738671875 0.6525004451388889 0.01340074375000011 0.12970597083333335
