0 0.8782094594594594 0.5119815916666666 0.24222972972972956 0.2801889305555555
0 0.7468078688450168 0.39472953596096094 0.19895182987753368 0.234504116966967
0 0.4312680765625 0.37825505625 0.011462273437500059 0.03311323750000006
0 0.423387762109375 0.3757078819444445 0.010029489843749906 0.038207580555555565
0 0.416940233203125 0.3769814722222222 0.014327846093749985 0.05094344444444443
0 0.40189599921874997 0.37698146944444444 0.02435733281250002 0.07132082222222219
0 0.3890009390625 0.3833494013888889 0.02435733281250002 0.06367930277777778
0 0.361778037890625 0.39099091597222224 0.05301302109375006 0.05349061249999998
0 0.588157956640625 0.38971733125 0.04155074296874994 0.05094344305555554
0 0.506489251953125 0.3718871284722222 0.027222902343749966 0.035660409722222175
0 0.540159683203125 0.3769814701388889 0.020058980468749987 0.030566065277777832
0 0.561651448828125 0.3846229854166667 0.017193413281249903 0.040754751388888844
9 0.355089554296875 0.13791518541666667 0.018921291406249985 0.03812289583333334
9 0.540518203125 0.1861294375 0.01639845156249997 0.03139532777777779
9 0.47555510585937505 0.31283200555555557 0.012614194531250011 0.029152802777777764
9 0.533580396484375 0.31058948194444447 0.010091355468749952 0.01569766388888888
9 0.538626073828125 0.3296509298611111 0.007568516406250003 0.017940187500000038
9 0.50898271875 0.33338847222222223 0.008829935937499922 0.01794018611111109
0 0.9744932432432432 0.6225225225225225 0.049662162162162016 0.2900900900900902
0 0.0902027027027027 0.41801801801801797 0.1804054054054054 0.19099099099099098
0 0.03141891891891892 0.48108108108108105 0.06283783783783783 0.16216216216216206
