0 0.2928676265625 0.5996051229166667 0.1728399109375 0.22049535972222217
0 0.532522965625 0.5768443111111111 0.13683159687500002 0.21196005555555558
0 0.8933530699746621 0.6492282972597598 0.21194250869932418 0.4961380000750751
0 0.7397708210937499 0.5754217618055555 0.17684083437499998 0.1835090402777778
0 0.659752344921875 0.5590624256944444 0.06481496640624995 0.12518446249999998
0 0.6257444917968751 0.5562173263888889 0.03360776015625 0.09388834722222228
0 0.6173425511718751 0.54128054375 0.0520120101562499 0.10384620138888895
0 0.39249063046875 0.5754217625 0.08241903124999994 0.1294521138888889
0 0.438501255078125 0.5611962534722222 0.05601293359374998 0.10953640416666666
0 0.46610763046875003 0.5576398770833333 0.021604990625000042 0.06543733194444445
9 0.4164961734375 0.46588535625 0.010402403125000015 0.021338259722222253
9 0.504116405859375 0.4466809215277778 0.006401478906250091 0.025605912499999994
9 0.572132112890625 0.3485249243055556 0.012802957031250006 0.05121182638888894
9 0.41049478828125 0.4872236159722222 0.009602217187499984 0.021338262499999983
9 0.424498020703125 0.4865123409722222 0.010402402343750006 0.022760812500000005
9 0.3672848109375 0.3926239951388889 0.012802956250000053 0.04552162083333333
8 0.36568444062499994 0.36132787986111115 0.009602215625000021 0.019915709722222286
8 0.416896266796875 0.4466809201388889 0.00960221640625003 0.0170706069444444
8 0.5049165906249999 0.42889903819444447 0.008001848437499959 0.009957854166666613
8 0.570531742578125 0.3165175333333333 0.008001847656250005 0.01280295555555555
0 0.204764746875 0.5723225201388888 0.017514404687499985 0.031136718055555512
