0 0.16970634609375002 0.49477315624999996 0.02104061093750001 0.014735512499999881
0 0.193616130078125 0.49590665763888886 0.02550376953124997 0.012468509722222187
0 0.29977558671875 0.4834381465277777 0.019765421874999967 0.012468512499999973
0 0.266301886328125 0.48740539861111115 0.017852639843750018 0.013602011111111145
0 0.232509391015625 0.4896724006944445 0.011476696093750016 0.00680100416666668
0 0.34887034570312503 0.47833739236111117 0.007013536718749991 0.00680100416666668
0 0.406253830078125 0.4743701375 0.005738349218749994 0.0056675027777777776
0 0.41422375859375005 0.4738033875 0.006375943750000002 0.004534002777777824
0 0.42378767226562497 0.47323663680555555 0.005100753906250033 0.005667504166666726
0 0.44132151484375004 0.47380338819444445 0.004463159375000025 0.009068006944444429
0 0.436858355078125 0.4749368888888889 0.003187971093749964 0.01133500833333334
0 0.45279821210937504 0.4766371409722222 0.015939857031250004 0.026070523611111063
0 0.47607040234375 0.4715363861111111 0.006375943750000113 0.013602011111111145
0 0.48882228789062504 0.47266988611111116 0.01912782734374996 0.0294710222222222
0 0.499661391015625 0.47947089236111107 0.014027074218750046 0.03173802638888884
0 0.43143880312499994 0.47909308124999994 0.014027075 0.01813601250000002
0 0.46204332929687497 0.48249358472222226 0.02295339453125006 0.029471024999999984
0 0.51719523359375 0.48306033402777776 0.03251730781250006 0.048740540277777744
0 0.581273458203125 0.48476058680555556 0.036980467968749986 0.04534003749999993
0 0.382662841015625 0.4875943388888889 0.04271881640624997 0.06234254999999994
0 0.8134427648437501 0.51869003125 0.16194894531250015 0.13375310972222226
4 0.08862560390624999 0.5899872333333334 0.17725120781249998 0.42619635
8 0.290424191015625 0.4660955958333334 0.007013536718750046 0.011335011111111182
8 0.31847833828125005 0.44852633124999997 0.012114290624999968 0.010201509722222168
8 0.755685845703125 0.39810171875 0.03761806328125006 0.06460955416666664
2 0.22475198046874997 0.48740539861111115 0.0031879703125000103 0.013602011111111145
