8 0.33242043515625 0.25484705347222225 0.009470667187500004 0.016836743055555548
8 0.387092015625 0.2747450215277778 0.027551032812500043 0.016836743055555548
8 0.4430550515625 0.2571429736111111 0.013775517187499975 0.036734711111111124
0 0.39268831953125005 0.30994911875 0.012914546874999988 0.016836743055555548
0 0.37719086328124996 0.3099491194444445 0.012914546874999988 0.022959194444444442
0 0.361262922265625 0.3122450375 0.02410715234375005 0.04285716111111115
0 0.314426158984375 0.3122450395833334 0.013775516406250021 0.024489806944444414
0 0.41412646171875 0.3221940222222222 0.029272971874999942 0.039795936111111097
0 0.335347726953125 0.32219402222222226 0.037021700781250055 0.05510206666666667
0 0.05629791311754685 0.5367311395833333 0.1125958262350937 0.31423722916666663
8 0.23316627812500004 0.042809331944444445 0.23073990000000005 0.08112248611111111
8 0.42214914296875006 0.01831952361111111 0.07490437031250002 0.035204097222222216
8 0.41828151618398635 0.06729131175468483 0.12265758091993179 0.0698466780238501
