0 0.3693797228845027 0.5545806326270585 0.02880869733150554 0.06971437358745036
0 0.34912298041950596 0.5630234414537194 0.046323885839011925 0.09371461624077237
0 0.3246596386073254 0.5758002727995457 0.04542092721465085 0.11926827893242486
0 0.2765368669765492 0.5835673695189759 0.10525250114059839 0.20594873626017418
0 0.13958779827046958 0.637137989778535 0.27757482935343913 0.31686541737649054
0 0.466530491796875 0.5419566527777777 0.011005436718749984 0.02312253333333325
0 0.4830386484375 0.5464032944444445 0.016007909375000073 0.03201581666666664
0 0.4960450734375 0.5499606083333333 0.018008896874999958 0.03201581666666664
0 0.5160549601562501 0.561521876388889 0.02401186249999998 0.04802372500000007
0 0.5325631164062501 0.5588538902777778 0.03701829062499995 0.05691700833333324
0 0.546069790234375 0.5704151590277777 0.034016807031249985 0.058695668055555594
0 0.5725828894531251 0.5784191118055555 0.031015324218749973 0.0675889458333333
0 0.6015972249999999 0.5828657548611111 0.049024221874999996 0.09426879861111104
0 0.673132568359375 0.5968786965573538 0.12806327578124999 0.14094649021862582
0 0.8063777683134583 0.6499148211243612 0.20315161839863716 0.17887563884156732
0 0.427010965234375 0.5490712805555555 0.012005930468750092 0.01956522500000002
0 0.44301887500000003 0.5517392638888889 0.014006921875000022 0.014229249999999971
