1 0.16606448984375 0.49966613125 0.09979462343750001 0.06514371249999995
1 0.549130314453125 0.4941219868055555 0.16840342578124995 0.10118065972222223
2 0.30289227304687505 0.52697106875 0.00545751953125001 0.024948654166666695
2 0.308349791015625 0.5221199368055556 0.008576100781249985 0.04296712916666667
2 0.373450190234375 0.5193478666666667 0.004677872656250026 0.029106766666666672
2 0.39800902265625 0.5089525930555556 0.005457518750000001 0.0332648722222223
2 0.38631433984375 0.5193478659722222 0.0070168078125000255 0.03187883749999998
2 0.397229376953125 0.5325152104166666 0.007016810156249997 0.027720726388888894
2 0.38085682187500003 0.5186548458333333 0.005457518750000057 0.038809019444444426
8 0.5062498113281251 0.31116517986111114 0.07172738359375003 0.2564167402777778
