0 0.20147465928449745 0.7011527663105717 0.4029493185689949 0.4818511965100321
0 0.20295709453125002 0.4700891770833333 0.011094762500000022 0.010957787500000038
0 0.053794182812499994 0.4733765138888889 0.0751978328125 0.05698050833333329
0 0.135772147265625 0.45036515833333335 0.09122359765624999 0.05478895000000006
8 0.32746498046874994 0.2355924777777778 0.12450788437499999 0.09423699444444447
8 0.369378526953125 0.17532463541666665 0.030818783593749954 0.017532459722222227
4 0.703454140625 0.35174504999999995 0.2749035500000001 0.4799511888888888
0 0.5080630523437499 0.45496742777777777 0.11587862500000001 0.1402597083333334
0 0.505597551171875 0.38155023472222227 0.036982539843749995 0.01095778888888893
0 0.5481274714843749 0.39228887152777775 0.057939313281249905 0.10519478194444443
0 0.8298111535156251 0.3681817333333333 0.04191354609375009 0.10081166388888885
0 0.9025434828124999 0.36708595555555557 0.14299915781249994 0.16874996111111107
8 0.51730868671875 0.16765417986111109 0.0727323265624999 0.0723214097222222
8 0.49820104140625 0.12820614166666666 0.02958603281249994 0.019724022222222234
8 0.52162331640625 0.22792202777777776 0.06410306718749992 0.026298694444444465
8 0.59682115078125 0.16984574305555555 0.06410306718749992 0.10300322499999999
8 0.84213866640625 0.1599837277777778 0.027120529687500117 0.048214272222222215
8 0.80700525234375 0.26956162638888886 0.013560264062499883 0.03944804444444447
4 0.35088725820312505 0.4043424409722222 0.18367995234375006 0.24764604583333327
8 0.236241383203125 0.2684658458333333 0.01356026484375003 0.05040583055555556
