0 0.12127179338048986 0.41924461454579576 0.020969926752533757 0.019168428566066043
0 0.101351584375 0.41264188125 0.0315212546875 0.04584909861111114
0 0.08943525914273648 0.43487099012762764 0.040048400633445946 0.05638414587087087
0 0.06610794330658784 0.4378378378378378 0.04413546473817566 0.07207207207207206
0 0.032939189189189186 0.4476391339151652 0.06587837837837837 0.08490191234984984
0 0.23746609296875 0.42283056944444447 0.29801913437500005 0.1375472888888889
0 0.247522921484375 0.4807412138888889 0.32906272421875005 0.18204776388888894
8 0.448801779296875 0.3540569215277778 0.02722290234374991 0.09169819583333333
8 0.816310074609375 0.24352957777777778 0.06402577890624994 0.0741176972222222
8 0.4360440171875 0.016981121527777778 0.042983529687499966 0.02037737361111111
9 0.062087313671875005 0.36297202430555553 0.014327842968750011 0.028018893055555494
8 0.44127925859375 0.09734191319444443 0.066623665625 0.13355169305555553
9 0.18100841015625002 0.3583022013888889 0.014327843749999986 0.030566063888888884
4 0.025337837837837836 0.39009009009009005 0.05067567567567567 0.03063063063063065
