0 0.8042164730468749 0.5493583756944445 0.19691118515624995 0.11437745416666667
0 0.71160972734375 0.5458923930555555 0.085783090625 0.07971761944444433
0 0.6375243316406249 0.5519578638888889 0.08578309140624996 0.0710526583333333
0 0.566363358203125 0.5450258965277778 0.07408539609374998 0.07105265694444429
0 0.367989961328125 0.5051670881944444 0.05946327734375001 0.046790776388888844
0 0.28171946796875 0.5112325590277778 0.05263962500000002 0.03119385138888886
0 0.23249167109375002 0.5043005923611111 0.04776558437500003 0.031193851388888805
0 0.43427689492187505 0.5051670875000001 0.03996712109375 0.02599487777777776
0 0.48106767226562497 0.5112325590277778 0.05361443203124994 0.024261884722222238
1 0.5376065265625001 0.4982351215277777 0.08675789687500007 0.04332479305555553
8 0.195936376953125 0.36132877430555554 0.07018616484375004 0.0467907763888889
1 0.05121182539062501 0.5039471189189189 0.08641995546875 0.13444810450450445
