9 0.283669083203125 0.5601029208333332 0.015596925781250048 0.038125819444444375
9 0.5337072960937499 0.2888897152777778 0.024370196874999972 0.10917847777777778
9 0.728668864453125 0.5011812006944445 0.03411827421874991 0.12824138750000003
9 0.6901639550781249 0.49164974930555555 0.035093082031249945 0.13690634861111117
9 0.43720131796875 0.5670348868055556 0.01462211718749995 0.0450577875
9 0.8012920492187499 0.060828006250000004 0.042891545312499946 0.12165601250000001
8 0.46985738164062496 0.654550970138889 0.01169769453124997 0.0606547097222222
0 0.308526683984375 0.6770798618055556 0.04776558515624996 0.025994876388888866
0 0.075547607421875 0.6718808854166667 0.04191673671875001 0.057188726388888944
0 0.028756831640625 0.6866113159722222 0.01462211796875 0.013863931944444463
0 0.8217630140625001 0.7429335479166667 0.20470964687500004 0.12997437916666676
0 0.7028364558593749 0.6779463576388889 0.29439196953125 0.21835695694444435
0 0.3343851421875 0.6740620361111112 0.022412093749999973 0.028124980555555568
0 0.259238709375 0.6670307909722222 0.0382323953125 0.01874998750000001
