2 0.094068957421875 0.6247435173611111 0.022420580468750007 0.07451864583333334
2 0.2281050359375 0.6108795840277776 0.015596923437500021 0.050256762499999996
2 0.889999563671875 0.6472724097222222 0.029244236718749983 0.1057124944444443
2 0.8008046453125 0.6238770215277778 0.01657173125000011 0.07278565416666671
8 0.29877860546875 0.5129655513888889 0.010722885937499982 0.03465983611111112
8 0.9328911074218751 0.35006432916666663 0.03899231328124986 0.10744548888888888
8 0.84710801796875 0.4471118645833333 0.021445773437500204 0.024261881944444397
8 0.85051984609375 0.4791722111111111 0.02631981093750002 0.025994877777777814
0 0.500563828515625 0.633408476388889 0.051664816406250036 0.08491659444444444
0 0.60048163359375 0.6429399298611111 0.05848847187500006 0.07971761805555555
4 0.7228200179687501 0.63860745 0.09260674374999989 0.11957643055555556
0 0.676029241015625 0.6360079625 0.022420580468750062 0.051989749999999946
0 0.6545834687500001 0.6342749708333333 0.024370196874999972 0.04852376666666658
0 0.64922202578125 0.6238770215277778 0.031193851562500097 0.04852376805555558
0 0.448411609375 0.8604303923611112 0.011697693750000016 0.008664959722222254
0 0.5468672015625 0.6152120624999999 0.019496156250000007 0.024261883333333345
0 0.4479295763720945 0.6118693103269666 0.023030397022332505 0.03101736972704716
0 0.532245083984375 0.6082800965277777 0.013647310156249981 0.020795898611111086
0 0.569287781640625 0.6108795833333334 0.011697692968750006 0.015596924999999984
0 0.57757364921875 0.6160785590277778 0.014622118749999968 0.02252889305555561
0 0.5532217550781251 0.5995065819444445 0.01998355390624995 0.03375000000000006
0 0.473402591260432 0.6062861837760982 0.013957816377171306 0.02481389578163773
