0 0.02659858203125 0.6306465743055556 0.0528346234375 0.24948655694444433
0 0.97104419296875 0.5247817173611111 0.05690559375000004 0.16737654583333322
0 0.09023485882616823 0.5416101057200728 0.18010717702733645 0.23853329755125685
0 0.21362286484374998 0.5107544236111111 0.07952384062499995 0.14276175000000002
0 0.88762638984375 0.5190706423611111 0.11304859531249989 0.14830589583333342
0 0.7960462898437499 0.5168312576388889 0.09049536718750006 0.11397565138888888
0 0.31653606875 0.5939166090277778 0.2073857 0.29799782916666673
1 0.582395180859375 0.3451230694444445 0.33524756015625 0.645892975
9 0.34382366132812503 0.42105518402777775 0.01247432734374998 0.025548434722222235
9 0.319515366684225 0.4364172556184047 0.009077178680949982 0.022545022096523815
8 0.09226389268065799 0.3569043805555555 0.050428761923816 0.11226894999999998
