0 0.24874022578125 0.48525604097222225 0.023917328124999998 0.04677166527777776
0 0.26667822304687505 0.4725001298611111 0.02630906171874997 0.05102363749999994
0 0.286410019921875 0.47037414791666665 0.01793799609375002 0.03401575694444442
0 0.310925283984375 0.47037414513888887 0.035875994531249955 0.04677166805555549
0 0.337832278125 0.4629332 0.015546264062500037 0.01913386111111104
0 0.35636820898437505 0.46612217638888886 0.021525596093749988 0.02976378888888881
8 0.47774865625 0.39809066249999997 0.015546264062500037 0.025511819444444472
8 0.475954855859375 0.41403554791666664 0.009566930468750012 0.010629926388888877
1 0.14815137530705377 0.5169561589622024 0.29597389592660756 0.7940446650124069
8 0.34703159296874997 0.4245829729166667 0.007798462499999992 0.013863934722222249
