9 0.206595210546875 0.43927428125 0.009438557031250017 0.06864405416666669
9 0.6241491898018584 0.4056621193246358 0.013953453041216646 0.056334977538160524
9 0.638623730078125 0.46368105625 0.015444911718750065 0.028983045833333387
9 0.19973080507812502 0.511731895138889 0.014586861718749983 0.027457620833333307
2 0.20611040763760322 0.5938792358852794 0.018145161290322565 0.07940446650124067
2 0.7177288881346747 0.523527484974622 0.027786612206849526 0.10596404772702178
9 0.10320010390625001 0.4499522451388889 0.018877117187500014 0.06254235972222216
0 0.9283926452289288 0.48175098223303114 0.13950864391714257 0.12003814502161786
0 0.2971195578125 0.5704606972222221 0.05319914218749999 0.05949151388888885
0 0.514206381640625 0.5208844354166666 0.02574152109374994 0.039661009722222196
0 0.4305464390625 0.5513929034722223 0.0883792203125 0.14033895694444448
0 0.31385154609375 0.5536810388888889 0.03689617968750003 0.04423728333333332
0 0.322861078515625 0.5468166333333333 0.034322027343750006 0.05796609166666655
0 0.34130916718750004 0.53613866875 0.016302962500000018 0.03661016249999993
0 0.35632505546875 0.5285115534722222 0.015444912500000019 0.0244067736111111
0 0.370053866796875 0.5201217229166667 0.01716101484374999 0.02593219861111118
0 0.37648924531249994 0.5117318944444444 0.0163029609375 0.03355931944444451
0 0.497903417578125 0.5166498625 0.020593216406250003 0.04202845833333335
2 0.5403769269531251 0.5163081631944445 0.012870760156249994 0.042711856944444515
8 0.21064669796018387 0.3246484666545101 0.038383995037220814 0.0521091811414392
8 0.6136415390625001 0.28767662569444447 0.047765584375 0.02772786527777782
0 0.487403923046875 0.5060335840277778 0.017546541406250005 0.031193851388888916
0 0.47305364585100274 0.500827126704138 0.011864143920595538 0.032258064516129115
