0 0.46749334804687503 0.37585428541666666 0.024139072656250038 0.02860927083333331
0 0.3478037828125 0.3436688555555555 0.08247516249999998 0.16450330277777775
0 0.3060633046875 0.39909931736111115 0.053307117187499975 0.1001324458333333
0 0.22559973125 0.40178143680555556 0.14785181562499997 0.16986754305555563
0 0.10591016640624999 0.45631785833333327 0.20819949687499997 0.22529800555555551
0 0.017563578508627917 0.5217594356225405 0.035127157017255835 0.19883017124508084
8 0.11797970234375 0.2596291236111111 0.035202814062500004 0.06079470000000001
9 0.37194285507812497 0.2238675347222222 0.008046357031249951 0.02860926666666666
9 0.465984655859375 0.2417483298611111 0.0030173835937500337 0.025033112499999982
9 0.4740310125 0.2435364097222222 0.005028973437499973 0.02145695277777776
9 0.38350949375 0.22923177291666666 0.009052151562499944 0.028609270833333367
9 0.275889465234375 0.3052251472222222 0.009052152343750008 0.01251655555555553
9 0.265328619921875 0.3052251486111111 0.012069535156249978 0.016092713888888888
