0 0.48775540273437495 0.54613994375 0.12428629609374997 0.19667282083333326
0 0.8790823664033421 0.5609184691006215 0.24037789140625 0.17229186593440637
0 0.6099930234375 0.5097190506944445 0.04916820468750005 0.06070148750000004
0 0.3736042041636578 0.49586434754781034 0.07118486352357317 0.09677419354838712
8 0.25352353632812497 0.2875516069444444 0.03824193828124997 0.019424477777777782
8 0.27947342265624997 0.31790235 0.019120968749999967 0.016996416666666625
8 0.2737540957222988 0.3370711279440182 0.03499798363209761 0.022363933000852487
8 0.9405126234375001 0.36524951041666665 0.04097350468749994 0.024280595833333363
8 0.41673466171875 0.4623718909722222 0.009560484375000011 0.024280595833333363
2 0.2577543282331367 0.47353184134433646 0.01674937965260545 0.08188585607940452
