9 0.6063304796875 0.03985880972222222 0.021445771875000075 0.07971761944444444
9 0.580010668359375 0.04072530625 0.02144577265625003 0.07798462916666667
8 0.735005116015625 0.2989410729166667 0.015596925781250048 0.02599487638888892
9 0.7525516574218749 0.3387998826388889 0.027294621093750027 0.04332479305555559
8 0.73305550078125 0.1230424125 0.027294620312499962 0.06585368611111113
8 0.01608432890625 0.18629661041666667 0.0204709640625 0.022528893055555582
8 0.011210290234375 0.23395388333333333 0.02242058046875 0.03119385277777778
0 0.204222243359375 0.4427793861111111 0.14134713671875 0.16810019722222225
8 0.324123608203125 0.3916561298611111 0.01267250078125004 0.02772786805555555
9 0.462546322265625 0.36739424652777775 0.00682365390625006 0.020795901388888927
9 0.39382236953125 0.3587292875 0.00584884687499998 0.017329916666666723
2 0.89682321875 0.4817716993055555 0.03509308281250012 0.15250327083333332
2 0.8100653203125 0.5285624763888889 0.1618181031250001 0.3881901472222222
2 0.637036926953125 0.4401798979166667 0.014622116406249885 0.051989751388888894
2 0.586346919140625 0.44364588124999993 0.010722886718749991 0.041591801388888905
0 0.41721775859375 0.4367139145833333 0.019496157812499915 0.027727868055555605
0 0.441100550390625 0.4427793861111111 0.03606788984374992 0.06065471111111115
0 0.478143248046875 0.4427793854166667 0.016571732031249953 0.03639282638888891
0 0.495202385546875 0.4375804104166667 0.015596925781250048 0.0329268430555556
0 0.497639405078125 0.4427793861111111 0.01267250078125004 0.02252889166666666
0 0.520547389453125 0.44364588263888893 0.031193850781250032 0.04852377083333331
0 0.522009601171875 0.4531773375 0.022420580468750062 0.04679077777777779
0 0.547842008984375 0.44971135277777774 0.04484116015624995 0.06065471111111104
0 0.5624641273437501 0.4540438326388889 0.05263962499999997 0.05545573472222226
0 0.39284756171875 0.43584741875 0.009748078124999948 0.022528893055555554
0 0.379687655859375 0.4592428069444444 0.03606788984374998 0.07625163611111113
1 0.41136891171875 0.4237164770833334 0.025345006250000024 0.05372274305555552
2 0.28269427578125006 0.4367139159722222 0.00779846406250001 0.020795901388888927
0 0.2987786046875 0.44537887430555556 0.03801750625 0.055455737500000046
0 0.335821303125 0.47224024513888896 0.08285866718749996 0.10571249583333336
0 0.45375367499999997 0.45531296597222226 0.04366014687500003 0.06237164027777775
