8 0.48140377421875 0.2904276347222222 0.029975329687499996 0.02309210555555552
8 0.4675790375918708 0.3374909931597613 0.07026993612124155 0.09590303631952252
8 0.40896339453124997 0.32595394930555555 0.05095805937500003 0.06572368472222223
8 0.343517258984375 0.3268421076388889 0.059950658593749984 0.0781578930555556
0 0.4047212050100625 0.46320235318009484 0.059442438417375065 0.06122687975092139
0 0.29805467578125 0.46184210833333333 0.06094983593750003 0.09236842222222219
0 0.338521371875 0.5003990652881168 0.08792763281249999 0.10835526388888889
0 0.46592195975184286 0.493544849766461 0.09172925309161994 0.10637596826741336
8 0.510379925 0.41565789652777774 0.02797697343749994 0.02131579027777769
0 0.1327907015625 0.6252631611111111 0.265581403125 0.41565789722222224
