0 0.0532122875 0.3118033584013521 0.106424575 0.2167572140249264
0 0.799384587109375 0.3428347201388889 0.40009238515625 0.5291888625
0 0.262060512890625 0.22618556250000002 0.05201201015625001 0.06259223055555557
0 0.43810116289062495 0.20769240277777778 0.04881127109375 0.06543733055555553
0 0.5741325734375 0.28593269097222224 0.1624375078125 0.20769240138888892
0 0.5221205640625 0.24610127152777778 0.09362161875000002 0.1280295625
0 0.288866702734375 0.22191790972222222 0.02720628203125003 0.05121182499999999
0 0.124828824609375 0.27810866319444444 0.10882512890625001 0.13798741805555556
0 0.417296358984375 0.19560072222222225 0.0200046195312501 0.038408869444444466
0 0.30046938203125 0.2112487798611111 0.01840425000000001 0.04125397083333332
0 0.31287224648437495 0.2055585770833333 0.01600369609375002 0.03271866527777775
0 0.32527511015625 0.2041360263888889 0.012002771874999985 0.0298735638888889
0 0.33447723515625 0.2048473027777778 0.009602217187499984 0.025605913888888915
1 0.4056936796875 0.17781883819444444 0.03520812968749998 0.07397263750000002
0 0.34127880546875 0.19986837430555557 0.01360314062500001 0.024183362500000027
9 0.4092945109375 0.01209168125 0.010402401562500108 0.021338259722222225
9 0.3877326069544638 0.12945211458333333 0.00871586265357227 0.01707060972222224
9 0.3567754058145755 0.1282654944883386 0.008215852433348991 0.03651445268998947
9 0.42249756015625006 0.014936782638888889 0.009602218750000002 0.0241833625
9 0.5629299875 0.08464176736111112 0.029606837499999927 0.035563768055555556
9 0.494114096875 0.13158594027777776 0.01840425000000001 0.024183361111111107
8 0.48051095546875 0.10882512916666667 0.024805728125000037 0.015648058333333312
9 0.098022634375 0.14723399861111114 0.021604989062499996 0.027028463888888882
9 0.31007159921875 0.1728399111111111 0.010402401562500052 0.015648058333333326
8 0.31287224609375 0.15790312777777776 0.00960221718750004 0.011380405555555556
