0 0.2180952036840699 0.5103268225780133 0.047215271430639805 0.06614579373286233
0 0.561200430078125 0.5497126729166666 0.06965495546874989 0.11654685694444444
0 0.816601938671875 0.5266461013888889 0.07238652421875003 0.06070148333333342
0 0.767433734375 0.5230040125000001 0.03141301875000002 0.06312954444444446
9 0.5994423667968749 0.46327374374999997 0.009560483593750058 0.019424470833333374
9 0.48335077265625 0.44627732847222223 0.009560485937499918 0.019424479166666675
9 0.7908649796679021 0.4611186130332793 0.012717903085804116 0.02482645662211419
8 0.067469703125 0.42102551666666665 0.03277880312499999 0.07284178333333341
0 0.509300655859375 0.5701083736111111 0.05872868671874998 0.16510804444444444
0 0.6868525101562499 0.5725364340277778 0.1871123375 0.20881312638888883
0 0.36384471796875 0.6650454993055557 0.3223249 0.473471601388889
0 0.065421028125 0.5220081722282063 0.08877592812499999 0.08454571387692084
0 0.8746477374999999 0.7403153423611111 0.24584102499999994 0.5074644291666667
