9 0.37850777245901845 0.15058182010409438 0.01787944719311496 0.08860502916961169
9 0.671303758203125 0.28083929166666666 0.02217711328125005 0.057099694444444404
9 0.38237994179687496 0.31586100069444445 0.027530210156249957 0.054380662499999954
0 0.10472741523437501 0.5533497819444445 0.20945483046875002 0.3235649361111111
0 0.680990330078125 0.41669181875000005 0.032118580468750046 0.04214501249999997
0 0.6535703361156445 0.4266922482944099 0.028294935937499988 0.03942597777777779
0 0.6259182472764235 0.42880376578750845 0.032911689330913596 0.04461664268612808
0 0.59037005390625 0.40785496041666663 0.029824392187499993 0.021752265277777738
0 0.55022183125 0.41465254236111104 0.032118578124999964 0.02719033194444448
0 0.5138794387772995 0.4134633258811578 0.045154575570401034 0.03500682323768434
0 0.5856878460015406 0.44385037247629344 0.05391964619694778 0.056160439080329916
0 0.5254356911542868 0.4587279965615003 0.06453736712276681 0.06130302605468496
0 0.425613635546875 0.42947977013888883 0.05353096484374997 0.03806646249999995
0 0.34952319374999996 0.42812025416666666 0.03900113124999999 0.04894259444444443
0 0.4248609105345876 0.47216867593743267 0.10517507821022332 0.08537781020819868
0 0.30005238896080516 0.460405646885799 0.10092455743096576 0.09351252218277856
1 0.9471079311339469 0.37238017199460016 0.055323232443049486 0.09340689216152653
0 0.9010411334156055 0.4033651123416493 0.02447129531249992 0.03398791388888894
0 0.8707303743587065 0.40692688943488664 0.022513403404912924 0.03071915109199541
9 0.74705865078125 0.06460358958333333 0.035177489062499845 0.1291540763888889
