8 0.60686923046875 0.35993784444444443 0.03576006093749995 0.026177297222222173
8 0.623171608984375 0.30664834722222223 0.022087096093750036 0.016828266666666702
8 0.462251347265625 0.2823408506944445 0.07046835234374998 0.02804710416666667
8 0.6073951140625 0.4496885798611111 0.01788002968750002 0.026177298611111177
9 0.380739448828125 0.26644749652777777 0.010517664843750052 0.05609420694444445
9 0.41576465943018104 0.4200496288594888 0.006944442297862119 0.015514377163422244
0 0.283976934765625 0.5076525958333333 0.03365652421874993 0.029916911111111222
0 0.25820865937500004 0.5039129833333333 0.024190628125000002 0.02991691111111111
0 0.1797861401992878 0.5157879986739358 0.06780454026627661 0.052273839834833746
0 0.15130894968440345 0.5195119081864278 0.04847275290269348 0.06257067472481431
0 0.14654792235374947 0.5267841894457405 0.04230980097845252 0.061968340282232415
0 0.108331942578125 0.5282204729166666 0.06100245390624999 0.0785318902777778
0 0.07677894921875 0.5282204722222222 0.048381257812499995 0.07105266388888892
0 0.0178800296875 0.5085874958333334 0.035760059375 0.03552633333333344
0 0.05679538789062501 0.6553673458333333 0.11359077578125001 0.24681452222222222
4 0.15829084648437503 0.46277723125000003 0.09150367890625002 0.04861498194444447
4 0.3359188468439978 0.5059255466583683 0.08074496243799556 0.10499469887229224
0 0.24716511210937503 0.5889892013888889 0.12936727109375004 0.14023552500000003
0 0.593196266796875 0.49643375763888886 0.03470828984375007 0.02243768472222224
0 0.6288360027183768 0.5041926065749724 0.042504719138759195 0.033553599382608545
0 0.634407009595787 0.5124054634991582 0.03466404279277435 0.024464190887205306
0 0.6563998395837884 0.5124411941053606 0.023691756905128147 0.017056424321832298
0 0.6876288128678338 0.5152616360300761 0.030501227343750048 0.02430749166666668
0 0.752012996875 0.5207412451388889 0.07257188437500006 0.03365652638888894
0 0.771470676171875 0.49830355972222223 0.04207065859375003 0.022437683333333402
0 0.8193260480468749 0.5095223993055555 0.055743619531250066 0.03739614027777782
0 0.8582414062499999 0.5085874958333334 0.047329489062499897 0.03552633333333344
0 0.885587334375 0.5216761479166667 0.07257188437499995 0.0392659486111111
0 0.946589784765625 0.5254157631944445 0.06205421796874988 0.0392659486111111
0 0.944486255859375 0.6020778493055556 0.10833194140624991 0.1701524347222222
2 0.57550747265625 0.5767770256944444 0.03155299218749996 0.10470919305555548
9 0.628095793359375 0.4505650520833333 0.018931796093750064 0.024307487500000002
0 0.45770963203125004 0.6487645895833334 0.2524239421875001 0.40948772916666665
2 0.823198466796875 0.6104335479166667 0.06626128359374994 0.2094183847222223
0 0.21974852651320637 0.5016825784627724 0.05347161335982603 0.03358809491046849
0 0.25129677839550374 0.5029500537424128 0.033865355127889823 0.02851819379190723
