9 0.407251032421875 0.5247174506944445 0.012895058593750008 0.020377376388888924
9 0.439488680078125 0.53235896875 0.008596705468750021 0.025471720833333267
0 0.4103839336511633 0.5872690931841648 0.01916086105232656 0.03125671492911497
0 0.34700312199369693 0.6164734644883636 0.07923730931128958 0.15243385841104218
0 0.49470034609111346 0.5974356840697159 0.022787105468750013 0.026384041666666636
0 0.528321307421875 0.6011326152777778 0.045849097656250004 0.050943441666666645
0 0.6092736203125 0.6355194395833333 0.12178666562500007 0.12990577916666668
0 0.7074193449218751 0.6393401972222221 0.07450478359375001 0.10698122777777785
8 0.7217471886718749 0.5247174506944445 0.02292454921875009 0.020377376388888924
0 0.17442358359375001 0.6342458520833333 0.34673380156250005 0.6571704013888888
8 0.57547221796875 0.5073981868055555 0.015497456250000097 0.016836743055555492
8 0.56729300546875 0.5318879944444445 0.01808036562500004 0.013775516666666654
8 0.47026170117187505 0.5349492201388889 0.006887758593750071 0.019897968055555548
0 0.3831283638627797 0.5917315969947481 0.011882580746628013 0.04647409358681176
0 0.47903776560342004 0.5914298171662622 0.02037013842279084 0.02776374422069272
0 0.4674946871638386 0.5917315969947481 0.013580092281860523 0.02595306524977803
0 0.45934663179472224 0.5914298171662622 0.00814805536911628 0.025349505592806465
0 0.4530658391143617 0.5887137987098902 0.011203576132535031 0.027160184563721268
0 0.44423877913115234 0.5881102390529185 0.007808553062069845 0.01629611073823256
0 0.43897649337193134 0.5881102390529185 0.00611104152683728 0.01629611073823256
0 0.43558147030146627 0.5866013399104897 0.00611104152683728 0.018106789709147475
0 0.43184694492395453 0.5878084592244328 0.007469050755023354 0.013278312453374741
