0 0.11970698906249999 0.6561303659722222 0.23941397812499998 0.39023867083333325
0 0.223066328125 0.5962497895833333 0.06855466406249999 0.11624995972222218
0 0.268417874609375 0.5878122951388889 0.06011716640624998 0.09562496805555543
0 0.35648425156249997 0.5681248013888889 0.014765620312500005 0.02624999166666675
0 0.41926538787030143 0.5753997632110537 0.00998678014473986 0.03199634888743452
0 0.42995335048990085 0.5800266643576704 0.02476003056626752 0.03888241837073114
0 0.33960925585937496 0.5699997986111112 0.02953124140625002 0.04124998611111097
0 0.473554521875 0.5774997986111111 0.07593747343750001 0.1274999555555556
0 0.496230294921875 0.5962497909722222 0.07699216015624993 0.14249994861111115
0 0.542636529296875 0.6309372791666666 0.13394526640624999 0.1556249444444444
0 0.664980236328125 0.5812497972222223 0.05378904296874998 0.044999986111111
0 0.62859353125 0.5784372951388889 0.06749997656250006 0.04312498472222215
0 0.93241309765625 0.6164224166666666 0.133029925 0.18840467222222212
8 0.20988273984375 0.4987498263888889 0.014765618750000015 0.014999994444444331
8 0.24310538359375 0.48374983055555554 0.011601557812500052 0.037499986111111105
0 0.3796873671875 0.5728123006944444 0.027421864062500023 0.024374993055555683
0 0.41468466497403594 0.5704894673988117 0.008253343522089174 0.027144329805982137
0 0.4091136580966258 0.5693890215958665 0.009491345050402555 0.024943438200091705
