4 0.11320446640625 0.639786725 0.2264089328125 0.3672914333333333
0 0.32833230546875003 0.6327906888888889 0.1046780578125 0.10610641111111119
0 0.45872076562499997 0.6025911701388889 0.03672914374999997 0.05550181805555543
0 0.501877509375 0.6001425611111111 0.04958434375000004 0.07345828611111105
0 0.4787134117909351 0.5963664112606943 0.011483005277394431 0.02306662727364639
0 0.5651551814465222 0.48506371451917724 0.008515033423604601 0.010790132831304367
0 0.5497046277265993 0.47546850411645636 0.009854035215862589 0.013815158433754082
0 0.5507183843860155 0.48943335485691686 0.0065947674950478374 0.010809994569925208
0 0.586657259786084 0.5005865393511326 0.0055428948089226715 0.007116803211456357
0 0.5614682993646796 0.49734152742287474 0.007882393974401825 0.009227255860921879
0 0.5474934098142912 0.49898883414350714 0.006270067427590842 0.008122428023182193
0 0.57435198125 0.5297158715277778 0.012855200000000067 0.019588876388888954
0 0.522931180078125 0.5395103055555556 0.018364572656250022 0.022853688888888835
0 0.5269006334102387 0.5344685552396957 0.014198251382159688 0.022564624368280328
0 0.5946418597115339 0.5279339627217072 0.012361151394705172 0.015925738972532466
0 0.5946362716444218 0.5314774659401365 0.008677064322980876 0.015408089346249043
0 0.6000140241438723 0.5372107533732017 0.016397875353821978 0.024744477713606106
0 0.61888606640625 0.5990931402777777 0.03213800156249991 0.037545347222222136
0 0.6371654797735926 0.5571020283393062 0.039724060795089944 0.026118867230442766
0 0.65423786796875 0.6113361881944445 0.051420800000000044 0.06856106805555551
0 0.7226458980468751 0.6154172027777778 0.11845148828124996 0.17140266944444438
0 0.5347696056025578 0.5331596002035671 0.005234956208427066 0.020802963233487626
0 0.5369251758060277 0.529601198597839 0.007698465012392575 0.018065731229081394
0 0.5395426539102413 0.5254953505912296 0.008006403612888291 0.014233606422912604
0 0.5410823469127197 0.5211157793841796 0.009238158014871045 0.01751828482820006
0 0.592970001096246 0.5260427969921109 0.010161973816358305 0.01751828482820006
0 0.5900445843915367 0.5211157793841796 0.011085789617845454 0.0164233920264375
0 0.5900445843915367 0.5159150385758078 0.011085789617845454 0.015875945625556276
