0 0.7597645304687499 0.7283621423611111 0.47948197812499993 0.5308519513888887
0 0.525091237109375 0.5724330465277778 0.23779187421874998 0.2716631430555556
2 0.394890441015625 0.5447123166666666 0.055354830468750005 0.2328541194444444
0 0.52626070546875 0.5738190805555556 0.23701222656249998 0.27443521111111113
0 0.41048335 0.49897311319444443 0.11304859687499996 0.11642705972222223
0 0.35941656914062503 0.5038242409722222 0.04677872734375005 0.09286444027777785
0 0.335637383203125 0.4962010395833333 0.025728300781249935 0.06375767361111112
0 0.31887500546875003 0.4844197333333333 0.02338936406250003 0.04573920555555544
2 0.318095359765625 0.4892708576388889 0.014033621093750004 0.04989730972222223
2 0.17892863984375001 0.48996387569444444 0.02572830312499999 0.07623200138888886
0 0.0428805015625 0.5017451881944445 0.085761003125 0.14414779027777774
0 0.09667604062499999 0.4892708590277777 0.085761003125 0.12474327916666661
0 0.14345477031249998 0.48026162291666674 0.05613447499999999 0.10118065972222229
0 0.17931846171875 0.48580576597222225 0.042100856249999985 0.07068785416666673
0 0.19958924570312503 0.4864987868055556 0.026507947656250003 0.06375767916666669
0 0.21752109140625 0.48857783958333334 0.023389364062499973 0.04296712916666667
0 0.23389364609375 0.4906568944444445 0.017152198437499988 0.036036947222222226
0 0.24192758866559547 0.49050021854304593 0.016194007679353695 0.03246007107193166
0 0.25722462552328446 0.48943861208798134 0.015476136984068939 0.022512090842629284
0 0.26780822578124996 0.4871918055555555 0.007016809374999988 0.015246405555555509
0 0.27287592109375 0.48857783958333334 0.004677873437500035 0.015246401388888942
0 0.280672375 0.4878848215277778 0.012474326562500027 0.016632437499999986
8 0.493125773046875 0.38254605416666665 0.014813266406249914 0.027720730555555573
