0 0.5141972351634866 0.3767995384111567 0.014843862313094647 0.04176919510216093
0 0.493884169921875 0.37055884097222225 0.031476683593750054 0.06295337083333336
0 0.45388255 0.37638785694444443 0.07213406875 0.09326425277777778
0 0.642742657421875 0.35307179375 0.08524935390624999 0.06994818749999993
0 0.07681809921875 0.4043671326388889 0.07606865468750001 0.055958551388888944
2 0.552902952734375 0.37488897569444446 0.013115285156250045 0.04896373194444448
2 0.526016619140625 0.37838638472222225 0.017049871093750113 0.09792746388888895
0 0.06529538476562499 0.47548113263888886 0.13059076953124998 0.20284974583333326
1 0.8339135468750001 0.4266839416666666 0.3265706031250001 0.8502590861111111
4 0.5539945575443541 0.35141067803870285 0.02841377915120835 0.057965686632961144
4 0.26633396992187497 0.29095114861111115 0.32919366015624996 0.5246114083333333
8 0.04852655546875 0.2389896423611111 0.036722798437499996 0.04896373194444445
8 0.051149613671875004 0.2809585548611111 0.026230571093750002 0.020984456944444396
8 0.598712770703125 0.25297928124999997 0.01442681328124995 0.016321243055555573
9 0.6000242992187499 0.21917098819444444 0.009180700000000042 0.03497409583333333
9 0.590843600390625 0.21800518402777777 0.006557642968750166 0.032642487499999984
9 0.033443976562500005 0.32875648194444446 0.0170498703125 0.03031088055555553
9 0.60068006484375 0.30893783055555557 0.007869171875000025 0.01865285
2 0.5888763078125001 0.3625647763888889 0.007869171875000025 0.03963730833333334
