0 0.6417094800781249 0.5119900256944445 0.010331636718749926 0.019897968055555437
0 0.6330997832031249 0.5311226854166666 0.012053575781249992 0.02448980694444447
0 0.65204111796875 0.5234696243055555 0.015497456249999986 0.012244906944444356
0 0.653332572265625 0.5380104451388888 0.03013394140625003 0.02908164583333339
0 0.7032821789514963 0.5203387003271128 0.07748727968750002 0.10561229166666664
0 0.7186945191406251 0.5503829145833333 0.04778382421874994 0.11607145138888891
0 0.79725803671875 0.5665819187500001 0.13201534843749996 0.20663274583333335
0 0.910514610546875 0.6224551375 0.17715089765625014 0.2800891805555556
0 0.41746627839669437 0.5694949207246061 0.05410509170915695 0.0707842975281886
0 0.3721204846283784 0.5786439428303303 0.0564347064189189 0.08235175397897909
0 0.2979361858108108 0.5914886720157657 0.10750600675675673 0.14675238569819826
0 0.15521887619298985 0.6221193026463964 0.20097829292652025 0.20801364695945956
0 0.59378217109375 0.532398213888889 0.008609698437499924 0.01683674166666671
0 0.60368332421875 0.5323982145833333 0.012914546874999933 0.010714293055555602
9 0.57053598828125 0.4775512347222223 0.010331637500000102 0.01836735555555552
9 0.6157369015625 0.4760206222222222 0.007748728125000048 0.015306130555555464
9 0.615306416015625 0.5020410402777777 0.008609697656250082 0.0122449027777779
9 0.58603344375 0.5227043152777777 0.008609698437499924 0.0076530666666666525
9 0.5722579265625001 0.5066328791666668 0.006887757812500062 0.009183674999999947
9 0.6075576874999999 0.5196430909722222 0.008609698437500035 0.00765306527777776
9 0.553316592578125 0.5043369625 0.00860969765624997 0.010714291666666598
8 0.54972920078125 0.47755123472222216 0.01808036406250002 0.010714294444444439
8 0.5273439859375 0.4997451236111111 0.011192607812500088 0.01530613055555552
0 0.030405405405405407 0.663963963963964 0.060810810810810814 0.22162162162162158
0 0.44863473929063646 0.5622035061175219 0.030183376955333352 0.04634215451727941
0 0.45789554812920463 0.5506179674882021 0.0363572495143788 0.05243980642744783
0 0.4829340312853334 0.551227732679219 0.02057957519681808 0.04634215451727941
0 0.4952817764034243 0.5426910200049833 0.024695490236181727 0.04390309375321211
0 0.5299240613180682 0.5378128984768487 0.02263753271650004 0.02682966840474077
