9 0.220306573046875 0.12269577499999999 0.09943040078125001 0.12408213333333332
9 0.49910161718749996 0.11611044652777777 0.09748078437499996 0.07278565416666666
8 0.004386635937499999 0.49390264305555553 0.006823654687499999 0.034659836111111175
8 0.009260675390625 0.4263159638888888 0.01657173359375 0.09358155277777774
8 0.083833475390625 0.4861041784722222 0.015596925781250007 0.03639282361111107
8 0.080421646875 0.5285624770833334 0.018521349999999992 0.03119385138888897
8 0.21104589765625 0.5432929062499999 0.03996712187500001 0.08491659305555554
8 0.69601280234375 0.44364588055555554 0.038992312499999904 0.11784343611111109
8 0.66676856640625 0.4445123777777778 0.01169769374999996 0.09531454444444443
8 0.61071711484375 0.5129655513888889 0.024370195312499954 0.03465983611111112
8 0.6102297117187501 0.5580233368055556 0.02339538906249994 0.04505778750000011
8 0.31632514609375 0.5857512034722222 0.016571732812500017 0.027727868055555493
8 0.323148800390625 0.6195445416666667 0.012672502343749947 0.022528891666666717
8 0.360678901953125 0.09145860208333333 0.10917847734375002 0.17945121805555556
0 0.44256276171875 0.6602698472222222 0.11112809374999993 0.149037288888889
0 0.05458923945312501 0.5952826576388889 0.10917847890625001 0.13344036250000002
0 0.15743146757812498 0.6212775333333334 0.10430443984374997 0.12304241111111103
0 0.58780913125 0.6703643854166667 0.025345004687499895 0.03058702638888877
1 0.9054963628906251 0.45750981527777784 0.18696285390625 0.4089860472222223
0 0.653121256640625 0.6637358305555556 0.015596925781250048 0.024261883333333345
8 0.7331965378906251 0.3987828958333334 0.029975328906249987 0.06572368611111112
