8 0.338430212890625 0.3231496965277778 0.014350397656250014 0.025511818055555524
8 0.300162485546875 0.32208670347222224 0.014350397656250014 0.027637801388888883
8 0.37191447304687497 0.3337796201388889 0.016742130468750005 0.034015756944444475
8 0.4382850625 0.36673238472222225 0.013154531250000046 0.023385833333333272
8 0.48851145429687504 0.4018111361111111 0.010762797656250045 0.025511819444444472
8 0.493892854296875 0.37098435486111114 0.014350397656250014 0.014881893055555484
8 0.46100652499999994 0.3933071958333333 0.013154529687500027 0.012755908333333343
8 0.46040859218749997 0.4251969680555555 0.011958664062500013 0.021259850000000025
8 0.26069889101562504 0.3518504916666667 0.014350397656249958 0.023385833333333383
8 0.260698891796875 0.3794882951388889 0.01674213046874995 0.027637801388888827
8 0.241565026953125 0.37311033958333334 0.016742130468750005 0.014881890277777754
9 0.41436773359375 0.3592914381944444 0.00837106718749997 0.021259848611111132
9 0.39403800312500004 0.4057087791666667 0.008371065625000007 0.01913386388888888
9 0.3318529453125 0.3940158631944445 0.010762798437499999 0.021259848611111132
9 0.331255012109375 0.3600001041666666 0.009566932031249975 0.017007877777777736
9 0.30076041796874997 0.39082688541666666 0.010762798437499999 0.019133862500000043
0 0.35602617784412227 0.441104827028646 0.01668103064556531 0.023400767794432786
0 0.3345186934232568 0.43786892792657184 0.013707970252638424 0.017294643472862747
0 0.32168808203125 0.4379528777777778 0.01913386562499997 0.02763780277777783
0 0.30189374436801686 0.4187992868420155 0.011249419751018397 0.019272398380534905
0 0.24870688280307796 0.4164409263684433 0.01729840775097677 0.02398911932767933
0 0.22732589831722294 0.4119565818670934 0.02130305961555412 0.026668847067520096
0 0.3426992563159603 0.43000772634799783 0.010612622131074945 0.015722403157148013
0 0.33496088601205154 0.4229326449272812 0.008401659187101007 0.012577922525718432
