9 0.59317057421875 0.2434853375 0.004874039062499946 0.022528891666666717
9 0.5249340250000001 0.2824776506944444 0.004874039062500057 0.017329915277777774
9 0.52054738984375 0.2876766263888889 0.0038992312500000237 0.020795900000000034
9 0.39723419765625 0.29720808125 0.0068236562499999764 0.022528893055555554
9 0.587321727734375 0.24435183333333332 0.008773271093749924 0.024261883333333345
9 0.375301020703125 0.31020551875 0.009748078906250013 0.01732991805555556
0 0.41088150703125004 0.3751927083333333 0.03996712187500001 0.07798462777777776
0 0.36701515390625 0.40032108888888884 0.09065712968750006 0.12824138888888886
0 0.49568978945312503 0.31800398124999996 0.03411827421875002 0.032926843055555544
0 0.761324927734375 0.3717267256944444 0.05653885546874993 0.03985880972222222
0 0.50884969609375 0.41158553472222226 0.10332963281249996 0.15423626388888895
0 0.615591155078125 0.35179732013888887 0.09065713046875001 0.1629012208333333
4 0.16474252578124998 0.32406945277777777 0.32948505156249996 0.6481389055555555
9 0.43281468359374997 0.31713748541666664 0.003899231249999968 0.031193851388888916
0 0.38894833085937497 0.3249359486111111 0.021445772656249973 0.02252889166666666
2 0.379200251953125 0.32926842777777776 0.013647310156249981 0.017329916666666667
2 0.715996362890625 0.32666894027777776 0.014622117968749904 0.06758667777777783
2 0.94068957109375 0.32840193194444445 0.011697693750000071 0.06065471111111109
2 0.9036468734375 0.31887047777777777 0.01754654218750018 0.06238770277777772
9 0.683827704296875 0.22528892430555553 0.008773271093750035 0.027727868055555577
