0 0.26714886015624995 0.4469528111111111 0.04086911249999997 0.03984372222222221
0 0.3686624625 0.47273404305555555 0.027685528125000025 0.04921871666666666
0 0.3697566603187782 0.4840839750334801 0.023687882180269237 0.05045227391412177
0 0.36075231171875 0.4891402798611111 0.022412093749999973 0.053906212499999995
0 0.33027871700105843 0.4865268200735699 0.05374999806461689 0.07680427070269535
0 0.30142618125 0.4469528111111111 0.022412093749999973 0.016406238888888813
0 0.232212360546875 0.48093716180555557 0.07382807421875001 0.08437494027777775
0 0.5686056826560023 0.48406722445285 0.019996644244734796 0.028465715811694103
0 0.6026333762112448 0.48843886157032074 0.02103412467849719 0.02711379014078774
0 0.6218419807784734 0.4886268001835883 0.022032631707526895 0.02920169576893089
0 0.64617691953125 0.49265590416666666 0.04218747031250003 0.051562463888888854
0 0.667929834765625 0.5149215152777777 0.07250971640625004 0.08203119722222219
0 0.729233503125 0.5254683819444445 0.08964837656250002 0.10781242499999993
0 0.836020539453125 0.5817183430555555 0.14765614921875003 0.18281237500000003
0 0.30010782187499996 0.49617152708333334 0.07250971562500003 0.08203119305555556
0 0.044914823046875 0.45515593055555553 0.08982964609375 0.08906243888888887
0 0.1076274859375 0.534843375 0.21489243125 0.1781248777777778
0 0.91446286875 0.6567182930555555 0.17006824375000018 0.3234372805555556
8 0.22364303085937498 0.3871872270833333 0.011865225781250016 0.037499973611111126
8 0.907871075390625 0.3953903458333333 0.025048810156249934 0.05390621111111116
8 0.45942372890625005 0.42938668055555557 0.012276160937500002 0.021586436111111107
8 0.45962189921874996 0.4471118652777778 0.010722885937499982 0.01732991666666661
0 0.4673873068539046 0.47797387380760065 0.024945801403618295 0.025869719974122685
0 0.4833249021951052 0.47704995523709626 0.03187519068240119 0.028949448542470668
0 0.49025429147388805 0.48197752094645296 0.014551717485444038 0.022789991405774812
0 0.5051524784232713 0.4832094123737921 0.02078816783634868 0.02648566568779226
0 0.5212633084964413 0.48598116808530534 0.0204416983724095 0.032029177110818596
0 0.5427444152606684 0.48598116808530534 0.03499341585785343 0.03942052567485366
0 0.5446499973123335 0.4921406252220012 0.03118225175452294 0.043116199956871215
