8 0.30389028867187495 0.44916809444444444 0.015440150781249995 0.009981513888888904
8 0.316733701953125 0.45291116319444447 0.018949278906249978 0.034935295833333324
8 0.289713433984375 0.44355349722222226 0.008421900781250047 0.023706097222222222
8 0.39779450625 0.45977345208333337 0.004210950000000047 0.03368760694444439
8 0.6488373515625 0.4104897319444445 0.009123726562499934 0.009981513888888904
8 0.640415449609375 0.4148566444444445 0.009123727343749888 0.006238450000000062
8 0.639362710546875 0.4385627375 0.01824745546874995 0.008733822222222298
8 0.6505919140624999 0.4292050694444445 0.0084219015625 0.012476891666666656
8 0.583918524609375 0.3980128388888889 0.019651103906250023 0.02245840555555556
9 0.42144602304687495 0.4035884506944445 0.00772007734375002 0.029944540277777765
9 0.429341535546875 0.40269167291666663 0.006316427343750042 0.027449162500000013
9 0.54619542265625 0.39894860624999995 0.00631642500000007 0.027449162500000013
9 0.539878997265625 0.39832476180555554 0.004912775781250045 0.023706095833333274
9 0.5816375929687501 0.4538469305555556 0.005614601562499932 0.024953783333333368
9 0.58830493046875 0.45509461944444446 0.00631642500000007 0.02245840555555556
2 0.7100131234375 0.5434531076388889 0.019651103124999958 0.0771097819444444
2 0.66544722734375 0.5267327770833333 0.011931026562500002 0.06113677083333341
2 0.633865095703125 0.5373381361111111 0.011931028906249974 0.05240294444444438
2 0.744753469140625 0.5248612458333334 0.020352930468749975 0.08983361944444446
2 0.6552707628906249 0.5410812027777777 0.016843805468749973 0.06987059444444443
2 0.6015811390625 0.5211181770833334 0.009123726562499934 0.047412187500000036
2 0.84721994140625 0.5448242715277778 0.010527376562500024 0.11478740416666672
2 0.897049526171875 0.5454481159722222 0.010527377343750088 0.11353971527777784
2 0.8152868964843749 0.5541819409722222 0.025265705468750066 0.10854895972222217
2 0.861958268359375 0.5491911826388889 0.025967530468750222 0.1285119819444444
2 0.88862762421875 0.5417050493055555 0.025967531249999842 0.12352122638888885
2 0.9840758445312501 0.5741449847222222 0.03158213125000009 0.16095189999999993
2 0.26985177031249996 0.5452401604166667 0.01193102500000004 0.05988907916666664
2 0.040004034375 0.6180220395833333 0.0533387109375 0.2121071513888888
2 0.08983361875000001 0.5756006090277779 0.030880307812499994 0.14223656250000005
2 0.218267620703125 0.5518945138888889 0.016843805468750028 0.08733823888888881
2 0.247744278125 0.5310165118055555 0.007018251562500022 0.034935295833333324
2 0.305644852734375 0.5347595798611111 0.006316425781249968 0.04491680972222223
2 0.31493133893076364 0.535798661262443 0.012685161953234658 0.04470902403577959
2 0.24212967617187503 0.545364936111111 0.014036502343750007 0.07860441666666673
2 0.25376605589563217 0.5485228452136055 0.01606149971181181 0.0764626894199486
9 0.291467997265625 0.4784887902777778 0.016141977343750002 0.016219958333333284
0 0.3706687446476764 0.5560858313130066 0.07769162367035282 0.12200554040379097
0 0.547563990234375 0.5244037555555556 0.03228395703124998 0.048659877777777694
0 0.47246869921874995 0.5780543874999999 0.13194312812499998 0.24329938333333334
3 0.14115457109375001 0.5959498263888889 0.03860038125000001 0.08609055277777788
3 0.73294358046875 0.5747391097222223 0.029476656249999955 0.056146013888888846
