0 0.49059727695312494 0.5573320208333333 0.01967755703124996 0.03180211111111109
0 0.4360681146148234 0.557821851363024 0.019740232354646725 0.026421352726047842
0 0.3650691057351202 0.5739955165744839 0.015820090092259598 0.03332698870452333
0 0.23076407890625 0.6583037284722222 0.2790635375 0.35936387083333343
0 0.397576098046875 0.5621023388888888 0.05456050078125002 0.10653707499999998
0 0.46376424375 0.5783770318836651 0.043827285937500016 0.0644470556771144
8 0.19588113671875002 0.45477021041666665 0.037566245312500024 0.01749115972222215
8 0.516088658203125 0.4396642041666667 0.01967755703125007 0.028621902777777763
8 0.5578715234394036 0.47305642569444445 0.01661092030869271 0.009540631944444433
8 0.6306785546344702 0.4265471355492524 0.01410636729355963 0.010333084457050667
8 0.6189486140625 0.4599848142609305 0.025044162499999967 0.013422371478139017
8 0.1238791671875 0.4690811597222222 0.0205719921875 0.011130738888888936
8 0.11851255859375 0.4929327423611112 0.013416515624999986 0.014310951388888882
9 0.476733542578125 0.4364839958333333 0.007155475781250087 0.02862190277777782
9 0.272355278515625 0.4452295763888889 0.008049908593750044 0.030212008333333373
9 0.47091971796875 0.4356889423611111 0.004472170312499968 0.027031795833333316
3 0.752666560546875 0.642402673611111 0.04114398515624995 0.08268549166666672
3 0.7745802019531249 0.6431977263888888 0.02057199140624999 0.08427559722222222
3 0.6954227562499999 0.6185510868055555 0.025044164062499985 0.09222612638888894
2 0.843004436328125 0.5811836076388888 0.023255296093749878 0.13038866250000003
2 0.859551471484375 0.60583024375 0.034882941406250034 0.16696109027777772
4 0.724491875 0.5613072868055555 0.07781579531250005 0.0779151763888889
0 0.763846989453125 0.5613072847222222 0.0491938929687501 0.039752638888888914
8 0.4633170265625 0.51042390625 0.023255295312499924 0.01431094861111104
9 0.564745921385597 0.5154115459622097 0.00827992260029431 0.019651708591086225
9 0.6351252634880993 0.497433215723431 0.02023981080071957 0.026168644267596963
