8 0.029848942578125003 0.18547764583333332 0.05733339453125 0.10608628055555555
8 0.13558481864619043 0.22767966599212536 0.021068317684370452 0.0552823180953618
8 0.288434256640625 0.28324343541666663 0.05382318828124999 0.08528505138888892
8 0.37317994817610867 0.19290282621812305 0.07739323646028262 0.09747628645264281
8 0.47476779140625 0.20457562975702154 0.08014974687499998 0.09424107695374306
8 0.697809895953692 0.34564713125 0.03071902528011594 0.060323573611111125
9 0.14685587265625 0.3706086083333333 0.010530623437499997 0.022881355555555538
8 0.082502061328125 0.34304697777777776 0.024571455468750003 0.03016178611111109
9 0.006155039453125 0.35136747013888886 0.00994558828125 0.013520801388888892
0 0.9316813843749999 0.48314923541666666 0.13163279531250005 0.14456855972222216
8 0.4735992566406251 0.2604878532600478 0.07546946796875004 0.03449843514657103
8 0.372973298046875 0.25001871754203797 0.07546946953125 0.03047522880481293
9 0.044971769140625 0.3770382534722222 0.010915044531250001 0.016632448611111073
