0 0.040367390234375 0.4422861930555555 0.06552388046875 0.09360554444444441
0 0.74460284375 0.4105643131944444 0.014040831249999997 0.021841293055555544
0 0.7343647382812499 0.4126444361111111 0.013455796875000092 0.023921416666666695
0 0.72207901171875 0.41472455902777783 0.02164628125000001 0.032241906944444454
0 0.669133375390625 0.4277253291666666 0.02691159296875001 0.07280431111111113
0 0.712425938671875 0.4173247138888889 0.02691159296875001 0.04160246388888883
0 0.6834667234375 0.41888480625 0.02749662812500009 0.06552387916666663
0 0.7024072214843751 0.42304505277777776 0.020914989843750065 0.055123263888888885
0 0.812369382421875 0.4048439743055556 0.042024941406249905 0.05616332638888888
0 0.826361436328125 0.4074441291666667 0.032761939843749976 0.05304313888888884
0 0.851566702734375 0.4142912118055555 0.04573025546874998 0.07072419027777782
0 0.8936663118289756 0.41260905393485925 0.08507075915454843 0.11745619398082963
0 0.951412591796875 0.4204448972222222 0.09594568203125009 0.1851309638888889
0 0.024644576562500003 0.4952921965277778 0.047387806250000004 0.1508089319444444
0 0.6155128110015908 0.4284769288176523 0.09315412669068168 0.11494418263530454
0 0.029032336328125 0.46409035 0.05616332578125 0.10920646944444451
8 0.8778340589843752 0.33400835208333335 0.018721110156249998 0.027041601388888892
0 0.79106439296875 0.40978426805555557 0.012285728125000062 0.02496147777777774
0 0.7808262875 0.4045839597222222 0.012870762499999966 0.016640983333333303
8 0.370560941015625 0.1816987625 0.054993257031249965 0.030161786111111116
8 0.36851331953125 0.23266177916666667 0.0649388453125 0.06760400277777784
