8 0.45281715468749995 0.19612896066087843 0.11232673593749998 0.13432245465509018
8 0.56076040234375 0.21821308541666667 0.028994850000000016 0.014432990277777807
8 0.5615747777457398 0.25266064391341725 0.03264416017897975 0.04769384616016781
8 0.303866028515625 0.3432990270833334 0.023195880468749985 0.03917526527777776
8 0.8327320960937499 0.06288660833333334 0.12061857656249997 0.10927836944444445
8 0.5996134992187501 0.3529210152777778 0.006958764062500067 0.018556705555555553
8 0.37519336015625 0.3814433631944444 0.010438146874999998 0.02268041527777781
0 0.440141824609375 0.4185567701388889 0.11481960703124994 0.1711340458333333
0 0.34155933320312504 0.4073417590277778 0.04291237890624999 0.05335786249999991
0 0.361275832421875 0.40274921249999995 0.019716497656250054 0.0288659833333334
0 0.37577325742187495 0.40549835833333336 0.011597941406249979 0.024742272222222195
8 0.802287502734375 0.41134027638888887 0.026095364843749858 0.05567011111111109
0 0.259170541796875 0.4218492958333333 0.05733343828125001 0.05491529722222216
8 0.487334224609375 0.11440686041666667 0.0292517539062499 0.016640998611111096
0 0.31299376953125 0.41394482361111107 0.015210912500000007 0.03744224444444444
8 0.8806240414062501 0.4054757333333333 0.02574154375000015 0.04368261944444446
