0 0.5141895 0.4688885201388889 0.008406367187500097 0.019926209722222255
0 0.5190932148437499 0.47013390763888885 0.009807428124999906 0.022416984722222255
0 0.5211948078124999 0.47137929375 0.008406367187499986 0.024907756944444526
0 0.389495044921875 0.47636084444444443 0.016812735156250036 0.04483396388888883
0 0.45254280312499995 0.47262468055555557 0.025219103124999975 0.04732473611111121
0 0.463050761328125 0.46639774375 0.009807427343749953 0.019926206944444413
0 0.56602876953125 0.47885161944444443 0.04203184062499998 0.05479706388888883
0 0.563226646484375 0.4913054972222223 0.02521910390624993 0.05479706666666667
4 0.549916564453125 0.4601708034722222 0.049037146093749984 0.08219559583333325
0 0.581440441796875 0.49504166250000003 0.050438207031250015 0.06725094166666673
0 0.498077295703125 0.46888851875000004 0.015411674218749949 0.024907756944444415
1 0.48546774375 0.4651523548611111 0.012609551562499988 0.017435429166666627
0 0.31173614101562497 0.48134239861111117 0.049037146093749984 0.07472327222222225
0 0.423120515234375 0.4726246826388889 0.05884457421875 0.08219559861111098
0 0.355728167882718 0.487809191749328 0.06304775859374995 0.08966792638888887
0 0.208758134765625 0.5199494201388888 0.18213797109374996 0.1967712791666666
1 0.06690067734374999 0.36738940902777784 0.1302987015625 0.5878230541666667
0 0.47425925546875 0.46826582361111113 0.012609551562499988 0.01494465277777779
8 0.65079297734375 0.34248165347222226 0.01260955000000008 0.02241698194444447
