0 0.359216690625 0.4904366597222222 0.016571732812500017 0.01732991666666661
0 0.39869640937499995 0.49303614583333333 0.009748078124999948 0.01906290833333335
0 0.39138535078125003 0.49303614444444444 0.008773270312500026 0.025994875000000084
0 0.37766744941705865 0.49617869146226246 0.024229014459117293 0.042677913480080376
0 0.034118274609375 0.6368744604166667 0.06823654921875 0.2547497847222222
0 0.02144577265625 0.5155650381944444 0.0428915453125 0.05372274305555552
0 0.175952816015625 0.4965021305555556 0.02437019609374999 0.02946085833333334
8 0.22645720922377943 0.40384166026369284 0.03253988936494118 0.07267647669483662
0 0.54394277734375 0.49650212847222225 0.02339538749999992 0.057188726388888944
0 0.5835701775741251 0.4934033799348481 0.055859412960750254 0.0891170432030296
0 0.813477146875 0.5120990548611111 0.17449060312499987 0.16463421527777788
9 0.416242950390625 0.4367139145833333 0.005848847656249934 0.02079589861111114
9 0.38992313828125 0.4488448569444444 0.003899231249999968 0.01732991666666661
