0 0.45000008359375 0.5659794736111111 0.008814425000000015 0.018556705555555553
0 0.444433078125 0.5659794736111111 0.006958764062499956 0.018556705555555553
0 0.44095369453125 0.5670104020833333 0.009278351562500009 0.020618562499999937
0 0.43341503476562504 0.5683362118541084 0.015077322656250003 0.02327018204155018
0 0.421817094140625 0.5711341152777778 0.008118557031249973 0.024742269444444465
0 0.415858613770396 0.5722215250889584 0.013168856217444291 0.025389443806013934
0 0.40384028671875005 0.5746088113151979 0.018556703125000018 0.03298969861111112
0 0.3881830671875 0.5777015974263091 0.019716498437500007 0.035051551388888824
0 0.37136605429687497 0.5808022330969882 0.025515467968749983 0.03839573102824578
0 0.35889820881015844 0.5872947573997984 0.023775655120316874 0.034802532120988716
0 0.518659893359375 0.5587629777777778 0.009278352343750074 0.02061855833333337
0 0.5238789652343749 0.5608248347222222 0.012757733593749987 0.020618561111111156
0 0.530837731640625 0.5608248354166667 0.010438147656250063 0.028865981944444452
0 0.5725903140625 0.5721650430555556 0.02435567500000002 0.0432989777777778
0 0.5708506250000001 0.5536083388888888 0.02319588125000005 0.022680416666666647
0 0.269420151171875 0.6072165951388888 0.04291237890625002 0.059793823611111185
0 0.6805401075776001 0.5730690848557043 0.04958516828020021 0.0992228580663691
0 0.756069740625 0.5989691708333333 0.09858249062499991 0.1381443527777778
0 0.882255314453125 0.6041238111111111 0.22384024296875005 0.22680416111111118
0 0.5123969945312501 0.5608248333333333 0.006958764062500067 0.0164948444444446
0 0.22789952226562502 0.6216495854166667 0.07306702265625004 0.07216495972222225
0 0.33019335078125 0.5887251495184761 0.0452319671875 0.05141588151860321
0 0.5047423488281251 0.5618557631944444 0.011597941406250034 0.01855670416666677
0 0.4791559615643887 0.577691896737953 0.04624992469127742 0.06389814167884311
0 0.5467268871093749 0.5690722590277778 0.03479381953124994 0.05360825694444449
0 0.6248304467370869 0.5801453656859515 0.09510310781250009 0.12371136111111114
0 0.9532347230468751 0.6515465 0.09162372734375013 0.20618560277777764
0 0.074806713671875 0.6441446870388634 0.14961342734375 0.14671370361997782
8 0.427384091015625 0.5216495708333333 0.01043814609374999 0.01237113611111118
8 0.4175258421875 0.520618642361111 0.009278351562500065 0.010309279166666685
