8 0.563253109765625 0.32687016944444447 0.011958666406249985 0.014881894444444488
9 0.526181248046875 0.31092528472222225 0.00956693203125003 0.017007877777777736
9 0.493892853515625 0.3098622902777778 0.00956693203125003 0.010629922222222199
0 0.485521788671875 0.35875994097222225 0.014350397656250014 0.02763780138888894
0 0.535748180078125 0.35875994236111114 0.00956693203124992 0.01913386527777783
0 0.5638510425781249 0.3704528569444444 0.032288396093750005 0.038267727777777705
0 0.5907580375 0.37683081458333334 0.04783465781249996 0.06377954861111107
0 0.6362009640624999 0.39277569930555556 0.07414372187499996 0.08716537916666667
0 0.510634983984375 0.3768308125 0.05022639140624996 0.08078742222222224
0 0.467583790234375 0.3683268736111111 0.031092528906250028 0.046771666666666656
0 0.7807085671875 0.4224100347222222 0.22951254062499993 0.27080416388888884
8 0.547108911328125 0.3401575756944445 0.008371064843750053 0.021259848611111132
