9 0.514703393359375 0.46219727361111107 0.01205357734375001 0.022959194444444442
8 0.48370848164062497 0.4224013381944445 0.013775516406249966 0.02602042083333328
8 0.483708481640625 0.4537789013888889 0.017219396093750006 0.03061225833333331
8 0.172193955859375 0.47372470347222223 0.021524244531250014 0.05357145416666664
8 0.111065101171875 0.47066347777777784 0.012914547656249997 0.029081644444444443
9 0.10848219218749999 0.4301022340277778 0.009470667187500004 0.02755103194444436
0 0.33598269492187505 0.5703063895833334 0.009470667968750013 0.015306129166666738
0 0.32091572343749997 0.5718370006944444 0.010331635937500028 0.018367351388888897
0 0.3812621157631394 0.6105072717765221 0.09449998101130824 0.15649311923942688
0 0.192200743359375 0.6116329368055555 0.15239165234375002 0.21428580694444443
8 0.978366554296875 0.4045920097222222 0.0361607304687499 0.06122451944444446
0 0.9754989332031251 0.5847539284722223 0.045631399218750035 0.0795918708333333
