4 0.06159199375 0.6396558111111111 0.1231839875 0.25641673888888894
0 0.155539275390625 0.6763857756944445 0.07094773984375 0.10533876805555553
0 0.21791091367187498 0.6722276666666667 0.05379553671875001 0.06098560277777776
0 0.2515259893141748 0.6594650422315349 0.04617972237834972 0.06040900946306982
0 0.4822760470456132 0.6458005434664532 0.0289775065912265 0.07438540220280565
0 0.46553958486430247 0.6416371814028634 0.015612607738461959 0.027200632148787096
0 0.456482434765625 0.6410418465277778 0.014813264843749951 0.02910676527777778
0 0.44829615625 0.6410418479166666 0.014033618749999976 0.02079054861111107
0 0.4435676137197566 0.6351739281512095 0.007889915402601921 0.022363460514111422
0 0.43787344433949693 0.6357272932384915 0.011489680071006148 0.015705580921427487
0 0.36782306501438067 0.6398906553020813 0.010579764076453668 0.020701615397735407
0 0.3574674578125 0.6424278833333333 0.014813264062500053 0.02079054722222229
0 0.40268689531249996 0.6375767555555556 0.008576099999999975 0.013860363888888894
0 0.3896600328009674 0.6389183278377566 0.014359042210565276 0.0193155806755132
0 0.4184369166205577 0.6389592905687178 0.01481326562499996 0.022176583333333277
0 0.3373102568524267 0.6440336913642757 0.02478657604558221 0.04222898141099207
0 0.5219337933306599 0.6432135551191414 0.06864910384881995 0.10629470468272706
0 0.7079181046875 0.7151947972222222 0.22609719218750002 0.20236132222222225
8 0.7843233624999999 0.43868052847222216 0.03898227656249997 0.0762320041666667
0 0.3788896119158385 0.6396942791065214 0.011553329726461892 0.018873908021607377
