0 0.015592910156249999 0.7650921083333333 0.028067239062499996 0.25503070277777773
4 0.6517836292968751 0.7429155243055556 0.2713166304687501 0.18018473472222218
0 0.121624696484375 0.72489705 0.045219438281249996 0.04435316388888888
0 0.31107855039062504 0.7235110138888888 0.07016809453125 0.09979462222222213
0 0.15164104765625 0.7207389409722222 0.0257283015625 0.03603694583333339
8 0.78510300859375 0.25364466458333335 0.06860880312499995 0.11919913194444445
8 0.787052121484375 0.36314154375 0.05067695703124997 0.1386036430555555
8 0.7133756222656249 0.13791062430555556 0.14501406015625007 0.1011806597222222
8 0.51027797265625 0.5537215520833334 0.02105042812499991 0.018018473611111196
8 0.49156648125 0.5779771895833334 0.035084046875 0.019404509722222296
0 0.8814520742187499 0.7075581284722222 0.05834744687499993 0.09152540694444444
