0 0.37397726848386437 0.40015642713354715 0.01931281353022879 0.03152314573290571
0 0.34981454140625 0.3995221121925124 0.029012646875000048 0.03279177561497526
0 0.31134125 0.4013415993055556 0.04541109843750002 0.04260794583333338
0 0.274129378515625 0.40453894752534497 0.04414967734374997 0.06312352439375446
0 0.23502537656250003 0.4125542159722222 0.04919535624999999 0.07400326805555557
0 0.197182796875 0.4136754784722222 0.0491953546875 0.10315607361111112
0 0.025629760937500003 0.3946140277777778 0.0466725171875 0.0515780388888889
0 0.100987696484375 0.45699482847222217 0.20197539296875 0.18652850138888888
0 0.906731195703125 0.5941986041666667 0.18416723046875005 0.4552322361111111
0 0.7451720754536455 0.43744474619933166 0.07861481496979117 0.11371156315689235
0 0.5378637506361577 0.4071787327310197 0.0212486862276845 0.03541871787129386
0 0.5537468339453852 0.41714840541432907 0.023043471882244537 0.04359506756351761
0 0.5718396768138255 0.42245375072918284 0.03496661112454391 0.05581971481106318
0 0.6085285770170722 0.4299372296765608 0.07719270872164441 0.10428425101978828
0 0.4979956971912677 0.4399837432915822 0.07561392407003548 0.10195204213872006
4 0.6696034671008155 0.4034243024981386 0.057801949001797026 0.09134135150901257
8 0.423754874609375 0.31381783472222224 0.04852655546875001 0.06251978611111109
8 0.544546659375 0.3007772083333333 0.047215026562499984 0.041968913888888904
8 0.4229612256432125 0.3627305190950397 0.04693925753642486 0.030642371523412926
