8 0.173385654296875 0.3214234618055556 0.013006425781249997 0.030277612499999995
8 0.47003222187500004 0.4387945715277778 0.022010876562499948 0.0124505958333333
8 0.4475211 0.44946651111111113 0.011005437499999993 0.008893283333333335
0 0.46302876210937494 0.49393292569444447 0.018008897656249967 0.030237162500000025
0 0.44101788515625007 0.5019368791666666 0.03201581874999998 0.07470357499999997
0 0.3914934171875 0.5132326772726197 0.08704300625000005 0.11152442398968387
0 0.323960050390625 0.5090515069444443 0.04202076015625 0.08181820277777774
0 0.146872555859375 0.4850396423611111 0.056027682031250026 0.0693676041666666
0 0.2325462925401938 0.5382983264362105 0.17282256804461243 0.20790079176130993
0 0.08594245625 0.5716941645845164 0.1718849125 0.33872410694681054
0 0.543568554296875 0.5063835222222222 0.021010380468750034 0.033794475000000046
0 0.504549276953125 0.5188341166666667 0.07903905234374997 0.12272730277777777
2 0.625609088671875 0.5392886701388889 0.03901927734374999 0.14584984305555554
1 0.63261254765625 0.4725890458333334 0.14507167656249997 0.26857714166666674
8 0.7151533308593749 0.46903173402777776 0.020009886718750036 0.04090910138888881
