8 0.6646443695312501 0.15027342569444443 0.06738904999999995 0.1552998708333333
8 0.43533440546875 0.29170723402777776 0.019343153125000012 0.012202137499999988
8 0.280901162890625 0.29780829861111113 0.017471233593750024 0.03327854166666672
0 0.399153102734375 0.37683988888888886 0.013103427343749918 0.013311419444444472
0 0.38729761953124997 0.37683988888888886 0.009359587500000044 0.013311419444444472
0 0.3760661125 0.37794916944444445 0.011855481250000022 0.01774855277777776
0 0.431287697265625 0.38199014305555556 0.012479453906249993 0.014737647222222261
0 0.418808244140625 0.3807223854166667 0.008735621093749979 0.014420701388888846
0 0.4106965953125 0.37905845555555556 0.007487670312499972 0.013311413888888901
0 0.35605440703125 0.38103933055555556 0.026206853124999985 0.029950688888888854
0 0.15016673434239247 0.3849218291666666 0.08855748912771506 0.09539849166666664
0 0.2620147504758039 0.42707465069444445 0.12443410061089227 0.14420702083333337
0 0.31237631835937496 0.3860311159722222 0.024958907031249977 0.05102710416666667
0 0.511824749609375 0.37937540625 0.021839044531249963 0.02884140416666675
0 0.5324158476562499 0.37739453125 0.018095207812499958 0.025513551388889
0 0.556438796875 0.37628524722222223 0.02620685312500004 0.02995069444444448
0 0.5998049 0.38515952430555556 0.03556644531249997 0.047699248611111134
0 0.6160281890624999 0.3923698756944444 0.02683082656250002 0.0510270986111111
0 0.6322514789062501 0.38848737708333336 0.024334934375000006 0.05213638472222221
0 0.731017444921875 0.40734522013888885 0.11543494765624995 0.1098191930555556
0 0.834329484765625 0.41843806666666666 0.10794727578124985 0.09650777500000007
0 0.937908951171875 0.3901513076388889 0.04929384140625004 0.037715687499999984
