0 0.3873776671875 0.47578092152777773 0.006591792187500056 0.018749987499999954
0 0.38210423242187497 0.4781246708333333 0.00922851015624998 0.028124980555555512
0 0.3748532609375 0.48046841805555557 0.010546867187499975 0.028124980555555568
0 0.364306393359375 0.48632778958333334 0.01582030078125002 0.039843723611111104
0 0.35499427460937505 0.4886715388888889 0.013016364843749961 0.039843722222222155
0 0.345190195703125 0.49218716180555555 0.017138660156249985 0.04687496805555552
0 0.33925758359375 0.4957027840277778 0.018457018749999998 0.053906212499999884
0 0.329369894140625 0.50039028125 0.01977537734375001 0.06328120694444433
0 0.3049802625 0.5003902805555556 0.04746090468749997 0.08203119166666673
0 0.26872540468749995 0.5144527715277778 0.06723628124999997 0.11953116805555558
0 0.41769991171875 0.47578092152777773 0.009228509375000027 0.018749987499999954
0 0.42429170390625004 0.48046841805555557 0.011865226562500053 0.028124980555555568
0 0.430224316796875 0.48398404305555554 0.007910150781250014 0.02578123333333332
0 0.440771185546875 0.48281216805555555 0.018457019531249896 0.046874966666666684
0 0.44538543945312503 0.48398404166666664 0.011865225781249933 0.044531219444444436
0 0.450658873046875 0.4886715388888889 0.01713866015625004 0.05390621388888889
0 0.45790984492187503 0.49570278472222223 0.01582030078125002 0.06328120833333328
0 0.475048505078125 0.5074215256944444 0.021093735156250015 0.06328120694444439
0 0.471752608984375 0.4910152875 0.030322244531250042 0.0726562
0 0.530419560546875 0.50039028125 0.10546867734375004 0.1382811541666666
0 0.6947749125 0.5039059027777778 0.22412093906249997 0.10312492777777776
0 0.6611567714843749 0.5823332042411982 0.20698227890624998 0.2084170668157297
0 0.200390487109375 0.5296871354166667 0.13710928046874998 0.16406238750000002
0 0.40407686992187497 0.4748434236111111 0.011865225781249988 0.023437483333333287
0 0.096421439453125 0.5805464680555555 0.19248033671875 0.2507810750000001
0 0.01459257890625 0.6909829519425515 0.0291851578125 0.2466541983295476
0 0.8416085886186382 0.7317182416666667 0.31577680245022366 0.4406246972222223
