8 0.15165948476562502 0.18145297291666668 0.17818163671875 0.11691842361111111
8 0.341312040625 0.1976435791666667 0.06500188437499999 0.08700905833333336
8 0.11343465625 0.3371600979166667 0.007647281249999999 0.010876131944444478
8 0.43614989414062505 0.3602718798611111 0.009176736718749967 0.013595165277777765
0 0.15587706367187498 0.36616311805555557 0.04206004140625 0.0271903277777778
0 0.23477151171875 0.37250752986111113 0.026000753124999998 0.009516620833333267
0 0.26612536093749994 0.36774922083333333 0.021412384374999982 0.013595163888888928
0 0.28677301875 0.36978849861111107 0.015294560937500035 0.01495468333333333
0 0.310861951171875 0.3677492208333333 0.03135384921875001 0.0217522638888889
0 0.338009798828125 0.3704682548611111 0.01529456015624997 0.016314195833333323
0 0.377775655859375 0.36842898055555556 0.009176736718749967 0.014954683333333385
0 0.36324582421874996 0.37250752986111113 0.009176737499999976 0.009516620833333267
8 0.394217309375 0.3167673520833333 0.008412009374999974 0.020392748611111122
0 0.40721768828125005 0.36910874027777774 0.008412009375000029 0.008157102777777758
0 0.397276222265625 0.3718277708333334 0.00688255234375007 0.008157102777777758
0 0.41792388046875 0.36706946319444445 0.006882553124999968 0.012235648611111094
0 0.42480643203125 0.3718277722222222 0.0084120078124999 0.010876136111111101
8 0.54448637109375 0.33240179444444445 0.015294559375000016 0.02175226666666663
8 0.573546037109375 0.3296827597222223 0.03517748828125 0.0217522638888889
8 0.6546072113281249 0.33308155347222224 0.032883307031250086 0.023111784722222195
0 0.51427961484375 0.36910873888888895 0.012235648437499913 0.0217522638888889
0 0.535309634375 0.36435043125 0.029824392187500104 0.058459209722222294
0 0.5207798007812501 0.38610269513888884 0.017588746875000005 0.04214501249999997
0 0.497455596484375 0.37046825625 0.04129531328124991 0.04078549861111108
4 0.832756601362862 0.42370628243185693 0.334486797274276 0.21708888513628627
0 0.69666725390625 0.2820996791666667 0.03441276250000003 0.10604228888888889
0 0.757463134375 0.2902567819444445 0.11012084062500005 0.18489424999999998
0 0.8767607097656249 0.33308155 0.24471297578124995 0.2678247555555556
0 0.6040509341187978 0.43299117105929397 0.13442368542509586 0.2174929560074768
0 0.476807939453125 0.40445616875 0.08870845390625004 0.10060422361111121
0 0.10820901953124999 0.5016616006944444 0.21641803906249998 0.35755284861111103
