0 0.47273178515625 0.4479769798611111 0.02321832031250004 0.0315647736111111
0 0.334104761328125 0.4514456229166666 0.019120967968749958 0.0315647736111111
0 0.48980407773437495 0.4465895048611111 0.024584103906249988 0.0315647736111111
2 0.70491497578125 0.44901756388888886 0.03141302031250004 0.143255511111111
2 0.53077758203125 0.44173338472222223 0.0081947 0.041277011111111095
2 0.5512643343750001 0.4478035326388889 0.016389401562500017 0.0631295458333333
2 0.563556385546875 0.44537547222222224 0.010926267968749959 0.0631295472222222
2 0.5697024109375 0.4295930881944445 0.009560482812500104 0.05098925138888888
2 0.5847260296875 0.4380912965277778 0.012292051562500017 0.0679856680555555
2 0.574482653515625 0.44537547222222224 0.013657835156249964 0.0631295472222222
2 0.6004325394531249 0.4356632354166667 0.008194700781250064 0.04370507361111109
2 0.604529889453125 0.4441614430555556 0.010926267968749959 0.06070148888888888
2 0.6181877253906249 0.4429474159722222 0.019120967968749958 0.07284178472222225
2 0.629796884375 0.4453754743055556 0.01775518593750003 0.08255402361111108
2 0.65642966171875 0.44901756388888886 0.019120968750000134 0.08498208055555556
0 0.60111543125 0.4368772659722222 0.03960772031250004 0.05098924861111109
0 0.666673037890625 0.43930532638888886 0.06965495703124991 0.07041372777777771
0 0.749985830078125 0.4259509972222222 0.03687615234374997 0.05341730833333336
1 0.7090123265624999 0.4113826409722222 0.07784965781249997 0.06798566527777777
7 0.50482769609375 0.4478035340277778 0.021852535937499917 0.07284178472222225
5 0.50482769609375 0.45994383055555554 0.021852535937499917 0.03884894999999994
8 0.46863443515625003 0.3786038388888889 0.012292051562499962 0.02670865555555557
8 0.48843829453125004 0.3810318979166667 0.016389401562500017 0.04127700972222226
8 0.675550630859375 0.3506811534722223 0.027315669531249975 0.04370507083333336
8 0.788910658984375 0.25598683055555554 0.07921544140625003 0.03399283333333336
8 0.6810137640625 0.2049975826388889 0.01912096874999991 0.04370507083333336
8 0.5300946890625 0.2936217541666667 0.009560482812499993 0.02670865555555557
8 0.529411799609375 0.32518652847222224 0.010926267968749848 0.02185253472222226
8 0.51711974765625 0.3239724986111111 0.0081947 0.019424474999999997
8 0.006316727734375 0.32518652847222224 0.010926266406250001 0.02185253472222226
9 0.0058899304687500004 0.35917936111111115 0.011779860937500001 0.04613313055555551
9 0.5157539640625 0.3555372722222222 0.0136578343749999 0.04370507222222225
9 0.528046015625 0.35709817777777775 0.013657835937499918 0.05584536944444435
9 0.682379548828125 0.2781862409722222 0.02458410234375008 0.10683461805555558
9 0.525314447265625 0.03659431875 0.027315667968749957 0.07041372638888889
8 0.547849875 0.18748088125 0.009560482812499882 0.021852534722222233
9 0.5458263451853971 0.22268774444444445 0.013607545566705626 0.04856119166666667
9 0.581994462109375 0.29483578541666666 0.01229205234374997 0.038848951388888886
9 0.664624362890625 0.3239724986111111 0.01638940234375008 0.07769790833333334
9 0.5519472265625001 0.33125667708333334 0.009560482812500104 0.038848951388888886
0 0.29899247894484665 0.4580557265876396 0.05656672961030662 0.0787778142863903
1 0.39815800681431 0.42642268412123796 0.11690800681431007 0.2340370849091425
0 0.02770146891037585 0.45751577222222223 0.0509641831332517 0.05341730833333336
