0 0.3314649671875 0.31179655347222224 0.009438556250000008 0.012203387499999996
0 0.32245543710937496 0.31103384097222225 0.012012708593749977 0.019830506944444437
0 0.313445904296875 0.3125592638888889 0.01973516484375004 0.03508473888888891
0 0.299288067578125 0.3140846854166667 0.02059321640625006 0.05338981805555554
0 0.27612069921875004 0.31789824722222226 0.04290253437499997 0.08237286666666671
0 0.22592473554687498 0.3377287527777778 0.09352752421874999 0.13728810833333333
0 0.055258459375 0.2812880847222222 0.11051691875 0.04881354999999998
0 0.357635515625 0.3117965541666667 0.010296609374999988 0.018305080555555575
0 0.366216021875 0.30950841805555557 0.00686440625000001 0.022881352777777808
0 0.37350945078125 0.31027113055555555 0.009438556249999952 0.02745761944444447
0 0.384235085546875 0.3125592638888889 0.017161013281250026 0.03508473888888891
0 0.3953897453125 0.31484739791666666 0.013728810937500002 0.05491524305555551
0 0.40654440390625 0.31408468958333335 0.01887711718750007 0.06864405416666669
0 0.41426685976562494 0.3171355361111111 0.024025417968749962 0.07474574722222227
0 0.446443762109375 0.3230492539643668 0.05405719453125002 0.08732508373793296
0 0.521094169140625 0.3529829847222222 0.11240463671875012 0.12508471944444444
0 0.14741309765625 0.3865423013888889 0.16989403593750002 0.1861016583333333
