8 0.28942243007812496 0.2432549333333333 0.022924549218750034 0.0280188888888889
8 0.44960772031249996 0.22287755833333334 0.02579011874999998 0.012735861111111108
8 0.437858893359375 0.24249078194444446 0.045275992968749956 0.03158493333333334
8 0.39415897109375 0.2317926576388889 0.019199301562499937 0.025471718055555537
8 0.373670151953125 0.28018893125 0.011462274218750013 0.020377376388888924
0 0.124384667578125 0.30074614583333337 0.016658277343750014 0.018699313888888847
0 0.327964339453125 0.30795310625 0.012895058593750008 0.02292454861111115
0 0.2935775171875 0.31304744930555556 0.030088470312500004 0.017830206944444482
0 0.3566200265625 0.3015851777777778 0.012895059374999962 0.02037737777777776
0 0.34085939921875 0.3054059347222222 0.01576062812500001 0.022924550000000044
0 0.40390190859375 0.28783044861111107 0.012895059375000018 0.015283033333333307
0 0.39258289999999996 0.29037761875 0.011462275000000022 0.015283034722222255
0 0.423745958203125 0.34323144097222225 0.06089333359375004 0.10061329583333328
0 0.393156026171875 0.3158493402777778 0.014327842968750004 0.02547172222222227
0 0.376679007421875 0.3183965125 0.018626196093749936 0.040754752777777736
0 0.355903634375 0.3285852020833333 0.03438682343749999 0.040754754166666685
0 0.2961959284357698 0.33622671666666665 0.05251870530903957 0.066226475
0 0.21674131465875213 0.35939316805555555 0.11368517306750425 0.14821978611111114
0 0.149542069140625 0.2979420569444444 0.03155299296875 0.024307491666666625
0 0.052779556640624996 0.29197782952157864 0.08834838046875 0.04977517570982393
