0 0.5373630929687501 0.4331248486111111 0.026367178125 0.10499996388888883
0 0.5827146390625 0.4162498548611111 0.04535154531249996 0.08249997083333327
0 0.60539041328125 0.4162498534722222 0.02320311875000014 0.10124996249999996
0 0.62121071953125 0.42843734861111105 0.0421874859375001 0.12187495833333334
0 0.6651876496093749 0.4184126097222223 0.07529761484374997 0.1644244305555556
0 0.715605219140625 0.43968734583333335 0.11707027109375012 0.20062493055555558
0 0.48304670585937504 0.4331248486111111 0.10968746171874999 0.14249994999999993
0 0.848495796484375 0.5007808706215692 0.2837108382812501 0.2996878059790839
0 0.35720534471358606 0.3986710271862578 0.09633147307282797 0.14643988770584898
2 0.977244865234375 0.4098525430555555 0.02437019609375002 0.09184856111111112
