8 0.6461769207031249 0.42703095 0.015820302343750092 0.018749988888888902
8 0.55652854375 0.4258590756944445 0.02109373437500006 0.021093737500000043
8 0.357456415234375 0.46687467222222223 0.013183585156249955 0.023437483333333398
8 0.27176311484375 0.45867155277777777 0.018457018750000054 0.025781233333333375
8 0.271103935546875 0.43406219375 0.022412094531250037 0.0187499874999999
8 0.28758341640624996 0.4528121819444444 0.015820301562499972 0.023437483333333342
8 0.43128448945312503 0.41999970347222226 0.0131835851562499 0.014062490277777784
8 0.602671091015625 0.41765595625 0.015820300781250074 0.01874998750000001
0 0.30801797265624997 0.5020308993055556 0.0250488109375 0.032812476388888845
0 0.789819669921875 0.686268868960581 0.41935463984375 0.44347589069893995
