4 0.43523956484375004 0.43968719375 0.031640603125 0.048749973611111164
0 0.38777866015625 0.44531219375000003 0.06328120625 0.05624996250000003
2 0.340317755078125 0.44765594236111117 0.010546867968749929 0.0515624652777778
0 0.314609765234375 0.45234343958333334 0.03559567890625004 0.04218747083333335
0 0.28099162421875 0.47109342638888885 0.05537105625000005 0.05624996111111108
2 0.21507370078125 0.46289030694444444 0.013183584374999974 0.05390621388888889
0 0.189365710546875 0.44296844583333334 0.017138660156250013 0.03281247777777774
0 0.131357937890625 0.45082701604320463 0.011865225781250016 0.025092134864187043
8 0.013364855078125 0.31453102638888886 0.02636716953125 0.05624996111111108
8 0.014683213281250001 0.3731247368055556 0.01845701875 0.04687496805555552
