8 0.694121826171875 0.3579530354166667 0.03376828984374991 0.01757049027777774
9 0.6529346421875 0.3639893513888889 0.007425234374999978 0.03478201111111112
9 0.40503231250000005 0.34913863333333334 0.009059787500000027 0.029342461111111162
0 0.6438811984375 0.5058380159722222 0.02717935625000001 0.03514098472222221
0 0.692062783984375 0.5380505861111111 0.05930041328125002 0.10835137222222224
0 0.40173784375 0.4846070020833333 0.03212105625 0.04539043749999999
0 0.38032380546875 0.48753541805555556 0.02388488906249997 0.03953360555555552
0 0.30249201484375 0.5519605583333334 0.13836763281250003 0.17716913611111113
0 0.759599365625 0.5437722834362578 0.123542528125 0.14376262479415103
0 0.845667326953125 0.545371625 0.04694616015625008 0.08199563333333326
0 0.597758653515625 0.5241406138888889 0.06506572890625006 0.08638825555555552
0 0.9138448363487542 0.5960422027836929 0.17085406792749147 0.2184777750118304
0 0.14136260507812498 0.5412449069515427 0.28272521015624996 0.18981519720802575
0 0.43674156015625 0.49412435416666667 0.026355740625000068 0.026355736111111083
8 0.357267075390625 0.35093082430555556 0.020470964843749995 0.015596926388888877
8 0.286106102734375 0.3855906590277778 0.01462211796874996 0.012130943055555565
9 0.64483538984375 0.36046227847222223 0.008773270312500081 0.03465983472222223
