0 0.051177411718749996 0.4020540805555555 0.10235482343749999 0.18369712222222223
0 0.09553116875 0.350930825 0.056538854687500015 0.07105266111111108
0 0.16084329453125001 0.35526330347222224 0.0565388546875 0.045057784722222216
0 0.2032474359375 0.3705035886451826 0.03216865937499999 0.056169017154079126
0 0.146708580859375 0.39598860902777777 0.10040520859375 0.10571249583333331
0 0.257836675390625 0.36739424513888885 0.01852134921875001 0.0346598319444445
0 0.284156487109375 0.3604622798611111 0.03216865859375001 0.05545573749999999
0 0.464008534375 0.4046535680555555 0.05069000781249999 0.07798462777777782
0 0.44987382109374996 0.3881901472222222 0.05166481562499997 0.07971761944444444
0 0.43086506796874996 0.37605920416666666 0.04094192968749999 0.06585368611111109
0 0.41283112304687497 0.3725932215277778 0.024370196093749963 0.03119385138888897
0 0.39382236992187497 0.36479475833333336 0.017546541406250005 0.01906290833333335
4 0.37335140507812503 0.35786279097222223 0.013647310156249981 0.0329268430555556
4 0.3255858203125 0.33466963256908955 0.05069000781249999 0.11397299597293203
0 0.30877039240310905 0.38819014583333333 0.05995069730621805 0.06931966666666661
0 0.49276536562499995 0.42589437819420783 0.08285866562500005 0.1022146507666099
2 0.7179704672061329 0.4211169888888889 0.030170065587734385 0.15596925555555552
8 0.59219576640625 0.20795900694444444 0.034118274999999976 0.024261883333333345
8 0.57074999375 0.2261554201388889 0.03801750625000011 0.025994876388888893
9 0.374326212890625 0.01473042986111111 0.025345003906250052 0.02946085972222222
9 0.399671216796875 0.015596925694444442 0.02339538828124993 0.027727868055555552
9 0.57416182109375 0.08924907361111112 0.013647309375000027 0.06412069444444445
9 0.5834224957031251 0.2781451715277778 0.01657173359374997 0.046790776388888844
9 0.731593288671875 0.2738126923611111 0.030219044531250017 0.04852376805555558
9 0.27440840859375004 0.28940961805555554 0.006823654687499958 0.024261883333333345
9 0.37091438515624997 0.2954750888888889 0.004874039062500002 0.015596924999999984
9 0.28074465937500004 0.29027611388888885 0.0058488468750000355 0.019062908333333295
9 0.37530102109374996 0.29460859305555553 0.0038992328124999864 0.017329916666666667
8 0.771073005859375 0.23395388333333333 0.029244235156250076 0.09011556944444443
8 0.41380593046874997 0.32926842777777776 0.006823654687500014 0.0138639333333333
