0 0.6804158765625 0.5692877819444444 0.10138001562499999 0.1542362638888889
0 0.7335429042968751 0.47830571597222227 0.02826942734374993 0.03465983472222223
4 0.38017505976562505 0.5221465076660988 0.11502732578125002 0.0732538330494037
8 0.280257255859375 0.43498092361111107 0.026319811718749975 0.017329916666666667
8 0.281232063671875 0.45577682430555555 0.01657173359374997 0.024261884722222238
8 0.218356957421875 0.43584741944444444 0.009748078906250013 0.015596924999999984
8 0.5717248015625 0.4523108402777778 0.012672501562499883 0.020795900000000034
8 0.600969037109375 0.43064844375 0.008773271093749924 0.0225288930555555
8 0.8324859 0.3318679152777778 0.04289154374999993 0.019062908333333295
8 0.807628300390625 0.38732365069444447 0.01852134921875004 0.0329268430555556
8 0.806653492578125 0.31713748611111114 0.008773271093749924 0.024261883333333345
0 0.55027902890625 0.5181645263888889 0.04386635312499998 0.06585368611111103
0 0.5361443148437499 0.5074957307495741 0.038992312499999904 0.05144806149914816
0 0.612179327734375 0.4817716993055555 0.03119385234374983 0.031193851388888916
0 0.6687181824218751 0.47830571597222227 0.023395388281249985 0.03465983472222223
0 0.7778966613281251 0.4843711868055555 0.027294621093750027 0.0329268402777777
0 0.764736755078125 0.46097579930555554 0.024370196093749907 0.041591801388888905
0 0.795930605859375 0.45491032847222224 0.014622116406249885 0.029460859722222232
0 0.779358873046875 0.4419128902777778 0.01657173359374997 0.02079589999999998
0 0.7301310765625 0.4384469069444445 0.01169769374999996 0.013863933333333356
0 0.7155089589843749 0.44711186458333335 0.015596925781250048 0.02772786527777782
0 0.691626166796875 0.45491032847222224 0.02242058046874995 0.029460859722222232
0 0.7481650214843749 0.43671391458333336 0.01852134921875004 0.03465983472222223
0 0.5897587468750001 0.5389604270833334 0.07798462812499996 0.10051352083333326
