9 0.579847258203125 0.5094437576388889 0.004290255468750059 0.02288135138888886
9 0.526648114453125 0.5086810458333334 0.006006352343750021 0.021355927777777783
9 0.603014626171875 0.5414776541666667 0.00600635390625015 0.013728813888888913
9 0.637765679296875 0.5384268048611112 0.005148305468750003 0.01372881250000002
9 0.6596459718750001 0.5231725722222222 0.007722457812500028 0.013728808333333342
0 0.203036230078125 0.6229175645833334 0.06692795234374999 0.04728812916666669
0 0.15584344218750001 0.6206294291666666 0.0360381296875 0.027457622222222255
0 0.05116125859375001 0.6328328173611111 0.02917372187500001 0.030508468055555515
0 0.487480030859375 0.5946972305555556 0.02488346953124998 0.04881354999999998
0 0.7135549546875 0.5885083673611111 0.03947033124999999 0.027457620833333363
0 0.45871389921875005 0.5953727701388889 0.04805083906250002 0.06864405138888885
0 0.5380835859374999 0.5946100624999999 0.02316736718750001 0.033559313888888886
0 0.579270019140625 0.59384735 0.023167367968749963 0.035084738888888856
0 0.63332721328125 0.5976609111111111 0.0729343093749999 0.10677964444444443
0 0.5625380300781251 0.58698294375 0.01716101328124997 0.03050846527777773
8 0.45982936171875 0.5522032861111111 0.009438557812500026 0.009152538888888895
0 0.59634522578125 0.5781354833333334 0.012012709375000097 0.02440677499999999
8 0.60803317578125 0.49749174513888894 0.03840374999999996 0.03925359861111111
8 0.21579974726562498 0.5857625979166666 0.0077224570312500185 0.024406770833333313
