8 0.9636447432031068 0.032470995579116105 0.07043467609378651 0.060781741158232205
8 0.9665387841101711 0.09091512231264243 0.05528603334215798 0.05114373315249292
8 0.4616012356736403 0.2884646640861467 0.01522802134728063 0.01529564483896001
8 0.44872190898437503 0.2766565888888889 0.010530632031249931 0.01664099722222223
8 0.44930694375 0.2984979034722222 0.011700701562499916 0.018721120833333327
8 0.41888511875 0.29017740000000003 0.00936056093750004 0.014560872222222299
8 0.5475928390625 0.2776966527777778 0.028081684375000027 0.04784287222222222
8 0.547475825 0.31201870902777773 0.01755105156250003 0.012480745833333307
9 0.33581013828125006 0.22257334722222222 0.009360560937499984 0.020801247222222236
9 0.383197980078125 0.25585534097222223 0.008190489843749926 0.02080124861111113
9 0.363306787109375 0.25065503055555555 0.005850352343749976 0.02288136944444441
2 0.212367735546875 0.35362120763888893 0.012870772656250001 0.05408324305555562
2 0.5475928390625 0.3380202715277778 0.011700701562499916 0.03952237361111105
2 0.6025861359375 0.33490007986111114 0.01638098437500002 0.06240374305555557
2 0.42941575117187497 0.32553952152777776 0.007020419531249988 0.03536212083333329
0 0.043877630859375 0.36818208055555557 0.05265315859375 0.10816648611111107
0 0.23693920820312503 0.3411404590277778 0.05031301796875001 0.05408324305555551
0 0.321769297265625 0.33281995625000005 0.02574154453125005 0.04160249305555558
0 0.120517227734375 0.35882151805555557 0.18253094609375 0.16016960833333338
0 0.29251754218750003 0.33281995833333333 0.046802807812500014 0.07488449166666672
0 0.40308917343750006 0.32865970763888885 0.04797287656249999 0.07072424027777774
1 0.33171489375 0.3151388986111111 0.03159189531249995 0.06032361666666669
