0 0.508569671484375 0.6343152722222223 0.022036086718750014 0.0391752666666666
0 0.48595368867187505 0.63328434375 0.030154642968750034 0.05360825694444449
0 0.45637894062499995 0.6497791902777779 0.0475515546875 0.07010310277777776
0 0.422165017578125 0.6837998173611111 0.04175258515625002 0.11340208194444445
0 0.58453617890625 0.6353461993055556 0.018556704687499925 0.04123712083333331
0 0.604832573828125 0.6487482652777778 0.02667526171875012 0.03505155277777783
0 0.6268686593749999 0.6487482652777777 0.026675262500000074 0.03917526111111114
0 0.555700795703125 0.6334021659722222 0.03711340546874997 0.04123712083333331
0 0.652543596875 0.6581444381944445 0.03363402656249992 0.04536083194444451
0 0.7082137078124999 0.6746392861111111 0.06610825625000005 0.07010310555555543
0 0.34055900859375 0.715876404861111 0.14961342656250004 0.16494848194444434
0 0.83971393828125 0.7038016652777778 0.12409796093750003 0.16288662500000006
0 0.1102035078125 0.8213274562499999 0.21920106718750001 0.34845366805555555
0 0.95685313125 0.7295748625 0.08234537343749992 0.17731961666666662
0 0.289517930078125 0.6351414680555556 0.12477540390625003 0.07451864444444445
