0 0.12341034560286376 0.6466087644212595 0.13469292803970223 0.0880893300248139
0 0.4682136453125 0.6410696229166666 0.049542120312500104 0.0606417208333333
0 0.533186918359375 0.6352942208333334 0.06416110703125 0.09529413333333336
0 0.7057721738281251 0.6605616048611112 0.15106285859375002 0.19491981805555547
0 0.628616412109375 0.6591177541666666 0.03898396328125009 0.10251338611111105
0 0.612373094140625 0.6518985013888889 0.024364977343749983 0.07941177777777775
0 0.59003853203125 0.6360161458333333 0.036547465625 0.06497327222222227
0 0.569734384375 0.6345722944444445 0.013806820312500023 0.0447593638888889
0 0.49542120390625 0.6345722958333333 0.016243318749999958 0.041871663888888855
8 0.556333646484375 0.537834311111111 0.024364977343749983 0.012994652777777671
9 0.52993825390625 0.5313369847222222 0.0056851609375000445 0.02598930833333335
9 0.5250652585937501 0.5349466111111112 0.0056851609375000445 0.018770055555555554
8 0.30496829765625 0.5883690791666667 0.010558156250000006 0.007219252777777685
8 0.309029127734375 0.5970321826388889 0.01055815703124996 0.007219251388888903
9 0.3025318 0.6129145368055555 0.010558156250000061 0.015882354166666723
0 0.34952697091303747 0.6441273748430958 0.03419665012406947 0.03349875930521107
