0 0.132161412890625 0.6070529576388889 0.26432282578125 0.4702648819444444
2 0.746601367578125 0.5042383916666666 0.17601406640624995 0.5793377277777778
2 0.319138634375 0.5212251472222222 0.02313327656249997 0.08761589166666672
2 0.23113160078125 0.532588261111111 0.02011589375000003 0.08888516944444447
2 0.86528513828125 0.44701985 0.02715645624999996 0.10370860555555556
2 0.9527892734375001 0.4407615729166666 0.0191100984375 0.07331125694444446
2 0.253259084375 0.5301655430555556 0.012069535937499987 0.07331125555555562
2 0.298016946875 0.5185430270833333 0.017098509375000015 0.08940397083333335
2 0.246218521875 0.5292715048611112 0.010057946875000001 0.06794701805555559
2 0.207495426953125 0.5355297805555556 0.00905215234374998 0.04827814444444445
2 0.4842198989527397 0.49364683882249905 0.027217741935483875 0.11113476931166466
2 0.84064316875 0.44523177291666666 0.01609271562500003 0.08582781250000004
7 0.90803141171875 0.431821175 0.028162250000000055 0.10549668611111118
3 0.9085343085937501 0.4613244875 0.039225990625000096 0.06794701666666669
2 0.624900212109375 0.45596024791666667 0.01709850859375006 0.07152317638888889
7 0.5947263722656251 0.4792052798611111 0.02916804609375001 0.08940397083333329
3 0.6002582425781251 0.49529799374999994 0.04023178671874994 0.07509933472222213
9 0.292485076171875 0.3996357472222222 0.020115892968749993 0.03039734999999999
9 0.0420422046875 0.17344370069444442 0.0221274828125 0.07867549305555557
9 0.014540020703124998 0.1761258201388889 0.020807349218749997 0.08403973194444447
9 0.24672141874999998 0.34062912708333337 0.017098509374999987 0.06258277916666671
9 0.27337497734375005 0.40052978680555557 0.012069535937499987 0.03218542916666667
8 0.8592503703125001 0.3430690083333333 0.0191100984375 0.08988844166666671
8 0.16223466640625 0.22619204583333333 0.0875041359375 0.041125825000000005
0 0.14260234312147418 0.4933829579696466 0.0642059553349876 0.06947890818858565
