2 0.901910683203125 0.3728295770833333 0.021061247656249837 0.09152541805555553
2 0.78899899609375 0.3728295784722222 0.016380968749999947 0.06448381805555559
2 0.69627100546875 0.40559151875 0.0181360734374999 0.10504622083333337
2 0.1537045609375 0.41963235 0.016380970312499993 0.047842833333333334
2 0.10397661640625 0.4076716430555556 0.01989117812500002 0.04472265000000003
2 0.633379783984375 0.4014312729166667 0.019891178906249918 0.1071263458333333
2 0.709726803515625 0.4014312715277778 0.016966002343749897 0.11336671249999997
2 0.795726898046875 0.39051062708333334 0.020476213281249933 0.10400616249999994
2 0.838434426953125 0.3889505347222222 0.04153746015624993 0.16120954999999998
2 0.886992303125 0.38427025625 0.026326560937500076 0.1331278847222222
2 0.9923945496093751 0.38531031944444444 0.01521090078124987 0.13104776388888884
0 0.5416250734375 0.4103042958333333 0.015210900000000027 0.04680276666666666
0 0.5659040124999999 0.4009437423611111 0.009945590625 0.01560092083333331
0 0.514771990625 0.4123844208333333 0.054408223437500014 0.09464560555555557
1 0.387234428125 0.37598226458333334 0.12461237968749994 0.18409090138888895
0 0.234481878515625 0.4279853444444444 0.13104776015625003 0.13208782222222226
0 0.45357735312499997 0.4274653131944444 0.09536064687500001 0.13104775972222227
0 0.576844142578125 0.40049954861111114 0.01872110859374998 0.03224191111111113
8 0.657951236328125 0.2724636368055556 0.011700692968750093 0.026001543055555576
8 0.7003662480468751 0.14609615208333332 0.03100683671875004 0.03952234027777779
8 0.7009512824218751 0.18041818402777776 0.03217690546875007 0.027041601388888864
8 0.7024138695312501 0.20537966180555556 0.03393200937499996 0.020801231944444415
8 0.88903992109375 0.16481725902777777 0.025741524999999932 0.020801229166666657
8 0.88289705703125 0.09565316527777779 0.009945587499999964 0.06760400555555557
8 0.80391738046875 0.10397365555555554 0.01462586718750003 0.06760399999999998
9 0.688373041015625 0.06393128680555556 0.01521090234375011 0.07696455972222221
9 0.6594138234375 0.06913159513888889 0.011115654687499976 0.07072419027777777
9 0.672869622265625 0.06445131458333334 0.019306144531250014 0.08216486249999999
10 0.105838101953125 0.30990585069444443 0.08541505859375001 0.2090523763888889
0 0.552059968359375 0.39930387430555553 0.012870763281250142 0.012480743055555577
0 0.075030693359375 0.4684412125000001 0.15006138671875 0.4484796194444446
9 0.896654608984375 0.26628027291666667 0.024495969531249995 0.04082661805555554
