8 0.0940989312108042 0.31968568749818255 0.01465570719602978 0.03970223325062039
8 0.129419191015625 0.3680173583333334 0.013407894531249992 0.028170122222222205
8 0.15695798053638846 0.3766850909722222 0.01196189517722307 0.03250398750000005
8 0.57309862265625 0.32034484305555555 0.018283493749999824 0.028170122222222205
8 0.574317521484375 0.34526456875 0.010970096093749993 0.013001595833333268
3 0.52556153984375 0.4269728395833333 0.01584569375 0.03773445972222217
7 0.5255686984375 0.3972709493055555 0.010530631249999978 0.039004784722222186
2 0.5785836695312501 0.4221906736111111 0.01218899531249995 0.05850717777777781
2 0.5536600354291665 0.3995956085736708 0.011166253101736912 0.04613549283661661
2 0.5969030326058287 0.3969655573571007 0.009822938649157176 0.051395595269756844
2 0.5810214687499999 0.3972709493055555 0.01218899531249995 0.039004784722222186
0 0.302502925 0.4113560090277778 0.020721292187500018 0.03250399027777773
4 0.3524778046875 0.4070221479166667 0.08166626874999999 0.16251993750000004
8 0.682190130078125 0.32684564097222224 0.00975119609375008 0.04117171805555553
0 0.4406017227740797 0.40653432273391454 0.026519851116625304 0.04218362282878413
0 0.4304823059006305 0.40219189097212793 0.01744727047146405 0.0334987593052109
4 0.40989452674430293 0.40901571231207834 0.015353598014888392 0.01985111662531014
