0 0.028458737666506327 0.6208704961598301 0.055210287833012656 0.10234502287521596
0 0.9514388921875001 0.5995572527777777 0.09560484375 0.18696058055555553
2 0.040461315234374996 0.5552405729166667 0.03277880390625 0.047356348611111154
2 0.810763194140625 0.5874169555555555 0.027315669531250197 0.12383103611111113
2 0.773204149609375 0.5789187486111111 0.017755186718749982 0.10197849999999997
2 0.5437525249999999 0.5643503909722223 0.015023618750000023 0.05827342916666678
2 0.5662879523437501 0.5667784499999999 0.01365783437500001 0.06798566666666661
2 0.5972701219707479 0.5583696471196455 0.009056401371004164 0.0511680609059576
2 0.609310131640625 0.5509960625000001 0.009560483593749947 0.055845369444444404
2 0.6857940062500001 0.5886309854166667 0.023218318750000022 0.10197849861111108
2 0.754083179296875 0.5862029256944444 0.02048675078124995 0.1068346180555555
0 0.10001151274404976 0.5383248233362157 0.1382213629880995 0.0887763188946536
0 0.19257544228518653 0.5473100537297917 0.046610873632873084 0.04847335190402757
0 0.2689098907149322 0.5330083474539438 0.09633031424236438 0.12670455601899855
0 0.71584124296875 0.5679924812499999 0.05599712343749996 0.06555760972222224
0 0.8660774249999998 0.57163456875 0.055997121875000055 0.05341730972222225
0 0.409222852734375 0.5437118826388889 0.02185253515625002 0.03642089027777773
0 0.4581000329625283 0.5453956823846717 0.022434585637443327 0.034932367547121035
0 0.523265773828125 0.5497820333333334 0.017755185156250075 0.03399283333333336
9 0.09236108632812501 0.31981012430555555 0.01092626796875 0.05827342916666667
9 0.504144804296875 0.2785331125 0.015023617968749958 0.06798566666666667
9 0.4394408328125 0.4783277236111111 0.004097350000000055 0.02428059444444447
9 0.4892919296875 0.48682593194444446 0.002731567187500006 0.0218525361111111
9 0.679818724609375 0.4783277236111111 0.01502361796875007 0.02428059444444447
9 0.10267561015625001 0.3233365923611111 0.012292050000000013 0.055845368055555566
9 0.51992246328125 0.27841749236111113 0.013657835937500029 0.058273429166666696
9 0.492606792578125 0.2820595805555556 0.008194700781249953 0.05098925000000004
9 0.095163802734375 0.44676295 0.01092626953124999 0.03399283333333336
8 0.314372048828125 0.45647518749999993 0.012292050781250008 0.029136713888888888
8 0.6755506296875 0.43271489305555555 0.0163894 0.012140299999999993
8 0.41758829804687503 0.47954175347222217 0.017755186718749982 0.007284179166666627
9 0.383443710546875 0.47711369375 0.006828917968749959 0.01942447638888889
8 0.5540108342090388 0.2908647293484158 0.01744356373057787 0.040272189252387125
0 0.49055811875 0.5815202520833334 0.06419182499999998 0.08498208194444445
8 0.891319656640625 0.4186810645833333 0.011154660156249996 0.04271185694444446
8 0.8921777078125 0.4598674979166667 0.007722456250000009 0.03966100972222225
8 0.81581119609375 0.4896132541666667 0.02659957187499995 0.04118643333333333
0 0.5459542562499999 0.55444375 0.037754229687500085 0.07627116944444445
10 0.356325055078125 0.5407149395833334 0.06521185234375004 0.05491524305555551
0 0.4786367724018712 0.5392886651656763 0.02303039702233245 0.024813895781637618
