9 0.9851199515625 0.30710880069444446 0.027591806250000017 0.04265400138888886
9 0.8279666195312501 0.13009469930555556 0.017994656250000074 0.05971560138888887
9 0.805773210546875 0.1791468 0.011996436718749948 0.042654
9 0.7829799816406251 0.17808044930555555 0.011996436718750059 0.05331750138888891
9 0.687608301953125 0.3188386520833333 0.010796794531250042 0.036255901388888845
9 0.43088453828125006 0.29217990208333333 0.005998218750000006 0.0383885986111111
9 0.41109041640625 0.3028434 0.007197862499999985 0.034123199999999965
9 0.307921053125 0.30177705069444444 0.009597149999999943 0.01919430138888889
9 0.41888810078124994 0.28898085208333335 0.008397506249999964 0.03199049861111114
9 0.552648379296875 0.32630310208333335 0.00719786328125005 0.029857801388888883
8 0.697805273046875 0.34976280069444443 0.014395725781249924 0.021326998611111092
8 0.9569283246093749 0.09383880138888889 0.031190736718750056 0.0682464
8 0.96892476171875 0.14928900069444445 0.019194299999999997 0.02132699861111112
8 0.9785219113281249 0.17594774861111112 0.03359002578124992 0.014928899999999995
8 0.950330283984375 0.2058055486111111 0.01799465546875012 0.027725100000000003
8 0.959327611328125 0.2729856027777778 0.03359002578124992 0.06824639999999996
8 0.9623267203125 0.34229835138888887 0.027591806250000017 0.04052130000000004
8 0.397294512890625 0.31457325208333337 0.039588244531250094 0.01919430138888889
0 0.5244567519531249 0.44466795138888887 0.010796794531250042 0.014928900000000023
0 0.489067260546875 0.4436016013888889 0.007197863281249994 0.01706160000000001
0 0.48066975390625 0.4489333506944444 0.009597149999999999 0.019194301388888835
0 0.5034629855468751 0.44680065069444447 0.01919430078124995 0.03199049861111114
4 0.543051228125 0.4340044513888889 0.009597149999999943 0.019194299999999997
0 0.54245140859375 0.447867 0.013196081250000047 0.01706160000000001
0 0.599434485546875 0.4499997006944445 0.10796793828125006 0.2132700013888889
0 0.312119806640625 0.4947864034722222 0.30111058203124996 0.3753552013888889
0 0.6936065203124999 0.44040255138888884 0.010796793750000089 0.04052130000000004
0 0.7769817632812499 0.4499997 0.019194299999999997 0.055450200000000005
0 0.72839618984375 0.4606632013888889 0.03239038124999993 0.10236959999999995
1 0.9730931563670724 0.3924733019376769 0.05164539820335523 0.13234040387535373
