8 0.53705301171875 0.15853069027777777 0.02879144999999994 0.05545020277777779
8 0.5609511262684127 0.24710695350670348 0.016605494724325487 0.023598126457851393
8 0.465074385546875 0.34727464166666666 0.016795013281249993 0.027725100000000058
8 0.26593352265625 0.3270139888888889 0.019194301562500016 0.012796200000000035
8 0.249138508984375 0.3344784402777778 0.009597149218750017 0.03199050000000003
8 0.199953116015625 0.34834099097222226 0.01679501328125002 0.025592401388888908
9 0.5106608484374999 0.38886229027777774 0.009597151562500073 0.01706160000000001
9 0.48366886328125 0.4016584895833334 0.005998218750000062 0.017061598611111173
8 0.457116415891491 0.3807191777753909 0.008076936470482077 0.01628622500477378
2 0.46147545390625 0.42511819097222225 0.007197862499999985 0.0639810013888889
2 0.49446565664062503 0.42618453958333335 0.01079679296875008 0.06184829861111102
0 0.445280263671875 0.42831723958333334 0.03478966796874999 0.049052098611111095
0 0.4212873890625 0.4347153388888889 0.03718895625000007 0.04905209999999993
0 0.527455862109375 0.4304499416666666 0.0335900242187499 0.03625590000000006
0 0.55804677578125 0.42725088958333335 0.02279323124999999 0.0341232013888888
0 0.581439828125 0.42938358888888883 0.03359002499999997 0.0469194
0 0.6060325265625 0.4336489916666667 0.01799465781249998 0.034123199999999965
0 0.6162294988281249 0.43364899166666665 0.014395725781250035 0.038388599999999995
0 0.625826648046875 0.4325826416666667 0.01919430078124995 0.03199049999999998
0 0.643221483203125 0.4379143916666667 0.037188957031250025 0.03838860277777778
0 0.69240687578125 0.43044993958333333 0.05158468124999993 0.06184829861111113
2 0.733194763671875 0.4347153416666667 0.010796792968750024 0.03625589999999995
0 0.769212509765625 0.4343993833333333 0.07083584921875008 0.06448386944444445
4 0.3515182381995127 0.38804044990610187 0.09636062512645172 0.21442848618407506
9 0.427885429296875 0.30035524027777777 0.0071978617187500316 0.027725102777777733
9 0.421887209765625 0.3003552402777778 0.0071978617187500316 0.03199050277777776
0 0.253937084375 0.4954972916666667 0.20633872499999997 0.24312780000000012
3 0.023199357812499998 0.5018953909722222 0.046398715624999996 0.17488139861111113
3 0.045992588671875 0.49443094097222223 0.09198517734375 0.15142170138888889
3 0.082008346484375 0.4817002076388889 0.10392872421874999 0.1299637652777778
3 0.103981614453125 0.4784356916666667 0.10316936328125001 0.12369660000000005
3 0.147168790625 0.44217979027777776 0.04078788749999998 0.046919399999999944
8 0.5140760506985506 0.3537673522056686 0.014763184540398822 0.009813241600348854
8 0.5270461019740331 0.33032884908029225 0.013576205510566042 0.010895120382806711
