8 0.39261334804687503 0.4429768763888889 0.013917528906249976 0.02061855833333337
8 0.39435303789062504 0.46050265347222225 0.01043814609374999 0.014432993055555565
8 0.36593808515625 0.4666882208333333 0.009278351562500009 0.014432991666666617
0 0.26327323945312503 0.49587637083333336 0.02783505703125 0.03298969722222228
0 0.221520655078125 0.5154640013888889 0.018556703906250027 0.0432989777777778
0 0.20702323046874999 0.5195877138888889 0.022036087499999996 0.05567011111111114
0 0.353157274609375 0.4907217298611111 0.005798969531250031 0.01855670416666666
0 0.357216553125 0.49175265833333337 0.009278351562500009 0.03298969722222217
0 0.36939438984375 0.49587637013888886 0.015077321874999994 0.04536083194444446
0 0.38969078671875 0.4969072986111111 0.04407217187500001 0.05154639999999999
0 0.3986664635443278 0.49901642345626473 0.04114723490115563 0.04320443919858158
0 0.42680419375 0.5257732826388889 0.04175258281250005 0.10515465694444442
0 0.18614693828125 0.5175258569444444 0.031314437500000014 0.06391753611111123
0 0.15889177890625 0.5247423541666667 0.048711348437499996 0.07422681666666664
0 0.5056701859375 0.5326461256944444 0.15077322031250007 0.2350515875
0 0.245319508984375 0.5089562708333333 0.025515469531249946 0.041237119444444414
0 0.29577054804687497 0.49246142083333333 0.03363402578125002 0.037113408333333375
0 0.11368288984375 0.5409150375 0.0916237265625 0.09278351944444446
1 0.33346385390625 0.48318306944444445 0.02551547031250001 0.05154639999999994
0 0.024077262890625 0.5615335979166667 0.04815452578125 0.12164950416666653
0 0.75330928359375 0.6161727819444445 0.48943307187499985 0.5773196833333333
8 0.4325224568328779 0.38717378702741845 0.013040878095463615 0.06026862405483696
0 0.263232539334359 0.5061792682979966 0.012557882610446491 0.03005305240106848
