8 0.5582181148180121 0.2544013592689952 0.02363984526102425 0.016657732426879318
8 0.552898380859375 0.29909363749999995 0.00841200859375002 0.01631419444444443
8 0.536839092578125 0.3147280763888889 0.006882553906249922 0.017673708333333316
8 0.454630826171875 0.29297581250000004 0.007647280468750073 0.017673713888888887
9 0.5322507238281249 0.25422958958333336 0.011470919531250012 0.027190329166666666
9 0.526132899609375 0.2943353298611111 0.00841200859375002 0.025830812499999967
0 0.151416153125 0.38066463055555555 0.0940615484375 0.13595165277777777
0 0.055442784375 0.36842898125 0.110120840625 0.16858005138888893
0 0.32003868984374995 0.3609516402777778 0.0535309671875 0.09652567222222225
0 0.46457229062500005 0.35007550833333334 0.04129531406250003 0.0475830805555556
0 0.540280366796875 0.34939574930555556 0.018353471093750073 0.04622356250000004
0 0.586164051171875 0.3507552652777778 0.04435422734375005 0.06525679444444449
0 0.620576812890625 0.3684289798611111 0.03823640234374992 0.07885195972222225
0 0.66531340546875 0.37590632430555554 0.08641427343750008 0.10740181250000003
0 0.68787288203125 0.4024168958333333 0.0902379109375 0.11963745555555555
0 0.2378304234375 0.3861026979166666 0.13076849687500003 0.15226585694444444
0 0.398040950390625 0.38950148611111113 0.11776811953124999 0.14818730000000002
0 0.515472493779016 0.35195337333549453 0.0389095546294681 0.056823680755579864
0 0.773904785546875 0.43096674027777776 0.17971108984374995 0.17401811666666667
2 0.916908934375 0.36231115625 0.02829494062499993 0.13187310416666664
2 0.8901434492187501 0.3684289805555555 0.026765478125000075 0.14410875277777774
9 0.9302916722656249 0.25966765833333333 0.01529456015624997 0.02719033055555556
