0 0.037863591796875 0.6394739881944445 0.07572718359375 0.11966764583333334
0 0.27135573828125004 0.5852495868055556 0.03155299218750002 0.018698070833333413
0 0.257156892578125 0.5964684277777778 0.03891535859374998 0.03365652500000005
0 0.5090549519531249 0.5815099722222221 0.008414132031249966 0.011218841666666646
0 0.520624382421875 0.5805750694444445 0.012621199218750045 0.02430749166666668
0 0.539030294921875 0.5833797791666666 0.03050122578124992 0.044875366666666694
0 0.474346659765625 0.5833797791666666 0.010517664843750052 0.011218841666666646
0 0.46698429531249996 0.5815099722222221 0.010517664062499932 0.011218841666666646
0 0.44647484843749996 0.5833797791666666 0.009465898437500009 0.007479227777777764
0 0.437008951953125 0.5852495854166666 0.011569432031249938 0.011218840277777753
0 0.41807715624999997 0.580575067361111 0.01577649843750001 0.035526331944444434
0 0.40598184140624993 0.5824448770833333 0.01682826249999997 0.028047106944444455
0 0.39546417695312497 0.5889892 0.023138860156250052 0.03365652222222226
0 0.37968768007812503 0.5919691941375054 0.01893179609375001 0.03891537839165582
0 0.324469942578125 0.5824448770833333 0.015776496093750036 0.020567876388888906
0 0.35128998671875 0.5917939104166666 0.04207065625000006 0.05796401805555562
0 0.500114937109375 0.5833797791666666 0.011569430468749975 0.011218841666666646
0 0.48328667421875005 0.5805750694444445 0.013672964062499904 0.020567877777777688
0 0.4564666296875 0.5815099729166666 0.012621196875000074 0.022437684722222184
0 0.5479703082031249 0.5899241034722222 0.03576005859374998 0.05422440416666674
0 0.299753433203125 0.6075411142032299 0.05889891953124998 0.06012613270465128
0 0.1610955578125 0.6101803486111111 0.1609202625 0.19072031388888888
9 0.443214366796875 0.5356997013888889 0.008414132031250021 0.01308864722222225
9 0.49040100073933635 0.5385044097222222 0.005422063509971153 0.011218841666666646
9 0.462251345703125 0.5553326756944444 0.00946589765625 0.014958456944444531
8 0.5473326675940331 0.5338298944444444 0.007229418013294797 0.0205678777777778
8 0.5808940310596431 0.49684958837605375 0.0056726738182139025 0.01765992675210759
9 0.506951419140625 0.09816486666666667 0.03576005859375003 0.1103186111111111
9 0.53711433359375 0.09895844861111111 0.024565770312499957 0.138083075
9 0.66313873359375 0.49175923958333334 0.015776496874999935 0.022437684722222295
9 0.6478881203125 0.4945639506944444 0.014724729687500049 0.028047106944444455
8 0.856663756640625 0.4693215534722222 0.022087094531250018 0.018698070833333413
0 0.9522693499999999 0.5899241055555555 0.09255544374999991 0.08414131666666669
0 0.632111623828125 0.5749656472222222 0.04417418984374999 0.043005558333333305
0 0.6431551714843751 0.5787052604166667 0.024190627343750104 0.03552632916666665
0 0.6736563980468749 0.5759005541666666 0.05364008828125 0.05235459722222224
0 0.7230894199218749 0.5833797791666666 0.09991781171874992 0.05609420833333334
0 0.862974355078125 0.6048825597222222 0.12516020546875017 0.09162054166666667
8 0.972840793359375 0.06715930555555555 0.05221278515625005 0.08631861388888888
