0 0.472420637890625 0.46813290787019735 0.05855800234374986 0.09491773703738332
0 0.388144594140625 0.4593198215277777 0.022948407031250007 0.0450175625
0 0.369152810546875 0.4486281659722222 0.008704567968750021 0.015474790277777817
0 0.3604482421875 0.44300096875000006 0.007121918750000011 0.015474790277777817
0 0.35134801210937505 0.44440776805555554 0.007913242968750012 0.021101983333333352
0 0.34066513203125 0.44581456875 0.011869864062500013 0.023915584722222216
8 0.40662767109375003 0.42274305208333335 0.00791324375000002 0.018288384722222273
8 0.27419388749999996 0.3959133847222222 0.010287217187499975 0.014067986111111153
0 0.329190928125 0.4459552305555555 0.012661187500000004 0.021302955555555503
9 0.41623660859375 0.43389695277777773 0.009495892187500077 0.022508777777777766
9 0.393344735546875 0.42636053749999997 0.011869864843749967 0.01828838333333338
9 0.366609271484375 0.4227430541666667 0.007913242968749956 0.012661188888888841
9 0.27300690078125 0.36623662777777777 0.01424383906249993 0.01688158333333334
0 0.30940782109375 0.4454862972222222 0.025322379687500007 0.02813597777777782
0 0.23440785156250002 0.44746460833333335 0.03323562343750003 0.029542772222222125
