0 0.851132514453125 0.5699998006944444 0.05484373046875002 0.09374996805555558
0 0.9105509488281249 0.5615623034722222 0.13921870078124987 0.09937496527777778
0 0.037968736328124995 0.6984372555555556 0.07382809765625 0.11812495833333336
0 0.109687461328125 0.6796872618055556 0.06960935078125 0.0918749680555555
0 0.17613275078125 0.6496872722222222 0.044296859375000025 0.06187497777777784
0 0.219902266796875 0.642187275 0.03902342421874999 0.06562497777777776
0 0.249960850390625 0.6318747791666667 0.03796873671874998 0.056249980555555634
0 0.32853504140625 0.6206247833333334 0.05378904374999993 0.0637499777777778
9 0.09544918554687501 0.5793747972222222 0.015820307031250022 0.022499991666666608
9 0.4595897020182008 0.4073006828841062 0.010681142999169169 0.060851629657101336
9 0.47091780351562496 0.40593735763888894 0.011601557031250043 0.06937497638888884
8 0.428202975390625 0.5943747916666666 0.01054687109374991 0.02249999166666672
8 0.467226398828125 0.5521873069444444 0.00632812265624999 0.016874994444444402
0 0.434003754296875 0.6149997847222222 0.02003905546875001 0.02249999166666672
0 0.44718734335937493 0.6121872861111111 0.01687499453125002 0.031874988888888844
0 0.539999811328125 0.6065622875 0.033749988281249976 0.06562497777777776
0 0.581433074157055 0.6039990536575526 0.06810090612661013 0.094248496203994
9 0.60908181796875 0.5278123152777778 0.01792968125000005 0.031874988888888844
0 0.7024216289062499 0.5999997902777778 0.19617180625000008 0.29249989722222225
0 0.293730365625 0.6206247833333334 0.01792968125000005 0.0637499777777778
0 0.503613105078125 0.5981247902777778 0.03691404921875002 0.056249980555555634
0 0.5252341910156251 0.6140622854166666 0.033749988281249976 0.05812497916666659
0 0.47777327031249994 0.6018747895833334 0.014765620312500005 0.04499998472222233
0 0.941308264453125 0.8953121868055556 0.11496089765624995 0.20437492916666666
0 0.38496080234374996 0.6056247881944445 0.0316406125 0.037499987500000054
9 0.977694970703125 0.049687481944444445 0.042187486718749945 0.09562496388888889
2 0.98507778046875 0.5568748048611112 0.02742186562499993 0.28124990138888883
