9 0.163381826953125 0.22997650833333333 0.008194700781250008 0.059670091666666675
9 0.38054139960937505 0.3191163798611111 0.008194700781250008 0.03884895138888894
9 0.140846398828125 0.43202114444444445 0.017755185156249964 0.026708652777777786
9 0.4536108171875 0.43930532499999997 0.012292051562499906 0.01699641666666668
9 0.150406884375 0.43323517638888887 0.015023618749999995 0.02428059444444447
9 0.44883057421875 0.43566323611111113 0.013657835937500029 0.02428059444444447
9 0.558776144140625 0.40288443402777774 0.023218319531250087 0.036420895833333355
9 0.39146766796875 0.3191163791666667 0.013657835937499974 0.04370507222222225
9 0.179771228515625 0.23049220902777778 0.02185253515624999 0.05584537083333338
9 0.3067890921875 0.42837905694444445 0.010926267187500005 0.019424477777777727
9 0.34571392109375 0.43566323402777773 0.009560484375000011 0.01942447361111116
8 0.155187126171875 0.39681428541666663 0.02731566953125003 0.014568356944444416
8 0.442684547265625 0.39924234375 0.023218317968750013 0.014568356944444472
8 0.54033806640625 0.3361127958333333 0.03824193906250006 0.02428059444444447
8 0.5478498761718751 0.3688915986111111 0.02048675234375008 0.02670865277777773
8 0.564239276171875 0.285358865856529 0.03687615234374997 0.017892084746976122
8 0.5469715225524003 0.2600649433201772 0.010535346667300716 0.020980493915201043
8 0.39018875896096417 0.4332351756944445 0.008020949265571564 0.04370507083333336
0 0.342299462109375 0.4745121888888889 0.008194700781249953 0.024280597222222255
0 0.32386138515624996 0.47208412847222225 0.009560482812500048 0.019424476388888945
0 0.31293511796874995 0.4684420395833333 0.012292051562499962 0.012140298611111155
0 0.310886443359375 0.4769402472222223 0.010926267968750014 0.014568358333333309
0 0.308154876171875 0.48422442569444446 0.016389400781250008 0.01942447361111105
0 0.35117705546875 0.4878665152777778 0.015023617187500005 0.0218525361111111
0 0.24806040351562503 0.5012208416666667 0.02185253515624999 0.048561188888888884
0 0.612724590234375 0.5922730756944444 0.24857259140625 0.3035074374999999
0 0.3327972221740048 0.48629981160732316 0.013541344714490422 0.023575245436868453
0 0.36537879798114614 0.4997425167576284 0.021574566274792206 0.03103618073747899
0 0.29640511097644295 0.49280409596298047 0.0180363999221142 0.022015458592627546
0 0.222110516796875 0.5085050215277778 0.049168205468750004 0.05341730972222214
0 0.83739597265625 0.6930449638698564 0.320959115625 0.6070000417047318
2 0.5335091484375 0.4805823381944444 0.008194701562499906 0.036420895833333355
9 0.2637669125 0.46479995 0.012292051562500017 0.019424477777777782
9 0.277424748828125 0.4696560701388889 0.009560483593750058 0.01942447638888889
