9 0.43985381953125 0.3321091395833333 0.009228509375000027 0.039843723611111104
9 0.7246192488281251 0.3449997569444444 0.011865225781250044 0.042187472222222244
9 0.830747105859375 0.48562465972222224 0.015820300781249963 0.018749988888888847
9 0.830087926171875 0.4657027979166667 0.011865225781249933 0.021093734722222257
9 0.736484475390625 0.34382788124999997 0.01186522734374984 0.039843720833333374
9 0.142563985546875 0.3496872534722222 0.018457019531250007 0.04218747083333335
9 0.1353130125 0.17624987152777777 0.02241209375 0.0937499347222222
8 0.13069875859375 0.27468730555555554 0.04482418749999999 0.03281247777777779
8 0.43787628164062503 0.37546848680555556 0.026367169531249957 0.04218747083333335
8 0.43655792265624993 0.4040849160386978 0.021093735937500024 0.01307959292260441
8 0.8208594171875 0.45046843402777775 0.0250488109375 0.01874998750000001
8 0.8206085165657454 0.41531220625 0.024547009693990818 0.032812479166666686
8 0.831406284375 0.39304659652777774 0.019775378125000076 0.016406237499999976
8 0.8221777765625 0.3637497430555556 0.0250488109375 0.03749997500000002
8 0.7739753354430735 0.3707809875 0.013018872448647079 0.03749997222222229
9 0.3791341686055026 0.3676647742432524 0.011095888181366864 0.03126754570872703
0 0.13992726796875 0.4563278048611111 0.026367168750000003 0.01640623750000003
0 0.20057175781250003 0.45632780347222224 0.0474609046875 0.030468726388888923
8 0.21639447527878775 0.3520310013888889 0.00986301171677062 0.056249961111111135
0 0.2453959453125 0.45867155277777777 0.042187470312499975 0.025781233333333375
0 0.3126322265625 0.47273404236111105 0.10810539374999995 0.053906212499999995
0 0.36800328320312503 0.48679653333333334 0.01318358515625001 0.025781233333333264
0 0.36141149140625 0.5137496395833333 0.09228509375000005 0.08437494027777775
0 0.51565943203125 0.5032027729166667 0.023730453125000106 0.03515622361111115
0 0.5420266015624999 0.4867965326388889 0.023730453125000106 0.01640623749999992
0 0.5360939875 0.5371871222222222 0.04350582968749994 0.08437494166666665
0 0.7674658988281249 0.5723433486111111 0.05273433984374998 0.13593740555555556
2 0.805039115234375 0.5500777402777778 0.01450194296875007 0.07734369722222212
0 0.449741507421875 0.5535933625 0.12919913046875003 0.21562485277777782
0 0.6402443062500001 0.6110151979166667 0.23071273125000002 0.3820309875
0 0.920395481640625 0.6297651840277778 0.15820301640625 0.2554685736111112
0 0.96719720703125 0.8442181618055555 0.06459956562500002 0.30937478472222224
