0 0.540526971484375 0.3873044222222222 0.009228510156250036 0.01874998888888879
0 0.53459436015625 0.38964816597222224 0.013183585937499909 0.02812498194444446
0 0.5214107750000001 0.38964816597222224 0.010546868749999994 0.02812498194444446
0 0.49702114453125 0.39316379444444444 0.04350582968749994 0.03984372777777778
0 0.469335615234375 0.40957002986111113 0.02768552734375007 0.04453122083333333
0 0.44956023828124997 0.4166012777777778 0.029003887500000047 0.044531219444444436
0 0.423852246875 0.42128877499999995 0.03032224687499996 0.05390621388888889
0 0.396825900390625 0.43886688611111113 0.03691403671875004 0.08437494166666665
0 0.5797481359375001 0.3955075416666667 0.01713865937499992 0.03046872777777776
0 0.589635825390625 0.3931637923611111 0.010546867968749929 0.030468729166666597
0 0.60150105 0.39550754097222224 0.01582030000000012 0.03515622638888882
0 0.6239131453125 0.38964816944444447 0.02900388593750003 0.03749997499999996
0 0.663463898046875 0.39082004375 0.050097619531249915 0.039843723611111104
0 0.6885127105468749 0.38964816944444447 0.03955075390624996 0.03749997499999996
0 0.56392783359375 0.3896481701388889 0.009228507812500064 0.02343748472222218
0 0.343761972265625 0.4576168715277778 0.08437494140625001 0.107812426388889
0 0.737042621875 0.6480679604166667 0.4225359890625 0.48637085138888897
8 0.25707990117187496 0.29648416527777777 0.026367169531250012 0.025781233333333375
8 0.24167423108835562 0.27071435353319134 0.020230682150628954 0.01638339015583956
8 0.25550177901784427 0.32581899481301124 0.03903122678568849 0.02269188537397754
8 0.7690738355468749 0.2416490411469065 0.043505830468750006 0.02039406822833989
8 0.770392194921875 0.27505560416666663 0.030322244531249987 0.030468727777777815
8 0.70918269140625 0.31768925433079415 0.013371917187499971 0.03136108088381051
9 0.12326651640625 0.021428544444444444 0.054052696874999986 0.037499975
9 0.239282061328125 0.35959796527777776 0.022412094531249982 0.03749997222222218
9 0.650986587109375 0.13041284583333335 0.01977537734375001 0.06328120555555557
9 0.6310228671875 0.1275668715277778 0.01713865937500003 0.07968744305555556
9 0.781786572265625 0.31155112222222225 0.007910150781250014 0.030468727777777815
9 0.50624965078125 0.34084797708333336 0.010546865624999957 0.028124981944444405
9 0.562939066796875 0.33733235347222223 0.010546867968749929 0.025781231944444427
9 0.763060820703125 0.3366755201388889 0.014248022656250026 0.04010554861111115
0 0.0232097234375 0.5226485847222222 0.046419446875 0.11426325277777777
