9 0.457938298828125 0.3999933576388889 0.009052152343749953 0.023245031944444494
9 0.56656412265625 0.3910529604166667 0.005028973437499973 0.016092715277777836
9 0.6384784414062501 0.4303907069444445 0.012069535937499931 0.016092713888888888
0 0.5122512105468751 0.4643642159722222 0.023133277343749925 0.04827814305555561
0 0.55147720234375 0.46436421527777777 0.029168045312500057 0.033973508333333347
0 0.5881887078125 0.4683970471330641 0.038220196875 0.05276764704390602
0 0.485094755078125 0.48573184102096817 0.05934188671874996 0.07670875981971415
0 0.4317876375 0.4831390493055555 0.043249170312500085 0.05006622361111107
0 0.322156019140625 0.5045960027777778 0.10359685078125003 0.10013244722222231
0 0.071713147265625 0.5314171937500001 0.14181704765624997 0.09298012916666665
0 0.03349295 0.7683377138888889 0.065376653125 0.25927151111111113
4 0.28343292421875 0.4589999777777778 0.16696191406250002 0.1376821138888889
0 0.757162211328125 0.4640888145841705 0.06235926953125004 0.03452430694277003
8 0.750624546484375 0.41519203194444443 0.01307533046874998 0.017880794444444514
9 0.633449467578125 0.41072183333333334 0.008046357031250007 0.012516555555555586
