8 0.2369546142551049 0.2545244266883725 0.021293155864790275 0.05659963273436611
9 0.36214111484375 0.1892426923611111 0.004874039062499946 0.03119385138888886
9 0.4518234359375 0.16931328541666668 0.00877327031249997 0.029460859722222205
9 0.45913449570312503 0.16931328541666668 0.0038992304687500146 0.029460859722222205
9 0.44207535859375 0.16998256320523147 0.008773271874999988 0.02733342641046302
9 0.36798996210937496 0.1918421777777778 0.006823655468750023 0.02946085833333334
9 0.35465171773975424 0.19357516944444444 0.00425590670799153 0.02946085833333334
9 0.16571733359375002 0.27495952704286597 0.015596925000000011 0.026127382025379176
9 0.5458292843411168 0.2639583762277938 0.017672757880266565 0.021189983011143054
9 0.309988894921875 0.2897562111111111 0.015596925781250048 0.013863936111111141
8 0.30858655403502516 0.24956088754726194 0.012792244007550413 0.006258941761190517
0 0.36555294140625 0.3131515986111111 0.009748076562499985 0.01559692500000004
0 0.35190563203125 0.33394750138888885 0.025345003124999987 0.05025676111111105
0 0.32558581992187496 0.34087946874999997 0.031193850781249977 0.032926843055555544
0 0.287080910546875 0.3530104097222222 0.05361443203124999 0.07798462777777776
0 0.263198118359375 0.36774084027777776 0.06238770234375002 0.09011556944444449
0 0.1652299296875 0.3486779298611111 0.039967121874999983 0.04505778472222227
0 0.141834541796875 0.3530104083333333 0.014622117968750015 0.04332479166666664
0 0.5371845298838617 0.3461849424667802 0.033274278517723355 0.05350974284421728
0 0.579993380315521 0.39330140164808425 0.1029990121935418 0.17996183281494266
0 0.6851588667821018 0.4379270027777778 0.2356414007517037 0.2859436333333333
0 0.44222218789062495 0.42968519305555564 0.21123964296874997 0.33184771388888895
0 0.06416493828125 0.43124060833333333 0.1283298765625 0.2621728972222222
0 0.8607938015625001 0.559092088888889 0.27613655937500015 0.6674904861111112
0 0.200289192578125 0.3907167631944445 0.10647638515625002 0.11440685972222225
