9 0.782380159375 0.4997626902777778 0.005998218750000062 0.02559239999999996
9 0.7080022453125 0.4581750402777778 0.0035989312499999926 0.023459699999999972
9 0.817769648046875 0.4560423409722222 0.0047985742187499625 0.02345970138888892
8 0.26713316640624996 0.46350679027777775 0.016795014062500002 0.07251180000000002
8 0.90294435546875 0.41018929097222223 0.01199643749999979 0.025592398611111122
8 0.9569283242187501 0.4560423402777778 0.023992874999999914 0.03625589999999995
0 0.7308975162509511 0.5507579547688735 0.018198735626902218 0.046540328982191514
0 0.696005807421875 0.5402839888888888 0.04678610546874995 0.11516579999999998
0 0.6583670047047352 0.5539570047688736 0.019494250034470473 0.04014222898219144
0 0.6312250453124999 0.5701417916666667 0.046786106250000015 0.06398100277777785
0 0.5868382265625 0.5571154922378561 0.044386820312499964 0.09337860392015662
0 0.5322544351562499 0.5818716416666667 0.07197862500000002 0.07037910277777781
1 0.52445675078125 0.5530801923611111 0.08037613124999998 0.08104260416666664
0 0.36757668698315493 0.6100082681433439 0.12650912865380987 0.12406947890818865
3 0.27852978164062503 0.6235940711701693 0.04918539453124998 0.07704675622922752
2 0.162764159375 0.6095967402777778 0.028791450000000024 0.12156389999999995
2 0.145969146484375 0.6010659402777778 0.028791449218749987 0.13436009999999998
2 0.12677484687499999 0.5968005402777778 0.02399287500000001 0.12582930000000003
0 0.7552598506026881 0.5600064151907097 0.01413907933037617 0.01811784982586384
4 0.837563770703125 0.502961738888889 0.05878254453124998 0.06184829999999997
0 0.8423623457031251 0.5584119423611111 0.06358111953125001 0.0703791041666666
0 0.801574457421875 0.5466820902777778 0.020393942968749967 0.02559239999999996
0 0.953329393359375 0.5754735402777778 0.06957933828124996 0.11729849999999997
1 0.9155406148437499 0.5114925409722222 0.10196971875000005 0.0917061013888889
0 0.891547739453125 0.5946678402777777 0.11636544453125008 0.11729849999999997
9 0.62704004609375 0.4688293604166667 0.006006354687499993 0.022881351388888804
