2 0.9450762066406249 0.633408475 0.09455636015624991 0.3344674055555555
2 0.6373824073857992 0.5718872687500001 0.023679235228401763 0.20795900694444447
8 0.0180339453125 0.30587303958333334 0.036067890625 0.019062909722222243
8 0.3558048640625 0.3769257006944444 0.01754654218749996 0.022528893055555665
8 0.582935091796875 0.17503216458333334 0.03899231328124997 0.06238770138888888
9 0.099917803515625 0.3240694534722222 0.008773271093750007 0.031193848611111075
9 0.32217399375 0.3717267256944445 0.008773270312500081 0.0329268430555556
9 0.09260674453125001 0.3240694534722222 0.007798462500000006 0.031193848611111075
9 0.110153286328125 0.3258024444444444 0.0077984617187500105 0.031193850000000023
9 0.31242591484375 0.3743262125 0.010722887499999945 0.034659833333333334
0 0.367015154296875 0.7044611375 0.4727818054687499 0.5874841972222222
0 0.061900297656250006 0.4731067409722223 0.12380059531250001 0.1351733541666667
0 0.13501088632812502 0.5112325597222223 0.026319811718750002 0.031193852777777753
0 0.1822890671875 0.5025676013888889 0.04679077656249997 0.04159179999999996
