8 0.474071713671875 0.30035524027777777 0.01319608203125 0.027725102777777733
8 0.5022633421875 0.3184831902777778 0.014395726562499989 0.021326999999999985
8 0.43208418203125004 0.35047369027777775 0.010796793749999978 0.017061599999999955
8 0.528655505078125 0.3355447902777778 0.016795011718749975 0.012796200000000035
8 0.53105479296875 0.3003552395833333 0.007197862499999985 0.03199050138888887
8 0.5220574648437499 0.2662320388888889 0.005998218749999951 0.027725100000000003
8 0.55504766640625 0.2726301395833333 0.026392162499999983 0.05331750138888888
8 0.55984624140625 0.31101874027777776 0.01679501249999993 0.014928899999999967
8 0.6846091921874999 0.19905199166666665 0.05038503750000001 0.05545019999999998
8 0.642621660546875 0.22997613958333335 0.019194299218749933 0.023459701388888893
8 0.12503390633217787 0.1958582167536405 0.023970620476855733 0.07892045017394766
0 0.20052728108673473 0.37737799519049026 0.026519851116625304 0.03598014888337475
2 0.156166119140625 0.38246419097222223 0.020393944531249986 0.09383880138888889
2 0.1309736 0.38566324027777776 0.02519251874999999 0.08744069999999998
2 0.6468204140625 0.38139784027777773 0.013196081250000047 0.03199050000000003
0 0.49506547890625 0.40912294027777785 0.10316936249999997 0.1386255
0 0.554447844921875 0.46030774027777777 0.1763476320312501 0.2154027
0 0.9830567546872879 0.7694162714183082 0.03388649062542404 0.30897555672550536
0 0.779323298828125 0.5660800149425708 0.44135340234375 0.482397449329586
0 0.0687858203125 0.44324613958333337 0.137571640625 0.3263031013888889
0 0.32574196286424206 0.4364030342233124 0.20599123197848407 0.38939409066884706
2 0.228436128515625 0.3693787069444444 0.009355746093750006 0.048511274999999965
