8 0.59421161875 0.38479628611111116 0.02982439531250003 0.07613292777777775
0 0.608359087109375 0.48947905694444444 0.01529456015624997 0.024471297222222188
0 0.42482435625000003 0.57920715 0.14835724218749996 0.21208458055555557
8 0.39765858554687505 0.43640480694444445 0.018353472656250036 0.009516613888888914
9 0.411194269140625 0.44143501319444445 0.003823639843750004 0.020392748611111067
0 0.62118861015625 0.4952718791666666 0.01300037656249986 0.025830813888888915
0 0.6383949906249999 0.49459212013888887 0.021412385937500056 0.03262839861111111
0 0.71004999375 0.48847429444444446 0.016059289062499982 0.03398791388888883
0 0.732991837109375 0.48847429444444446 0.03135384921874995 0.04486404444444442
0 0.7616691390625001 0.48983381111111113 0.04435422656249999 0.05302114444444439
0 0.779257883203125 0.4952718777777778 0.04588368203125004 0.05574017777777779
0 0.82965348046875 0.48235647083333333 0.09253209375000004 0.08157099166666665
0 0.916450114453125 0.4728398555555556 0.09023791171875006 0.08700905833333328
0 0.955869735546875 0.4924495888888889 0.0872596523437501 0.09461005555555563
0 0.21461546796875 0.52195724375 0.03900113124999999 0.04214501250000002
0 0.23602785234375 0.5355524090277778 0.02676548281250002 0.05845921250000008
0 0.16070213984374998 0.5233167597222221 0.052001507812499986 0.03398791388888889
0 0.362972709375 0.5341928944444444 0.07876698906250001 0.14274923611111112
0 0.279234987890625 0.5199179694444445 0.07647280546875002 0.09244712222222212
0 0.056426005078124994 0.5620629798611111 0.11285201015624999 0.12507552083333334
4 0.5018432273437501 0.5159365243055556 0.0650018843750001 0.14818730138888886
