0 0.34271842974253763 0.5614390828861191 0.015710754797575277 0.04006641021668267
0 0.4421732830769049 0.5510996386295021 0.022684063533690124 0.03345001337011522
0 0.3131354922037659 0.5551687131539025 0.038181682779968085 0.06153677091441734
0 0.8252924015625 0.6617182819444444 0.34804663593750007 0.3890622305555555
10 0.5585452711611765 0.5281224120639394 0.04745657568238215 0.1215880893300248
10 0.09921680431507954 0.5253568984275445 0.19843360863015908 0.39397269481157754
0 0.2950914870420697 0.5649770099539437 0.04815446650124067 0.06276723101899861
0 0.928964811328125 0.7856244555555556 0.14106435703124998 0.32812477222222225
8 0.26367169492187503 0.5132808972222223 0.010546866406250022 0.05624996111111119
8 0.460898130078125 0.5247652680555556 0.013183583593750048 0.021093736111110983
8 0.5098012879708642 0.5236517956101335 0.008157941566728444 0.01886679122026691
8 0.5096773921875 0.5060152798611112 0.00791014999999995 0.021093740277777828
9 0.39593671036713174 0.48779983141877814 0.009770471464019881 0.01861042183622824
8 0.6049507633711821 0.5194359164382972 0.0132514310701356 0.03722410787659447
