0 0.06571804500986861 0.45988419866443564 0.13143609001973722 0.18362282878411906
0 0.962864357421875 0.4787086513888889 0.07190090546874983 0.2825579416666667
0 0.24665476718749998 0.44944887916666665 0.1963009796875 0.1671428222222222
0 0.44295574453125 0.41142848263888887 0.08265304374999999 0.08081630972222226
0 0.60412918046875 0.3765305319444444 0.061989782812500005 0.07714284166666668
0 0.5473052121093749 0.37653053194444447 0.02892856484374995 0.06612243611111113
0 0.509594762109375 0.3893876722222222 0.05889029296875009 0.0808163111111111
0 0.7250092578125 0.36459176041666663 0.028928565624999902 0.0385714236111111
0 0.741539864453125 0.37561216458333335 0.020663260156249974 0.05326529583333334
0 0.75600414765625 0.38112236805555555 0.028928565625000013 0.06795916944444447
0 0.7815878609375 0.3968658069444444 0.03822703281249984 0.0826530416666667
0 0.805867190625 0.39870254236111113 0.045459173437500056 0.11938772638888889
0 0.8580419253906251 0.4060494784722222 0.12294640234374998 0.17816322638888893
0 0.92054828984375 0.4437025333333333 0.13224486874999997 0.22408158333333333
8 0.918520689453125 0.23253056041666664 0.04235968671874979 0.08081630972222217
8 0.40785892578125 0.3004981277777778 0.022705548437499945 0.049335513888888904
8 0.7457091140625 0.30049812569444445 0.01639845156249997 0.008970093055555572
9 0.667327353148051 0.3289877036436322 0.00959269995389811 0.016122642712735558
9 0.6809160803803322 0.340345817172375 0.010250303301835406 0.014024973988583378
9 0.7032183703946778 0.3271298562326739 0.007398307648144309 0.01488833746898266
