8 0.2447098296875 0.20866886041666666 0.08750413593749998 0.14841059305555557
8 0.8426547574218749 0.32668210138888887 0.030173841406250013 0.033973508333333347
0 0.6273816590956316 0.34342689970787266 0.08844384944126327 0.17832402719352308
0 0.546448229296875 0.4178741513888889 0.08750413515625 0.13052979722222224
0 0.08815554199633728 0.3734412768273929 0.06004124493017457 0.04881636476589696
0 0.30958358554687504 0.36601984791666664 0.03822019765625001 0.04112582361111111
0 0.68021891953125 0.43217878541666666 0.08951572500000005 0.10549668472222229
0 0.7526361355468749 0.40893375416666666 0.0714114210937501 0.08761589166666667
0 0.688540140151773 0.3723649942298605 0.03666467594645384 0.02843553654027897
0 0.40865436015625 0.35886753125000004 0.015086920312499918 0.019668873611111082
0 0.3604679578471825 0.3640631028923226 0.01929358444436502 0.022907700229089667
0 0.27163006399056033 0.3674385320538197 0.026684012356120557 0.026082400218750523
0 0.38403226477568747 0.36014028865879627 0.01806455794862505 0.025790549539814744
0 0.39759061875 0.27393375833333333 0.02715645624999996 0.017880791666666673
0 0.9603327324218751 0.48135097083333334 0.07644039453125007 0.17165562499999992
8 0.253259084375 0.3159536263888889 0.048278143749999974 0.0625827805555556
0 0.3285902463472806 0.3655913946942123 0.01325992555831268 0.029776674937965264
0 0.3387096632207298 0.3637303525105895 0.016749379652605423 0.021091811414392148
1 0.5285359659502583 0.34698097285798407 0.01674937965260548 0.022332506203473934
