0 0.7920313742187501 0.6412069381944444 0.2914675453125001 0.23568687361111107
0 0.625339232421875 0.6438064256944445 0.07895943515625004 0.1715661819444444
0 0.5751366289062501 0.6446729222222223 0.09163193749999998 0.14557130555555553
0 0.5103119082031251 0.6273430055555556 0.07895943515625004 0.09704753888888895
0 0.452310841015625 0.6351414673611111 0.042891546093749955 0.06758667638888882
0 0.42647843203125 0.6316754840277778 0.02631981093750002 0.05025675972222221
0 0.178877239453125 0.6377409534722223 0.03606789140625 0.03465983472222223
0 0.26370555520585964 0.6371779126645173 0.03415834009921925 0.04739768366236796
1 0.31291331875 0.6160785583333332 0.037042698437499966 0.060654711111111204
0 0.283669083203125 0.6342749701388889 0.007798463281250001 0.027727868055555493
