0 0.5789431238281251 0.41887548472222225 0.017446342968750028 0.029383313888888873
0 0.5990523238281251 0.42524186111111106 0.029383314843750008 0.03428053611111109
0 0.6243036105468751 0.4334038909722222 0.030301542968749984 0.057134223611111146
0 0.6362405816406249 0.4374849069444444 0.037647372656249956 0.06529625555555557
0 0.648177553125 0.44238212847222225 0.03581091562499994 0.08162031805555553
0 0.687294096484375 0.44347040625 0.08172234453124994 0.10447400694444448
0 0.720809439453125 0.4581620652777777 0.08447702890624997 0.11100363888888881
0 0.7876564984375001 0.4879262798611111 0.12487908749999999 0.16813785694444439
0 0.5125552066406249 0.4175695569444444 0.01101874296874994 0.03264812777777787
0 0.50429115078125 0.4200181652777778 0.012855201562499974 0.04407497222222223
0 0.49373152187499997 0.42328297708333334 0.013773428125000042 0.057134220833333305
0 0.473530493359375 0.42736399375 0.03213800078125001 0.0750906930555556
0 0.47077580625000004 0.43715843125 0.015609885937499957 0.06856106527777778
0 0.436158578515625 0.4316082597222222 0.06427600234374997 0.09794438055555554
0 0.415039320703125 0.45201334097222223 0.07345828671875004 0.10937122638888891
0 0.33643895546875 0.4618077784722222 0.14875303125 0.17793229861111115
0 0.15635391640625002 0.5037163916666667 0.31270783281250003 0.40810159444444444
0 0.90909730078125 0.5045325944444444 0.17905457500000022 0.39667475
0 0.037259339453125 0.6216181458333333 0.07451867890625 0.3194300583333333
9 0.5595921073894643 0.39412737484309573 0.006281017369726971 0.017369727047146455
