9 0.35810192695312504 0.3320336729166667 0.011192607031249968 0.038265323611111124
9 0.40287235429687496 0.3266765284722222 0.011192607031249968 0.03979593749999999
9 0.446351328515625 0.33662551249999995 0.012053575781250048 0.035204100000000016
9 0.488313354296875 0.34387769999999995 0.011192607031249913 0.036734711111111096
8 0.36993001171874995 0.38137771736111115 0.039604609375000044 0.0474490041666667
8 0.408243165625 0.38137771736111115 0.03529976093749998 0.0474490041666667
8 0.441001019921875 0.3863704319444444 0.02669006328125001 0.045918388888888884
0 0.2737883875 0.4867349111111111 0.0413265484375 0.09030616666666669
8 0.1640147421875 0.41479610486111107 0.033577821875 0.024489806944444414
0 0.039441240625 0.6046955958333333 0.07888248125 0.26177297499999996
0 0.4459885792020333 0.45254024155426165 0.01682826328125009 0.041135752777777757
0 0.4596848484538766 0.454275767511929 0.013395393909208908 0.03828021602903353
0 0.48030584890989014 0.4586973354269783 0.0245395759447804 0.04107845418728995
0 0.5153655500000001 0.4503118527777778 0.05469185312500008 0.07292246944444447
0 0.589515084375 0.4531165618055556 0.12726373750000008 0.13088649027777777
0 0.8068801664062499 0.48614981458333334 0.3292028937499999 0.21315799583333328
1 0.6738317140625001 0.38019409097222223 0.21035328593750002 0.2206372236111111
8 0.510632601171875 0.4091760979166667 0.017880028906249956 0.013088648611111142
8 0.527460863671875 0.4101110041666667 0.013672964843750024 0.01869807222222225
0 0.36548883398437504 0.5506581576388889 0.21140505234375 0.29729931249999997
8 0.487493739453125 0.42725089513888886 0.016828261718750015 0.02243768194444451
