9 0.165826498046875 0.3798715770833333 0.011470921093750003 0.008836856944444471
9 0.22165164609375 0.3829304909722222 0.009176735937499986 0.008157098611111135
8 0.251858403515625 0.39516613958333335 0.013765105468749983 0.021752265277777794
0 0.179861946484375 0.41755213680555553 0.012618013281250007 0.013595165277777821
0 0.162273201953125 0.4195914118055555 0.017206380468750004 0.01767371527777778
0 0.14009608750000002 0.4212908083333333 0.024853660937499994 0.01971299166666668
0 0.121933797265625 0.42434971875000005 0.015294561718749988 0.021752262500000008
0 0.0806703031766654 0.41848134052581576 0.040701078485418735 0.08006326528042113
0 0.056358366015624994 0.4178920152777778 0.03097148671874999 0.08496978333333338
0 0.02234813125 0.4270687527777778 0.0446962625 0.11555890555555554
0 0.19964928515625 0.4155128611111111 0.01108855781250001 0.019033233333333344
0 0.207296565625 0.4206110486111111 0.011853285937499958 0.022432022222222237
0 0.22870895156249998 0.4223104458333333 0.030971485937500015 0.028549847222222258
0 0.25853334492187496 0.4365853701388889 0.038618766406250005 0.04078549583333335
0 0.304990574609375 0.44100379722222227 0.07188443671875 0.07545316944444441
0 0.32984423515625 0.45935726944444444 0.06500188437499999 0.07681268611111103
0 0.389493023828125 0.4790702590277778 0.09788518984375 0.14614802916666664
0 0.474377837109375 0.5018421611111111 0.16824017109375 0.19577038055555557
0 0.79622976796875 0.6472573513888888 0.4048368734375001 0.41782823611111114
0 0.10186738579160418 0.4183805466307067 0.01862395418904675 0.054178775822681435
