9 0.582639471875 0.23317518888888888 0.011996437499999901 0.04691939999999997
9 0.322916599609375 0.2896917409722223 0.00839750546875001 0.031990504166666656
9 0.5718426789062501 0.2299761375 0.011996437500000012 0.044786699999999985
9 0.7056029578125 0.33127939027777775 0.015595368750000005 0.02985779999999999
9 0.5820396511718751 0.36646894097222227 0.005998217968749997 0.019194301388888835
8 0.21974723671875002 0.22147089027777778 0.027591806250000017 0.019245402777777754
8 0.18790985546875 0.24597138819444445 0.009503503124999979 0.029857801388888883
0 0.028597754296875 0.6085303902777778 0.05719550859375 0.2345970000000001
0 0.12106095859375 0.4744790888888889 0.2417593765625 0.3320836027777778
0 0.677411329296875 0.4763029895833333 0.19434228828125 0.24312779861111106
0 0.829456831640625 0.5787259097222223 0.34008031640625 0.3624523666666668
4 0.42728560625 0.33447844097222224 0.24352768281249998 0.5225115041666668
8 0.687046032421875 0.25687482361111114 0.02373045234375004 0.023437483333333314
8 0.6923194667968751 0.23460921527777778 0.02373045390624995 0.01640623611111111
