9 0.66751520703125 0.19868954166666666 0.01837197812500002 0.09254033333333334
9 0.6518224757812501 0.20617442152777776 0.0329164609375 0.10887098194444442
8 0.75057185859375 0.26129035624999997 0.09032889374999997 0.03402218194444445
8 0.518625632421875 0.5089718395833334 0.006889489843750041 0.01769153472222218
8 0.489153919140625 0.5191784951388889 0.0076549914062500335 0.01633064861111111
8 0.42676574453125 0.5219002715277778 0.006889495312500049 0.013608879166666754
8 0.81870127734375 0.17147179722222222 0.01684097968749998 0.04763105555555558
8 0.8165865886718751 0.24495970902777778 0.024495971093750124 0.05987904027777774
8 0.8221460234375 0.28170366319444445 0.025261470312500034 0.020413304166666646
8 0.844345496875 0.3279738326388889 0.03291646093749989 0.02041330972222216
8 0.8248252703125 0.3715222263888889 0.029088965624999963 0.0530746055555556
9 0.842049 0.4416079201388889 0.023730471875000103 0.02993952083333329
9 0.81640478046875 0.45113413194444446 0.010716987500000053 0.029939519444444507
0 0.39652852851562503 0.5423135791666667 0.01530998046875004 0.029939519444444507
0 0.38274954453125 0.5436744666666666 0.024495967187499967 0.032661294444444544
0 0.2725882396293681 0.5640007088593126 0.05214452418632662 0.062426684385292086
0 0.49106766640625 0.5443549097222222 0.01301348437500005 0.0258568583333334
0 0.5036984027343749 0.5436744666666666 0.012247988281249955 0.032661294444444544
0 0.5167118859375 0.5457157951388889 0.01837197812499991 0.04490927916666665
0 0.550393845703125 0.5593246694444445 0.05511593359375011 0.07484880000000005
0 0.20515375624999999 0.5674899930555556 0.09339088906250001 0.09390122222222219
0 0.33720234921875 0.5518397888888888 0.06353642343749999 0.10887098055555555
2 0.605892530078125 0.5307460340277778 0.009951488281250032 0.036743951388888973
2 0.616609517578125 0.5280242618055555 0.011482486718749962 0.04218750416666672
