2 0.2486596296875 0.5838206388888889 0.02066847499999999 0.10887098333333345
2 0.58974051796875 0.5868146090277777 0.013778984375000025 0.07893146250000005
0 0.3724069068988819 0.5818461831665469 0.03443065754776381 0.05865190244420482
0 0.481116177734375 0.5872228576388889 0.026792467968749956 0.04218750416666672
0 0.5063776492187501 0.5756553166666667 0.02985446406250003 0.024495972222222107
0 0.3919209984302002 0.5801593909042349 0.012973673348800951 0.019922517710944
0 0.56111083359375 0.5824597541666667 0.0091859890624999 0.03266129722222233
0 0.611251023828125 0.5817793069444444 0.02526146953125008 0.047631052777777794
0 0.6583292171874999 0.5831401972222222 0.09492188750000008 0.05851815555555562
0 0.8574865800781251 0.5990172409722223 0.13090034296874997 0.1238407402777778
0 0.953811867578125 0.5970892923611111 0.08956339296875004 0.21161797361111118
0 0.33260935546875003 0.5776966458333332 0.06200542656250002 0.07620968611111112
0 0.29356890234375 0.5815071569444443 0.014544482812499981 0.023135080555555576
8 0.32801635976562504 0.47971276458333334 0.013013482031250023 0.006804437499999927
8 0.527046123828125 0.5171371645833334 0.01607548046874996 0.027217748611111148
8 0.57833456328125 0.5429940215277778 0.008420489062500036 0.016330645833333324
8 0.651822475390625 0.5184980527777778 0.006889491406250059 0.010887100000000038
8 0.7273007140625 0.5677621861111111 0.006889492187500013 0.01633064444444443
8 0.6771605242187501 0.5664012986111111 0.006123993749999945 0.01633064444444443
8 0.53539008203125 0.5507510958333334 0.004592993750000107 0.0258568583333334
8 0.337891294140625 0.5146875840277778 0.012247985156249974 0.02449597361111111
8 0.32418886484375 0.4467112458333333 0.015309981249999993 0.040826616666666704
8 0.3138546265625 0.44671124652777777 0.009951487499999967 0.03538306805555558
0 0.44781696875000004 0.5851815256944444 0.0520539390625 0.06532258749999997
8 0.502182957421875 0.34090276180555557 0.015790411718750008 0.019139893055555524
2 0.297266478125 0.5412336673611111 0.003588729687500014 0.021691879166666705
2 0.29224225625 0.5508036138888889 0.0064597140625000105 0.033175813888888905
