0 0.5816073360430742 0.5633464659346846 0.13408262521114855 0.14537914020270265
0 0.468566939453125 0.5169915861111112 0.04989731015625004 0.07761803888888885
0 0.40775459101562495 0.5169915868055556 0.026507946093750012 0.038809020833333374
0 0.49858329140625 0.5218427159722222 0.014813264062499998 0.04573920138888882
0 0.4312499999999999 0.5099854285472973 0.02128378378378376 0.035884998761261166
0 0.2600117703125 0.5128334791666667 0.04288050156249998 0.03603694722222234
0 0.293536526953125 0.507982348611111 0.022609719531250017 0.023562619444444377
0 0.3141971328125 0.5100614062500001 0.01715220156249997 0.02217658194444444
0 0.32862057421875 0.5065963124999999 0.013253973437499955 0.018018472222222193
8 0.29275688125 0.45947107569444445 0.010135390624999963 0.006930181944444391
8 0.31887500468749996 0.4615501298611111 0.01091503593750004 0.005544145833333292
8 0.320044473046875 0.4698663493055555 0.01793184609374998 0.011088293055555531
8 0.29392634921875 0.4698663486111111 0.018711490624999993 0.019404508333333348
0 0.38475504921875003 0.5059032951388889 0.008576100000000031 0.011088293055555587
