8 0.41897558085937503 0.19514204999999998 0.021593586718750057 0.01706160000000001
8 0.4057795 0.23779605138888887 0.05758289999999999 0.0682464027777778
8 0.34579731171875 0.23353065 0.06478076249999998 0.06398099999999995
8 0.35659410546875003 0.32630310069444446 0.016795012499999984 0.01492889861111113
8 0.33500051835937505 0.3284358013888889 0.023992875781250034 0.019194299999999997
8 0.29781156171875 0.3284358013888889 0.019194299999999997 0.019194299999999997
4 0.28581512421875 0.3518955020833333 0.009597149999999999 0.014928898611111185
0 0.1712491453125 0.3518955020833333 0.025192518750000004 0.021326998611111148
0 0.1562536 0.35296185069444447 0.016795012499999984 0.01919430138888889
0 0.12566268359375 0.3518955 0.025192520312500008 0.017061599999999955
0 0.350595886328125 0.35935995000000004 0.011996436718749948 0.010663500000000048
0 0.327202833984375 0.3593599513888889 0.01799465546875001 0.019194299999999997
0 0.30261013593749997 0.362559 0.019194299999999942 0.01706160000000001
0 0.38658519882812503 0.37535520208333334 0.052784325781250085 0.08104260138888886
8 0.42017522499999993 0.33803295208333334 0.009597149999999999 0.021326998611111092
8 0.589703036328125 0.3540282013888889 0.01275252421874995 0.023459700000000028
8 0.573729625 0.3316348506944444 0.035989312499999926 0.06398100138888885
0 0.1053749546875 0.49798545208333334 0.210749909375 0.2921799013888889
4 0.663974758984375 0.35531225833333335 0.06459956484375007 0.05156246388888891
