0 0.250894487109375 0.7265840875 0.026628632031249988 0.03428053333333336
0 0.202228370703125 0.7274002854166666 0.030301542968749984 0.039177756944444364
0 0.29772414296875 0.704546595138889 0.037647371875 0.07835550694444449
2 0.474330651171875 0.7302686590277778 0.03489268671875001 0.08651754027777792
2 0.680458381640625 0.7515700833333334 0.06703068671875001 0.19099154722222222
2 0.615264153125 0.6732145805555556 0.024792171875000046 0.08978235000000001
2 0.592308437109375 0.7474890694444444 0.04132028671874999 0.12732769722222215
2 0.5537428375 0.7311650041666666 0.041320285937500034 0.15018138888888888
2 0.352191663671875 0.7164733479166667 0.014691657031249972 0.07182587916666672
3 0.435750463671875 0.7352460229166666 0.023873944531249913 0.07019347638888884
2 0.170299703125 0.7255100513888889 0.015497446874999987 0.05142856111111116
2 0.33147313828125 0.7089794423611111 0.009298467187499992 0.036734687500000085
2 0.33973844414062504 0.7062243409722222 0.009298467968750002 0.04224489027777778
2 0.365050937890625 0.7227549493055556 0.016530608593749996 0.0753061069444444
