0 0.31614236445312505 0.3855466097222222 0.026367167968749994 0.044531219444444436
0 0.3510788640625 0.37734349166666664 0.02768552812499997 0.04218747222222219
0 0.5260250300781251 0.39960910000000005 0.018457021093750026 0.044531219444444436
0 0.5411861515625 0.40781222013888896 0.022412093749999973 0.04218747083333335
0 0.489506503515625 0.39257785486111113 0.011337891406249967 0.0210937347222222
0 0.482519199609375 0.39257785486111113 0.007910150781249903 0.0210937347222222
0 0.42609479825802365 0.3854270963213213 0.01740499807854723 0.02554220375375371
0 0.3828522336043074 0.39605491441441437 0.03902526252111488 0.054737018018018
0 0.4558303894320102 0.3899316008258258 0.02077165356841204 0.030947609159159117
0 0.5629052233741554 0.4140799630818318 0.03770306676520274 0.054722956719219173
0 0.07753378378378378 0.5054054054054054 0.15506756756756757 0.31891891891891894
0 0.8832770270270269 0.47027027027027024 0.23209459459459447 0.2486486486486486
0 0.6829096878906249 0.41795453939564564 0.05009762421874997 0.05778461490240244
8 0.50207486328125 0.3632809993055556 0.009228509374999916 0.01874998472222228
9 0.46208464296874996 0.3679684951388889 0.006591792187500001 0.018749984722222224
0 0.39173373515625 0.7769525909722221 0.018457018749999998 0.007031245833333366
