0 0.40670767343750003 0.7668297986111111 0.044214982812500025 0.0723659722222223
0 0.3268566315918203 0.8191211748139982 0.10628964755864068 0.15449031629466314
0 0.5204400077281331 0.793103074809147 0.07516860920626639 0.08498646628496065
0 0.4422902522490884 0.7712033113208434 0.027792370123176702 0.040188880975019936
0 0.3763186811999498 0.7741419475396438 0.019370454587399555 0.026103125634843072
9 0.26985177109375 0.7158616520833333 0.004912776562499943 0.013724579166666695
9 0.29406473750000006 0.7139901194444445 0.005614601562499988 0.012476891666666656
9 0.31897953125 0.7133662729166667 0.00631642500000007 0.01372458194444448
8 0.357696888671875 0.69080391875 0.014036503906249997 0.034935295833333324
8 0.38998084375 0.6901800743055555 0.029476656249999955 0.03368760694444439
8 0.6388270227006738 0.6568734875105228 0.03335533428615234 0.03791632775673226
8 0.326348694921875 0.7088122159722221 0.005614602343749997 0.021210718055555522
