9 0.41461546210937494 0.26057484861111113 0.021830074218749995 0.04989731111111112
9 0.764676287109375 0.12820836875 0.018711492968749965 0.07900407361111111
9 0.74089709921875 0.13098044166666667 0.022609718749999952 0.08454821944444446
0 0.539358740234375 0.4476897652777778 0.09823533203125012 0.0720738944444444
0 0.7494731996093751 0.49065689375 0.13020079609375002 0.08870632916666671
0 0.039995804296875 0.5045172583333333 0.049117666406249996 0.058213527777777774
0 0.199043483984375 0.4878848215277778 0.06159199296874995 0.05544145694444441
0 0.34717612695312505 0.48719180416666663 0.13955654296875003 0.1732545527777778
0 0.581493715234375 0.7191219027777778 0.42178820859375005 0.49204293055555554
0 0.898364241015625 0.6215940229166667 0.2011485367187501 0.37145776249999995
8 0.78882405 0.09282112708333334 0.02105042812499991 0.0651437125
8 0.833653665625 0.056784179166666664 0.04210085625000004 0.08454821944444445
