8 0.903916000390625 0.2676560590277778 0.08569330078125015 0.13593740694444442
8 0.8162451625 0.31804664930555554 0.08173822500000005 0.08671869027777779
8 0.89534667109375 0.31804665 0.05800777187500006 0.05390621388888889
8 0.46688016875000005 0.39187472430555553 0.013183584375000057 0.02343748472222218
8 0.586850789453125 0.3871872270833333 0.010546867968749929 0.03281247916666663
8 0.34163611367187496 0.39070284930555554 0.010546867968749984 0.0210937347222222
8 0.27055338906716964 0.3495530100607007 0.031423337490660785 0.05551457205785065
8 0.19180265371538002 0.348601836359836 0.03255941368076007 0.06122167759650815
8 0.010798100866460929 0.32086667558384463 0.021596201732921858 0.0857661321656441
0 0.59212422265625 0.3719770991759601 0.036914037499999997 0.03510775164807983
0 0.8580760567665607 0.37654142249590494 0.12200213177937846 0.07285407445263464
0 0.5069288050424292 0.4421844066064895 0.019452783522358408 0.02125555067590984
0 0.3680434592141012 0.42896249238732664 0.0215962061860564 0.03424263323194526
0 0.3283693459678522 0.44002788502264106 0.06767460152706206 0.058806347823059935
0 0.26042969184518183 0.437558059728242 0.07304615536349537 0.0527929499874607
0 0.212436984375 0.41765595625 0.023730453124999995 0.01874998750000001
0 0.140586446484375 0.40359346597222223 0.02504881015624999 0.018749987499999954
0 0.16186805021617298 0.4283740610841595 0.07024873324484598 0.04487369439054123
0 0.0542339671875 0.4164840819444444 0.08173822500000001 0.039843722222222266
1 0.03370877578125 0.37312473749999997 0.0674175515625 0.042187472222222244
0 0.4328580179713098 0.5127531782503442 0.17453365938011955 0.22984070487502645
8 0.16902436073651794 0.3126009472843181 0.009047059348212816 0.01400834995852307
8 0.2428438270066669 0.3188557052441955 0.00642049373098974 0.01452717773476464
8 0.3061732424441565 0.32248749967788665 0.0075878562275333294 0.01452717773476464
