0 0.051509867933418566 0.6763097732597705 0.10301973586683713 0.3511100437755592
0 0.923582353515625 0.88690721875 0.15283529296874998 0.2261855625
0 0.708563615625 0.7119866291666667 0.5161191781250001 0.48224469166666667
0 0.09192979214967303 0.6177869862109724 0.1062299871854665 0.19559807164308118
0 0.13497628420971786 0.5989938876863619 0.06858254667193578 0.14994122733382087
0 0.1677110779279064 0.5888191125930615 0.038522962385938386 0.11206679966818456
0 0.18230310913470127 0.5685848293196393 0.04552713736519995 0.08197478864617191
0 0.20500416624159934 0.5685938500265604 0.014717054358198672 0.06742956949756507
0 0.447703380078125 0.6309012381944444 0.15283529140624996 0.21480515694444446
0 0.47373473392598964 0.5135408055555556 0.10557369308552061 0.034141219444444426
0 0.332876865625 0.5871469748963507 0.06721552187500002 0.08608597798507645
0 0.3033497001199576 0.5751322275936877 0.021137397320903584 0.06622815642680935
0 0.28366550117187506 0.5725766597222222 0.018404249218750002 0.04978927500000008
0 0.27562726008668903 0.5677777392602479 0.015759393703338398 0.04358153320429392
0 0.2647134995767548 0.562549520354524 0.01890911477850954 0.030012128735396493
0 0.2541461617055721 0.5583403842495576 0.013778134348644167 0.02989510094532921
0 0.2491539069610461 0.5538904820608714 0.01060970326540775 0.024569394211590212
8 0.524521117578125 0.4353005152777778 0.024805727343749973 0.07681773611111115
2 0.216049888671875 0.5816464807203725 0.03680849921875001 0.1454536913370329
8 0.1924444375 0.5178084569444444 0.012002771874999985 0.022760811111111057
0 0.2928458569107069 0.5771166392325966 0.02276356868259999 0.06640995535892413
0 0.2334887131715179 0.5519823404799082 0.007296015603397432 0.018677799944697426
