8 0.09433809977032698 0.5148448000308257 0.022627513603153945 0.047332396029790336
8 0.086177891015625 0.547853984439527 0.01639845078124999 0.018685972787612526
9 0.21903942396091608 0.5694263820568106 0.018096292703167816 0.02216574702681906
9 0.24050563659197627 0.48251332134638825 0.007218450512023328 0.03266531140794399
8 0.22196691187241213 0.5128453962251933 0.014764149692675727 0.009332946116555552
9 0.34314663926674577 0.49884231405495016 0.006969304279008548 0.026812183665455847
9 0.4664957242157248 0.5050329034756721 0.010091570318550347 0.0302232680624554
9 0.5910919862056465 0.5659421008983867 0.01787012553629319 0.023688394857665496
8 0.5840470283651691 0.5246944907422778 0.01778558798384955 0.01225835911844464
8 0.5552837930785126 0.5501674446927657 0.013875612499999912 0.006281691229731878
8 0.6433323958229631 0.5114587927257559 0.012880564703855568 0.044218337067642444
4 0.42329668299414347 0.6036404961199153 0.024606606613287063 0.05960452720461373
0 0.43551116595299366 0.621106587809536 0.015812025833337573 0.030222168999850307
4 0.4714712595524193 0.5910705436058388 0.05556605754540084 0.14220398096848286
0 0.3029670140625 0.6502627145833333 0.16489591874999998 0.21304176805555552
2 0.7782529703307938 0.6327004504017442 0.023966967968749975 0.0964285027777777
0 0.5531779348465323 0.6424029834435454 0.020894381869435374 0.08448860832567384
0 0.5754659319475133 0.6408836486049962 0.0494807095424733 0.1270079360988814
0 0.6393102875000001 0.6569892611111111 0.12866477656250008 0.17267429999999995
9 0.34952709381112346 0.4985365494716168 0.004254286425622478 0.027423712832122527
3 0.7072170537775408 0.6728030901775495 0.02398449979338635 0.07106518457299671
