0 0.3427027329313832 0.4743640712919953 0.025247042425266375 0.030691549082675962
0 0.48740113789062495 0.48021116250000007 0.029683382031249983 0.040105547222222315
0 0.205409005859375 0.47440641250000004 0.06411610546875002 0.06332454999999998
0 0.288435953853018 0.4649008244343683 0.06292877031249994 0.07478773554765539
2 0.37697895546875004 0.4605805465277778 0.005936676562500021 0.0295514569444445
2 0.385883969921875 0.4553035006944445 0.004749341406250052 0.027440637500000087
2 0.39003964375 0.4584697277777778 0.008311346875000014 0.029551455555555606
2 0.46840377265625 0.47641168333333334 0.005936675000000058 0.04010554722222226
2 0.46009242578125 0.4764116840277778 0.008311346874999959 0.04432718472222219
2 0.566358934765625 0.4816887298611111 0.011873352343749866 0.06332454861111114
2 0.551517243359375 0.47852250208333336 0.010686017968750017 0.04854882083333334
2 0.5378628878906251 0.48063332013888893 0.00712401171874999 0.044327184722222246
2 0.541424893359375 0.4743008652777778 0.009498682031250039 0.056992094444444474
8 0.45930088203124997 0.40598074166666664 0.008311346874999959 0.01688654722222227
9 0.45771775546875 0.4274407048611111 0.005936676562499965 0.023219001388888938
1 0.78554103671875 0.40823227152777775 0.4264908515625001 0.8147758791666666
2 0.23716140873456515 0.4504531768163528 0.010142905185360623 0.02794933873299371
