0 0.948975437890625 0.4895701638888889 0.09650597734375 0.1091784777777779
2 0.30144542354613124 0.4999524388078388 0.013140915497228067 0.05718872638888889
0 0.25393744296875 0.5328949569444444 0.04581596874999999 0.11957642777777772
0 0.17936464296875 0.5372274354166666 0.1462211765625 0.2356868763888888
0 0.0926067453125 0.5588898319444444 0.183263875 0.4419128916666667
0 0.439638337890625 0.4904366583333333 0.009748078906250068 0.027727866666666656
0 0.450361225 0.48870366666666665 0.007798462499999992 0.027727866666666656
0 0.459621899609375 0.4904366590277778 0.010722886718749991 0.041591801388888905
0 0.47034478554687503 0.49476913819444446 0.01657173359374997 0.03639282638888891
0 0.47911805625000004 0.4965021305555556 0.014622117187500006 0.046790774999999896
0 0.490328346875 0.4982351229166667 0.015596926562500002 0.050256759722222155
0 0.502026041015625 0.5008346076388889 0.017546541406250005 0.058921718055555516
0 0.571237396875 0.5060335847222223 0.062387701562500064 0.07625163611111119
0 0.4210368247887636 0.4987627060797325 0.037673647831339474 0.05477791493724288
0 0.398209005078125 0.49043665972222217 0.006823655468749967 0.020795899999999923
0 0.39138534999999997 0.4913031541666667 0.014622117187500006 0.03292684166666665
0 0.37822544375 0.4904366576388889 0.011697695312499978 0.024261884722222238
0 0.367989961328125 0.49476913819444446 0.014622117968750015 0.03639282638888891
0 0.34605678515625005 0.5017011034722222 0.040941929687500045 0.060654709722222255
