9 0.44131722734374995 0.33593989444444444 0.007020415624999998 0.03120184722222219
9 0.3058817078125 0.3895030673611111 0.007605450000000014 0.02600154027777779
9 0.43396757265624997 0.3369799555555556 0.011042215625000018 0.03328196944444445
9 0.30763681132812504 0.36870183472222223 0.005265311718749999 0.01768104722222219
8 0.72496153125 0.21910630902777778 0.03802724999999996 0.058243451388888895
2 0.74378013984375 0.4827619270833333 0.02691159531249998 0.12376732916666672
2 0.96580078671875 0.4926224486111111 0.05323815312499991 0.20658543055555556
9 0.45347497968749995 0.43355710625 0.0029251734374999283 0.012480737500000005
8 0.30663127539062496 0.4155046159722222 0.01813607421875002 0.01144067916666669
2 0.100991597265625 0.5068814500000001 0.022231316406250007 0.07800461944444448
2 0.084318108984375 0.4720393854166667 0.013455797656250004 0.04160245972222215
0 0.44131461796875 0.4880860534722222 0.010530623437499997 0.020801231944444443
0 0.462083347265625 0.4823657152777778 0.013455797656250046 0.015600922222222202
0 0.47144390078125 0.48600593125 0.009945589062499927 0.0228813541666667
0 0.3860288421875 0.4860059319444444 0.006435381249999983 0.012480738888888898
0 0.381056049609375 0.48704599097222223 0.004680278906250002 0.012480737500000005
0 0.37462066601562505 0.4880860534722222 0.010530624218750007 0.01872110972222224
0 0.417620713671875 0.48756602013888883 0.004095241406250061 0.00936055138888886
0 0.412062884765625 0.4870459923611111 0.00585034453124994 0.010400612499999962
0 0.35502200703125 0.4886060840277778 0.012285728125000006 0.019761170833333286
0 0.33776348554687496 0.4854859 0.01989117734375001 0.03224191111111102
0 0.315239651171875 0.4865259618055555 0.03217690546874996 0.038482279166666744
0 0.2889130921875 0.49276633055555563 0.011115657812500013 0.04264252777777783
0 0.121378232421875 0.5002349666666668 0.03378209921875 0.05900616388888891
0 0.092344062890625 0.4829352736111111 0.06025856953124999 0.062403694444444435
0 0.03481565 0.4938559215277778 0.0696191234375 0.08632511250000002
0 0.21003352421875 0.48172186250000004 0.154449146875 0.20905238055555553
0 0.42984091367187505 0.4906874666666666 0.022231316406249924 0.03224190833333335
0 0.605404494140625 0.5981447375 0.31942891640625004 0.4884507416666667
0 0.749216640625 0.4910183986111111 0.05499325625000007 0.07904468055555552
