8 0.48335964921874996 0.5571089854166666 0.011865226562499942 0.016406240277777817
8 0.513681894140625 0.544582450568061 0.017138660156249985 0.013334329419433355
8 0.38485606735384637 0.5449993167234629 0.011119611124893902 0.020314271799102723
2 0.23484907773437502 0.5641402298611111 0.021093735156249988 0.0445312180555556
2 0.679135880859375 0.6074995763888889 0.02373045234374993 0.09843743333333344
0 0.357456415234375 0.5969527076388889 0.026367169531249957 0.04921871527777766
0 0.30999551015625004 0.6051558270833333 0.06591792343749997 0.09374993472222226
0 0.4253518765625 0.6157026930555556 0.1384276390625 0.2273435944444444
0 0.8887548792968749 0.6555464173611111 0.22148422421874991 0.475780923611111
3 0.627060723046875 0.6309370597222222 0.022412094531250037 0.060937458333333305
0 0.48731472499999995 0.5957808340277777 0.014501943750000024 0.03749997638888891
8 0.09180718359375 0.27234355555555556 0.143701071875 0.1218749166666667
