9 0.108118958984375 0.12751535069444445 0.026507946093749984 0.11642705972222223
9 0.26989539765625004 0.13513855208333334 0.0257283015625 0.08732029305555555
9 0.4947151140625 0.29591877638888886 0.02161405937500005 0.1233572416666667
9 0.64780744375 0.2973048152777778 0.02105042812499991 0.07623200833333332
9 0.6906879464843749 0.2959187756944444 0.019491136718750024 0.09563650694444445
9 0.68678971875 0.3894762361111111 0.019491137499999978 0.03326487499999997
8 0.13908875507812501 0.44422467430555557 0.03118581953125002 0.020790545833333396
8 0.14922414687500002 0.4553129680555556 0.007796454687499982 0.015246405555555564
8 0.21900241718750002 0.4331363826388889 0.013253973437499983 0.029106765277777835
8 0.21978206328125 0.46224314930555555 0.014813265624999988 0.026334698611111096
8 0.454845178515625 0.4134961194444444 0.02027078203124999 0.03417940277777781
8 0.45523500156249996 0.37145776180555556 0.02728759218749993 0.04712523750000003
8 0.437303155859375 0.41442489166666663 0.02572830078124999 0.04712523888888881
0 0.11959761875 0.47818256736111114 0.05769376562499999 0.05266938472222227
0 0.367524883984375 0.47263842083333335 0.03742298359375007 0.024948655555555588
0 0.42716776289062497 0.47263842222222224 0.03976191796875006 0.027720727777777787
1 0.516125313671875 0.45115485694444446 0.02027078203124999 0.062371638888888914
1 0.532108046484375 0.46224315000000005 0.02572830078124999 0.07623200833333327
1 0.5512093609375 0.4407595854166667 0.01715220156249997 0.033264879166666594
1 0.5749885484375 0.46640125625 0.033524756250000065 0.08732029305555555
1 0.61007259453125 0.4643222027777778 0.041321210937499964 0.09702254999999999
1 0.663868133203125 0.4643222027777778 0.0709477367187501 0.10811084166666673
1 0.8061534359375 0.4643222048611111 0.2183007359375 0.13028742916666664
0 0.970658634765625 0.4830336923611111 0.05769376640625001 0.07900407083333338
8 0.514488065234375 0.3901692548611111 0.03664333515625001 0.012474326388888901
8 0.48369206875 0.38254605138888886 0.006237164062499967 0.011088286111111123
12 0.9455881582031249 0.5271558555555556 0.10525213828125002 0.08316218055555558
