0 0.90362911640625 0.24396871666666667 0.190604 0.34944393888888886
0 0.15141877578125 0.3268945583333333 0.30108298906250003 0.40050821944444437
0 0.21247756406249999 0.17280494861111112 0.1396632046875 0.10979664722222222
0 0.3166985984375 0.19027259722222223 0.09685187031249998 0.12476891666666667
0 0.379161037890625 0.16282343541666666 0.08000806640625002 0.10730126805555557
0 0.41986689609375 0.14098887361111112 0.012632853124999954 0.0212107138888889
0 0.43565796171874993 0.13475042916666666 0.024563879687500012 0.028696852777777768
2 0.29108198046875 0.1266404486111111 0.011931026562500002 0.022458405555555547
2 0.415305032421875 0.13287889375 0.00772007734375002 0.037430670833333346
0 0.0650942828125 0.1204020048611111 0.052636885937499996 0.0274491625
0 0.126854894921875 0.12476891388888889 0.07790259140625 0.038678363888888886
0 0.218793990234375 0.11728278125 0.07790259140625003 0.036182987499999986
0 0.48864576015625 0.14036503055555555 0.03579308281250004 0.05240294444444443
0 0.6258525777343751 0.1297596715277778 0.02245840390624998 0.03368760694444446
0 0.643398205859375 0.13974118541666666 0.019651103906250023 0.051155254166666664
0 0.6532237574218751 0.13974118680555556 0.01403650234374998 0.06612752638888887
0 0.800957951171875 0.17530032499999998 0.14457598046874998 0.19463950833333332
4 0.615676112890625 0.11541124722222221 0.025265705468749955 0.04990756666666667
0 0.562688312890625 0.11915431458333332 0.004912774218750027 0.019963026388888888
0 0.5711102156250001 0.11977815763888888 0.009123726562500045 0.028696851388888875
0 0.598832309375 0.11291586944444444 0.009825553124999997 0.04242143333333334
0 0.46373096796875 0.14785116458333333 0.040004034375 0.05489832361111109
0 0.681296763671875 0.14410809583333334 0.053338710156250024 0.07735672777777776
0 0.585146718359375 0.13786965138888888 0.03088030703125 0.04491681111111111
0 0.552511849609375 0.1297596715277778 0.020352930468749975 0.03368760694444446
8 0.7690249074218751 0.05115525694444444 0.02245840390624998 0.016219958333333326
8 0.771130383203125 0.021210715972222224 0.025265705468749955 0.04117374305555556
8 0.8325400839843751 0.005614601388888889 0.020352930468749975 0.009981513888888889
8 0.4746092578125001 0.06675137083333334 0.011229201562500013 0.007486136111111125
9 0.570759302734375 0.03680683055555555 0.00421095078125 0.014972269444444446
9 0.611114248046875 0.033687607638888895 0.004912775781249934 0.013724581944444446
9 0.513911465625 0.025577627083333332 0.002807299999999957 0.019963026388888888
9 0.5560209746093749 0.027449161805555553 0.004210950781249889 0.021210715277777775
9 0.6304144406250001 0.03056838333333333 0.004210951562500065 0.017467649999999998
9 0.6247998394531249 0.03618298541666667 0.005614600781249979 0.016219959722222222
9 0.583041243359375 0.07673288263888889 0.0035091257812500665 0.014972270833333329
9 0.597779571875 0.07548519305555557 0.00350912656250002 0.01247689166666667
8 0.40688313046874997 0.028696850000000003 0.016141978124999956 0.038678363888888886
