0 0.010722886328125 0.4739732354166667 0.02144577265625 0.10917847916666662
0 0.524934025 0.5623558152777779 0.31291331874999995 0.40032108888888895
8 0.636549523046875 0.3720741614919103 0.017546539843750097 0.007970090905068283
8 0.6311880800781251 0.3925226256944444 0.03606788984374998 0.03985880972222228
8 0.7114593716294909 0.39425561736111114 0.011396982321481897 0.022528893055555554
8 0.7115785594384716 0.41307778433610987 0.01275269337545204 0.009210278548937578
8 0.67407962578125 0.4133185277777778 0.006823656249999921 0.025994877777777814
0 0.6448353902343751 0.43584741805555555 0.01657173359374997 0.04679077499999995
0 0.6594575074218749 0.43324793125000005 0.01852134921875004 0.041591801388888905
0 0.683340300390625 0.4419128909722222 0.023395389843750003 0.031193848611111075
0 0.73403030859375 0.44884485763888887 0.021445773437499982 0.051989754166666735
0 0.76522415859375 0.4514443444444445 0.044841159374999884 0.06065471111111115
0 0.81737637890625 0.4575098138888889 0.08285866718750001 0.07625163611111113
0 0.909983124609375 0.4757062284722222 0.11405251953124995 0.1022465125
0 0.713559343359375 0.4566433194444444 0.06433731796875009 0.06758667777777783
