0 0.481431089453125 0.6278745020833334 0.011694682031250014 0.008316220833333277
0 0.502091694921875 0.6257954444444445 0.015592908593750066 0.012474325000000008
0 0.524311591796875 0.6244094097222223 0.011694682031250014 0.012474327777777683
0 0.619038518359375 0.6174792263888889 0.017152200781250015 0.018018472222222304
0 0.6365805421874999 0.6230233736111112 0.027287592187500098 0.026334691666666687
0 0.7759032015625 0.6266270756944444 0.044907560937499924 0.04019505416666669
0 0.586215440234375 0.6217759479166667 0.021050427343749956 0.024948654166666695
0 0.5441145824218749 0.6259340583333333 0.013253972656250057 0.013860363888888894
8 0.5823951804687499 0.5717400270833333 0.020270782812500054 0.03465090972222218
8 0.5496500703125 0.5849073715277777 0.012474328124999934 0.02772072916666668
8 0.5091085054687501 0.6022328277777778 0.00779645468750001 0.02910676666666656
8 0.41983909648437495 0.6105490451388889 0.010135391406249972 0.018018476388888982
8 0.318875005078125 0.6104104347222221 0.01247432734374998 0.019404511111111078
8 0.37388658750000003 0.5417408791666667 0.013710931249999947 0.03937498611111101
0 0.431367036328125 0.6258479965277778 0.010546871093749965 0.009374995833333344
0 0.46511702499999996 0.6249104965277779 0.008437496875000006 0.011249995833333304
