0 0.2722485078125 0.42018519791666664 0.016380982812500056 0.041602495833333364
0 0.308520683203125 0.4129047611111111 0.05148308828125003 0.0811248638888889
0 0.38574531328125 0.40562432430555556 0.11700701562500004 0.2080124736111112
4 0.21959535 0.3869032020833333 0.088925334375 0.1705702291666667
0 0.819841346484375 0.38170289027777776 0.21061263046875 0.2516950944444444
8 0.38633034921875 0.13832829444444444 0.15561933124999994 0.1352081083333333
8 0.5788068921875 0.23297397083333332 0.02574154375000004 0.01664099722222226
8 0.58407220625 0.2558553430555556 0.015210912499999951 0.029121747222222244
9 0.582902136328125 0.06552392847222223 0.012870772656250029 0.06864411527777778
9 0.570031364453125 0.07176430486111111 0.015210911718749998 0.060323618055555556
9 0.562425909765625 0.08528511458333332 0.011700700781250073 0.08320499027777777
8 0.0429147546875 0.35466127013888893 0.0163809828125 0.031201870833333367
9 0.5975129968749999 0.27868315694444445 0.015497456249999986 0.029081644444444443
8 0.2703444828125 0.3842954493055556 0.029272971874999998 0.02602042083333328
