9 0.329751423046875 0.19698988472222223 0.02927297109374999 0.08418371111111114
9 0.307796694140625 0.10515310902777777 0.03702170078125 0.1668368097222222
9 0.26388723593749996 0.12964291458333332 0.035299760937500035 0.11479596805555553
9 0.6068976144531251 0.3038266680555556 0.04218751796874998 0.02908164722222223
9 0.392860524609375 0.31989810277777775 0.018080366406249992 0.1163265833333334
9 0.466473439453125 0.2854593131944444 0.06887758203124994 0.03520410138888891
9 0.86286391875 0.31301034375000003 0.03616073125000008 0.02295919305555555
8 0.36763409257812496 0.4132654902777778 0.03960460859374998 0.09183677222222225
8 0.4270410078125 0.4798471548611112 0.015497456249999986 0.03520409583333334
8 0.36849506328125 0.5359696354166666 0.025829093749999976 0.07500003194444438
8 0.1284279921875 0.3989797770833333 0.011192606249999987 0.05204084027777778
8 0.7732943699218751 0.5352043305555556 0.01635842578125002 0.07040819722222225
2 0.88576571953125 0.5470410645833333 0.028239796875 0.08448982638888891
0 0.06155933867187499 0.5964798770833333 0.07834824921875 0.09336738749999995
0 0.27998736796875 0.5750512972222223 0.03443879062499999 0.0627551305555556
0 0.346712526171875 0.56892884375 0.028412002343749965 0.08112248472222228
0 0.679907840234375 0.5475002645833333 0.038743639843750066 0.05051022638888891
0 0.775045001953125 0.5398472000000001 0.08954085703125003 0.07193880555555554
0 0.905654126171875 0.5340308680555556 0.02324618359375008 0.029693883333333337
0 0.314512261328125 0.5804084409722221 0.06629467265625 0.09183677361111109
0 0.496779559765625 0.5987757951388889 0.14292098046875001 0.2295919402777778
0 0.23650839375000002 0.5917349680555556 0.07146049062499998 0.07653064722222225
0 0.94052340234375 0.5634186298611111 0.11536995000000005 0.1760204875
