3 0.80996643125 0.6097350763888889 0.0975620828124999 0.2145695277777777
2 0.81650409609375 0.49798011458333336 0.06638244687499995 0.3307946875000001
4 0.5147656968750001 0.38443707222222223 0.07845198281249999 0.0858278111111111
0 0.518285978125 0.41304634166666665 0.07141142031249997 0.039337744444444434
0 0.510742518359375 0.5748675284722222 0.21926323671874992 0.30218541805555565
9 0.45240642695312505 0.3924834284722222 0.006034767968750021 0.019668870833333296
9 0.40312248906250003 0.4148344222222222 0.004023178124999971 0.02145695277777776
0 0.43832530234375 0.4407615729166666 0.01408112656249999 0.019668873611111082
0 0.425752867578125 0.44165561249999996 0.009052152343750008 0.02145695277777776
0 0.41519202578125 0.4452317722222222 0.010057945312500038 0.025033113888888903
0 0.3825036984375 0.4398675333333334 0.047272348437499945 0.042913905555555576
0 0.32668209492187505 0.43450329513888886 0.018104303906250008 0.028609270833333367
0 0.20204429765624998 0.4725350048611111 0.09594575312499998 0.10192611249999994
0 0.056123330078125 0.5078145513888889 0.11063741328125 0.11443708333333341
8 0.62640890546875 0.24764899722222222 0.026150662499999977 0.11622516111111114
