8 0.56850684140625 0.22661940277777778 0.05355796250000011 0.08841314444444442
8 0.563246683984375 0.30228065416666666 0.04495043203124993 0.07311086944444445
8 0.466172876171875 0.3328852027777778 0.030604549218749943 0.039105813888888896
8 0.31841028320312503 0.3371358347222222 0.023909803906250027 0.04080606666666664
8 0.48546468046875 0.3662344638888889 0.015302275000000087 0.02720404444444452
8 0.48546468046875 0.3900380034722223 0.011476706249999913 0.0306045513888889
0 0.66014970859375 0.5521570902777778 0.06981662968750002 0.06971036388888896
0 0.758658103515625 0.5819115131944443 0.0832061195312499 0.04420657083333335
0 0.839473243359375 0.6048649270833333 0.12624376796874992 0.09351390416666672
0 0.9281786199218751 0.6558725104166666 0.1429806335937499 0.13091946527777765
0 0.44567876015624996 0.41443661597222226 0.02104062812499996 0.028904298611111157
0 0.39365103125 0.40933585625 0.04131615312499998 0.05270783472222218
8 0.39881554218750004 0.3795814326388889 0.013389490625 0.017002526388888883
0 0.457155466796875 0.41613686875 0.009563921093749983 0.01870278194444447
0 0.3447110671875 0.41133971736111113 0.045906824999999984 0.056108343055555565
0 0.17262959161739863 0.4495035286223724 0.14325433027871626 0.14243438419669668
0 0.41300675675675674 0.5886621826951952 0.2219594594594595 0.31456752650150144
0 0.43534973671875 0.41095109097222227 0.01147670625000008 0.01870278194444447
0 0.419091069140625 0.40329995625000004 0.01338949140625001 0.017002526388888828
