8 0.5946327859375 0.42284998125 0.031193851562499986 0.04505778472222233
8 0.631675483984375 0.4514443458333333 0.011697692968750006 0.03639282777777775
0 0.215919937109375 0.5878703178115615 0.25442484765625 0.2260611661786786
0 0.400646024609375 0.5146985423611111 0.08383347421874998 0.11437745416666673
0 0.528833256640625 0.5164315347222223 0.038017505468749935 0.055455736111111154
0 0.577573648828125 0.5069000798611111 0.022420580468750062 0.032926843055555544
8 0.516648158984375 0.4601093027777778 0.007798463281250001 0.015596924999999984
0 0.3192495703125 0.5094995673611111 0.039967121874999956 0.027727868055555493
0 0.44158795390625 0.4973686256944445 0.01754654218749996 0.01732991805555556
0 0.48350469179687505 0.49823512152777777 0.011697692968749951 0.008664956944444469
0 0.505925271875 0.49476913958333335 0.015596924999999984 0.015596926388888932
