2 0.920777027027027 0.46197850895270265 0.03750000000000009 0.153520459572072
2 0.698370808203125 0.4251282805555555 0.01073665703124993 0.020822608333333326
2 0.6837299097656251 0.42686349791666667 0.010736657031250041 0.013881737499999935
9 0.86576506875 0.3340293645833333 0.01756907656249984 0.03643956805555554
9 0.8506361402343751 0.3357645819444445 0.014640897656249985 0.03991000277777779
9 0.8423396328124999 0.19000631319444444 0.017569076562499952 0.0711439152777778
9 0.5929563468749999 0.07895239513888888 0.020497256249999984 0.08502565694444444
9 0.567578791015625 0.07634956875 0.02244937578125006 0.07634956805555554
9 0.381283508203125 0.2915165361111111 0.014905185156249945 0.11105391944444443
8 0.379199243359375 0.15443435416666668 0.04001845234375001 0.02429304444444444
8 0.827210705859375 0.2411952298611111 0.012688777343750068 0.017352176388888918
8 0.852100231640625 0.24640088263888887 0.02537755546875009 0.013881740277777749
8 0.8403875125 0.270693925 0.011712717187499999 0.027763477777777767
8 0.836971303515625 0.29411936250000004 0.036114213281249974 0.022557824999999976
9 0.5651386410156249 0.3886887138888889 0.0058563585937499996 0.020822608333333326
9 0.50608702109375 0.37827740833333334 0.006832418750000069 0.020822608333333326
9 0.1742266796875 0.4355395861111111 0.012688778125000022 0.020822608333333326
0 0.46509250898437504 0.4476861076388889 0.010736657031249985 0.017352176388888862
0 0.450939640625 0.45375937083333334 0.01561695624999998 0.026028261111111117
0 0.43288253398437504 0.45289176180555557 0.018545136718749966 0.02429304305555552
0 0.420193755859375 0.4502889354166667 0.012688778906250031 0.026028262500000066
0 0.36430251796875 0.4704618534722222 0.029746196874999964 0.0663740986111111
0 0.22546982070312502 0.4971398076388889 0.09955810234375001 0.11278913472222224
0 0.321123683984375 0.4936693701388889 0.09174962421874999 0.0989073958333333
0 0.49047006328125003 0.4476861090277777 0.014640896875000031 0.02082260972222222
0 0.502670812109375 0.44421567152777774 0.017569077343750017 0.02082260972222222
0 0.5192638289062499 0.44768610763888883 0.013664837500000027 0.0277634819444445
0 0.531952607421875 0.44768610763888883 0.013664836718749962 0.0277634819444445
0 0.5495216839843751 0.4407452388888889 0.031233914843750044 0.058997394444444407
0 0.570995000390625 0.44855371805555555 0.021473316406249943 0.03991000277777779
0 0.588076047265625 0.4537593694444444 0.024401496093750086 0.05032130555555553
0 0.6139416320312501 0.4520241513888889 0.035138153125000016 0.06767348055555555
0 0.6193099625 0.4615678486111111 0.020497256250000095 0.0659382638888889
0 0.648591756640625 0.45896502222222224 0.05953964921874999 0.08849609166666667
0 0.6924265713048986 0.48065523958333334 0.08474145198479732 0.0937017458333334
2 0.754054054054054 0.42972972972972967 0.01418918918918921 0.045045045045045085
