0 0.06846261328125 0.4865977847222222 0.1369252265625 0.17325455277777768
0 0.10067171250000001 0.43046330972222224 0.05067695781249999 0.038809019444444426
0 0.17161945039062498 0.4380865118055555 0.04132121015625001 0.04573920416666666
0 0.147450441015625 0.44224462152777777 0.08186277578124998 0.05405542361111115
0 0.240228253515625 0.4464027284722222 0.044439791406249984 0.04573920138888893
0 0.41603831210937503 0.43184934652777773 0.015592910156250028 0.01940450972222224
0 0.42461441328125 0.4408585798611111 0.031185820312500057 0.029106765277777724
0 0.45619005507812505 0.4415516013888888 0.025728300781249935 0.024948655555555532
0 0.564950601171875 0.4408585840277778 0.014033617968749912 0.02356262083333338
0 0.576645284375 0.4401655638888889 0.00779645468750001 0.013860363888888783
0 0.541951059375 0.4353144375 0.01481326718750009 0.020790544444444448
0 0.506477187890625 0.43739349097222224 0.01247432734374998 0.022176587499999956
0 0.4854267609375 0.43877952986111113 0.021830073437499986 0.022176581944444385
0 0.38563213828125 0.43877952847222224 0.032745110937500044 0.038809020833333374
0 0.357564900390625 0.4360074541666667 0.017152200781250015 0.030492802777777772
0 0.31351493007812503 0.47689553055555556 0.11772646640625001 0.12335724166666667
0 0.5524762734375 0.45541196666666667 0.02650794687500002 0.03880901944444448
0 0.521680276953125 0.4484817861111111 0.02728759296874994 0.04158109444444441
8 0.485816583984375 0.2521596194444444 0.03352475703125002 0.02079054722222226
8 0.48581658515625004 0.29304769305555556 0.07250703125000002 0.06098559999999997
8 0.540391766796875 0.33393576875 0.014813261718750081 0.018018473611111085
8 0.54390017265625 0.3429450048611111 0.03586369218749996 0.038809020833333374
