0 0.104180116796875 0.5249117965277778 0.009355746093749992 0.013860365277777786
0 0.11509515351562499 0.5235257576388889 0.012474327343750008 0.016632437499999986
0 0.1466707953125 0.5221397229166667 0.016372554687499985 0.02494865694444448
0 0.17083980390625 0.5228327409722222 0.008576098437500013 0.02356262083333338
0 0.435807903125 0.5062003048611111 0.030406173437500073 0.054055420833333256
0 0.466214078515625 0.5036262472222222 0.022609719531250017 0.0516793777777777
0 0.49778971953125 0.49758709930555556 0.03274511093749999 0.05266938472222216
0 0.5441786265624999 0.49065691666666666 0.052236248437499966 0.049897313888888906
0 0.57341533359375 0.4871918236111111 0.02806723906249997 0.04019505555555558
0 0.58511001484375 0.4864988048611111 0.017152200000000062 0.04158109027777773
0 0.603821506640625 0.48095466180555557 0.020270783593750008 0.033264876388888864
0 0.619414416796875 0.4774895701388889 0.01247432734374998 0.03187883749999998
0 0.727005494140625 0.4608571340277778 0.031185819531249992 0.020790545833333396
0 0.7519541484375 0.46570825972222224 0.02338936406250003 0.03880901944444448
0 0.763648833203125 0.4691733513888889 0.017152200781250015 0.048511274999999965
0 0.7967280839843751 0.4740244791666667 0.06549022109375013 0.09425047777777773
8 0.44644448632812495 0.32354049444444444 0.01715220078124996 0.044353166666666666
8 0.510375416796875 0.3581914034722222 0.015592910156250084 0.02494865138888891
8 0.305607109765625 0.4422446201388889 0.0054575179687500475 0.012474326388888901
8 0.3087256921875 0.4644212034722222 0.008576099999999975 0.020790545833333396
8 0.281438100390625 0.09296343958333333 0.014813264843750007 0.02633469305555554
9 0.28154946640625 0.15048395277777776 0.025728301562499944 0.08870633333333333
8 0.20592385390625 0.3154222847222222 0.013253973437499983 0.047125238888888865
0 0.187212362109375 0.5267928409722222 0.02884688359375004 0.034650912500000075
4 0.218788003125 0.5051112673611111 0.0311858203125 0.058213529166666556
7 0.41097061601562496 0.5051112659722222 0.019491136718750024 0.06930182083333336
5 0.408631680078125 0.5182786125 0.028846882031249965 0.054055422222222205
5 0.37705603828125 0.5229644162349849 0.04366014687499997 0.04956666302552548
5 0.34664986328125 0.5286738881944444 0.024948653124999998 0.04712524027777765
5 0.337294117578125 0.5259018138888889 0.018711492968749965 0.04158109166666657
7 0.35288702773437497 0.5103584131944445 0.012474327343750036 0.062371637499999966
7 0.34314145937499996 0.5020421944444444 0.007016809374999988 0.04019505555555564
4 0.297922020703125 0.50115116875 0.02105042890625003 0.03603694861111112
0 0.31741315703124995 0.5062003034722222 0.036643337499999984 0.03465090972222212
0 0.676671607421875 0.5249117923611111 0.11091453984374999 0.15246400416666667
8 0.473732079296875 0.30344296527777775 0.03430440078125002 0.09840858611111114
8 0.48932498828125004 0.3831400618055556 0.028067237499999953 0.03049280416666661
9 0.5115448859375 0.39323833124999996 0.01325397343750001 0.027720723611111164
9 0.40551309882812503 0.4223451006944444 0.011694683593750088 0.05266938472222216
9 0.3302773078125 0.4486797909722222 0.006237164062500022 0.01940450972222224
9 0.455466112109375 0.39046626111111116 0.010915036718750049 0.03880901944444448
7 0.379054054054054 0.5027027027027027 0.01418918918918921 0.05765765765765768
2 0.9025337837837837 0.44504504504504505 0.009121621621621556 0.0432432432432433
