8 0.686264723046875 0.30760603194444447 0.015596924218749919 0.015596927777777825
8 0.6813906843749999 0.32580244444444445 0.013647309375000027 0.02079589999999998
8 0.6614071238281249 0.24955080902777776 0.024370197656249926 0.02079590138888887
0 0.43866353085937504 0.39165613055555554 0.015596925781249993 0.02426188611111113
0 0.460109303125 0.3985880965277778 0.02729461875 0.041591801388888905
0 0.416730354296875 0.3916561305555556 0.012672502343750058 0.013863936111111086
0 0.367502558203125 0.40205407986111114 0.02729461953125001 0.03465983472222223
0 0.210558494921875 0.4171460704748723 0.07603501171875002 0.08563971594974445
0 0.50251344453125 0.39425561736111114 0.012672501562499994 0.019062909722222243
0 0.5722132523397572 0.4159180152777778 0.04094402342951453 0.04852376666666669
0 0.9614373167862277 0.5429767162845448 0.07438655861504473 0.191729702013534
0 0.016571733203124998 0.45491032777777785 0.031193850781249997 0.13690634444444455
0 0.085783090234375 0.43584741875 0.12087617265625 0.13344036250000002
0 0.261735906640625 0.4168972725676699 0.036067889843750006 0.05696319930910476
4 0.25101302031250006 0.39425561805555553 0.09455636093750003 0.07105266111111108
0 0.315837742578125 0.4089860472222222 0.031193852343749995 0.04505778333333338
0 0.341670150390625 0.40118758541666666 0.024370197656250037 0.05372274583333331
0 0.3884609265625 0.3977216013888889 0.010722885937499982 0.02252889166666666
0 0.39430977382812504 0.38992313819444446 0.012672502343750003 0.017329918055555504
0 0.40405785234375 0.38905664305555554 0.008773270312500026 0.02946086111111107
0 0.49032834687500004 0.3925226256944445 0.005848848437500054 0.022528893055555554
0 0.517135562109375 0.39772160069444445 0.008773271093749924 0.025994876388888866
0 0.524934024609375 0.39858809652777777 0.014622116406249885 0.03119385138888886
0 0.540043546875 0.40032108819444445 0.02339538906250005 0.03812581805555554
0 0.545892393359375 0.4107190409722222 0.01949615703124996 0.03812581805555554
0 0.47716844062499997 0.38992313819444446 0.008773270312500026 0.017329918055555504
