8 0.24265983828124998 0.3028432645833333 0.045911428125000014 0.07345828472222221
8 0.24265983828125004 0.4922024055555556 0.022037487500000036 0.03754534722222225
0 0.6085739285156251 0.5782375119676321 0.19190977421875 0.10707127606473588
0 0.23444046171875 0.5761884375 0.0651942296875 0.06039903611111108
0 0.327640662890625 0.5810856569444445 0.025710400781249976 0.03428053333333336
0 0.34554612109375 0.5900638923611111 0.028465087499999986 0.042442568055555574
0 0.386407292578125 0.5941142901701211 0.06427600078124995 0.06046026688197992
8 0.10405200273437501 0.4774278520833334 0.030301542968749998 0.04570737916666667
8 0.5066225882812501 0.4149267534722222 0.034246346874999944 0.023823545833333293
8 0.44594699531250004 0.4877209208333334 0.02829046093749993 0.0423529694444445
0 0.288116005078125 0.5896327548611111 0.013400744531249953 0.02382354583333335
0 0.271737317578125 0.5856621645833333 0.019356630468750025 0.026470606944444475
