9 0.175510524609375 0.15132907638888887 0.023401403906250007 0.06032361944444445
9 0.628912714453125 0.2698961861111111 0.019891191406250064 0.056163369444444444
9 0.464810374609375 0.3687021097222222 0.00468028046875002 0.016641000000000017
9 0.450184498046875 0.3863831729166667 0.010530630468750024 0.010400623611111104
9 0.209442559375 0.35518129791666664 0.014040840624999995 0.018721123611111168
8 0.198326893359375 0.2927775597222222 0.029251755468749974 0.03952236944444448
8 0.342830558984375 0.3458207395833333 0.009360561718749993 0.020801251388888886
8 0.648218872265625 0.26365581180555553 0.023401403906250007 0.018721120833333327
8 0.7049672753906251 0.3853431076388889 0.005850350781250069 0.016640995833333283
0 0.45164708398437503 0.42495742847222223 0.025741544531249938 0.03309809027777777
0 0.48206890859375 0.42382541458333334 0.011700701562500027 0.018721120833333382
0 0.57040920625 0.4342260395833334 0.012870773437499983 0.018721123611111168
0 0.58737522421875 0.4393393895833333 0.016380979687500075 0.0247875763888889
0 0.6147281299942771 0.43725792777777783 0.03832483030105416 0.049746400000000024
0 0.5218512953125 0.44159125859596815 0.08658519218750005 0.14577830052526974
0 0.89202184788783 0.5017721789537195 0.21595630422433998 0.21621714124077235
0 0.9786254258943783 0.6039182282793867 0.04168441226575814 0.15843270868824522
