9 0.36364891445312497 0.1931434847222222 0.022878044531249975 0.06257242500000001
9 0.2694969640625 0.2439835826388889 0.019358343750000007 0.03597914583333334
9 0.358809327734375 0.3738213701388889 0.014958721093750016 0.023464659722222225
8 0.198643015234375 0.31755506944444445 0.013198871093749953 0.051622252777777766
8 0.4925378859375 0.34023757499999996 0.016718570312500014 0.028157591666666704
0 0.34396258984375 0.4184531097222222 0.014958720312500007 0.023464661111111118
0 0.36068116054687505 0.42549250833333335 0.014958721093750016 0.018771730555555588
0 0.37783969375 0.42862112916666667 0.012318945312499996 0.01877172777777769
0 0.427995404296875 0.43331406041666665 0.09327202421875008 0.14078795972222213
0 0.2889872242061063 0.4326680895170831 0.10555110940028747 0.13636739847861057
0 0.23177218203124997 0.4075029354166667 0.03695684062499999 0.04536501249999997
4 0.12882098554687502 0.3660487006944444 0.14606751015625002 0.11263036805555554
0 0.06696226875 0.3948460997693072 0.13251668125 0.19838275787194776
