9 0.12769982734375 0.4800387076388889 0.009748078125000004 0.04505778472222227
9 0.288055718359375 0.4055200638888889 0.010722886718749991 0.0381258166666667
9 0.5351695070312499 0.36306176458333334 0.009748078125000004 0.03985880972222222
9 0.5268836406249999 0.3656612548611111 0.006823654687500014 0.03812581527777781
9 0.750602041015625 0.2827654104166667 0.02144577265625003 0.05603125138888887
9 0.8817136960937499 0.4315149395833333 0.03996712187500007 0.05198975138888884
9 0.6667685664062499 0.5077665763888889 0.01754654218749996 0.02426188611111102
9 0.10479184375 0.5233635013888889 0.016571732812500004 0.024261883333333234
9 0.12233838515624999 0.5233635020833334 0.014622118749999996 0.027727868055555493
9 0.42209179765624993 0.5198975180555556 0.0058488468750000355 0.02079589999999998
8 0.6053556726562499 0.3959886083333334 0.02339538750000003 0.02946085833333334
8 0.6614071234375001 0.46184229583333336 0.016571732812500017 0.012130944444444458
8 0.842233978515625 0.3310014201388889 0.058488469531249976 0.027727868055555605
8 0.8323594476562499 0.29720808125 0.023142482812500087 0.03639282638888891
8 0.848082826171875 0.38212467638888886 0.03119385078124992 0.04679077500000006
8 0.8500324414062499 0.44624536944444443 0.027294620312500073 0.07798462777777782
2 0.64337317890625 0.5961491534722222 0.019496156250000007 0.07625163749999997
2 0.60145644140625 0.5744867576388888 0.013647310937499935 0.05025675972222221
2 0.68918914765625 0.5978821458333333 0.013647310937500046 0.07278565277777771
2 0.746215405859375 0.5632223104166667 0.014622117968750015 0.03465983472222223
2 0.861242731640625 0.5935496652777777 0.018521349218749816 0.07105266111111108
2 0.0038992312500000003 0.6134790715277778 0.0077984625000000005 0.09704753472222227
2 0.896823219140625 0.5597563277777777 0.011697694531249914 0.04159180000000007
2 0.6731048175781249 0.5831517145833334 0.012672502343750058 0.05025675972222221
2 0.6136415394531249 0.5770862451388888 0.008773271093749924 0.045057784722222216
2 0.66384414375 0.5718872694444443 0.009748078125000115 0.04159180000000007
2 0.724282229296875 0.5675547902777778 0.011697694531249914 0.022528891666666606
2 0.7822832964843749 0.57188726875 0.02437019609375002 0.027727868055555493
0 0.287568314453125 0.6516048875 0.22030657265624995 0.22875490833333334
0 0.43330208671875003 0.5779527409722223 0.043866353125000035 0.06412069583333335
0 0.5351695070312499 0.5744867576388889 0.02339538750000003 0.03985880972222233
0 0.96457236484375 0.5861847152777777 0.06726174218749992 0.06325472500000007
0 0.49666459726562495 0.5753532534722221 0.01462211796874996 0.020795898611111086
0 0.51421113828125 0.5675547902777778 0.012672501562499994 0.022528891666666606
0 0.461571514453125 0.5779527416666668 0.012672502343749947 0.03639282777777775
0 0.47152081757812503 0.5762197493055556 0.00917571953125007 0.03292684305555549
0 0.380175059375 0.5796857319444444 0.031193851562499986 0.06758667777777772
0 0.40746967929687494 0.5822852201388888 0.019496157031250017 0.02079590138888887
0 0.479404573828125 0.5697652333333334 0.014501942968749959 0.025781233333333264
