0 0.395190921484375 0.7087221965277779 0.013455797656250046 0.036402156944444486
0 0.39051064296875 0.7149625652777778 0.01813607500000003 0.03640215555555559
0 0.37763988203125 0.7154825958333333 0.016966004687500036 0.052003077777777795
0 0.35891877265625 0.7165226590277778 0.034517043749999976 0.06656394305555557
0 0.33463983515624995 0.7352437666666667 0.033932009375000016 0.08944529722222216
0 0.29222482421875 0.7440842888888889 0.07546947031249995 0.14872880555555557
0 0.45193928125000005 0.7010144155577486 0.018136073437500067 0.031387208893274954
0 0.4722192565822554 0.7102822875 0.025548963397989177 0.035362091666666595
0 0.488796464453125 0.7071621020833334 0.028666697656250073 0.05408320138888889
0 0.525361129296875 0.7061220409722222 0.07020415703125005 0.10192603472222217
0 0.548177480078125 0.7373238888888889 0.04797284140625002 0.06864406388888877
0 0.586204733203125 0.7435642618055556 0.07605450546874992 0.10400616249999994
0 0.665210994140625 0.7622853680555555 0.15035390390624992 0.18097071666666664
0 0.856863015625 0.7732060131944445 0.281986696875 0.4482665430555556
0 0.18897836679687502 0.7772726909722223 0.16380970078125 0.24961478194444442
0 0.084549683203125 0.8329159861111111 0.16673487421875 0.3234591555555556
0 0.40326456396514665 0.7086435038753538 0.011864143920595538 0.02605459057071957
