4 0.2133016925972988 0.6402066361980849 0.1559027898820976 0.1902236112850587
0 0.40710296346886876 0.554177002634659 0.13259925558312652 0.2233250620347395
0 0.5539658734983535 0.6172557405319008 0.14454961418420675 0.24853235050824585
0 0.07979216942420372 0.7055417669026491 0.15074441687344914 0.1389578163771713
0 0.643812200364242 0.7105045460589766 0.13235075697848409 0.1736972704714641
0 0.40505146953125 0.75300515625 0.18136087499999998 0.24545471805555563
0 0.82076511796875 0.7794085825397585 0.31776649062499995 0.2691398178572947
8 0.310860825390625 0.5616336805555555 0.009360560156249975 0.008320499999999953
9 0.31495606796875 0.5345920583333333 0.008190492187499954 0.029121747222222272
0 0.33312653666986125 0.5752688140490511 0.016749379652605423 0.1761786600496278
9 0.5089950230222187 0.5126137272004159 0.012562034739454053 0.018610421836228297
