0 0.35173815820312504 0.42562485069444445 0.02425780390625004 0.06749997638888894
0 0.34857409765625 0.3824998659722223 0.030585926562499977 0.022499993055555556
0 0.338027226171875 0.4256248513888889 0.03480467578124996 0.09374996666666668
0 0.470917803515625 0.3965623604166666 0.015820305468749907 0.05812498194444443
0 0.49464826445312493 0.39562486180555556 0.03164061484374997 0.059999979166666606
0 0.561620896875 0.3599998743055556 0.08542965624999999 0.08249997083333332
0 0.652851334375 0.41062485625 0.07382810000000006 0.09374996805555552
0 0.7625387949218749 0.48187483194444447 0.19617180546875013 0.20624992777777784
0 0.27843740234375 0.44906234375000004 0.13289057812500002 0.19312493472222225
0 0.242050696484375 0.48187483194444447 0.10019527734375 0.20624992777777784
0 0.12656245546874997 0.5699997993055556 0.2510155359375 0.47999983194444446
0 0.56900370703125 0.5718748013888889 0.258398346875 0.3599998777777778
0 0.41712876015625 0.38999986319444446 0.10441402500000002 0.22499992083333337
0 0.89964812265625 0.5764742810078451 0.19828118124999994 0.2829488675712458
8 0.8643161027343751 0.22312492222222224 0.03269530078125005 0.04124998611111111
