0 0.033473726953125 0.45396749166666667 0.06694745390625 0.11221668333333323
0 0.356256090625 0.38595738055555556 0.03729929531249998 0.04080606666666664
0 0.31656581562499997 0.3927583909722222 0.0459068265625 0.057808593055555524
0 0.24627098749999998 0.4029599097222222 0.07364219843749994 0.09181365277777781
0 0.40025013125 0.39105813958333335 0.03347372656250003 0.08501263749999993
0 0.614960177734375 0.4344145861111111 0.12815655390625003 0.15812351111111111
0 0.708686612109375 0.42336294444444444 0.09946478828125005 0.12921921111111107
0 0.9339169714843751 0.5835217759020414 0.13102573046875 0.40533030458186053
0 0.4848908390625 0.5075254555555555 0.20658071093750008 0.31114626111111104
9 0.52792848828125 0.35195232291666667 0.011476706249999968 0.02380353749999997
