0 0.8831759085937501 0.45144434375 0.22810503593749998 0.2720796986111111
0 0.8246874375 0.4419128909722222 0.21835695781250009 0.21142499305555557
0 0.93289110859375 0.3275354368055555 0.09943039999999992 0.04852377083333331
0 0.8076922934936825 0.3891645956867682 0.0879342431761786 0.07692307692307693
0 0.72184521015625 0.44451237708333335 0.0984555937499999 0.12304241250000003
0 0.6672559703125001 0.44364588194444443 0.05556404687499994 0.10397950277777784
0 0.45293099097761047 0.4653629207031855 0.026054318044778924 0.043215508593628826
5 0.6214400015625001 0.4592428076388889 0.04971519999999996 0.05892171805555563
5 0.5902461511718751 0.4635752861111111 0.030219044531250017 0.06758667500000004
0 0.49715200117187497 0.4670412701388889 0.015596925781249993 0.029460859722222232
0 0.473756612890625 0.46704127013888885 0.015596925781250048 0.02599487638888881
8 0.62680144453125 0.39512211319444446 0.04094192812499997 0.02079590138888887
0 0.1364730984375 0.5302954680555556 0.0428915453125 0.06238770277777783
