9 0.538071525390625 0.16570300555555556 0.01582030234374998 0.0773436972222222
9 0.606626165625 0.42468720000000004 0.00791014999999995 0.023437483333333342
9 0.27242229531249995 0.3836716027777778 0.022412095312500047 0.03984371944444448
8 0.275718189453125 0.28757791944444444 0.02373045234375004 0.021093736111111094
8 0.293516030078125 0.24890607291666667 0.04086911171874996 0.03281247638888893
8 0.417441725390625 0.1973436076388889 0.08305658359375001 0.03749997638888891
8 0.6314748617318959 0.4313268707238639 0.021634615384615308 0.01484564188560572
8 0.34273218200389777 0.39003599156753627 0.013628164117204467 0.047884999801739214
4 0.8469025217827052 0.5368576346299846 0.040220982627910296 0.07434096925996925
0 0.43194366875 0.53601525 0.16479480937500002 0.29296854999999994
0 0.720004994140625 0.6157026923611111 0.26630841015625006 0.3585935013888888
0 0.9932736122826664 0.629298054774043 0.012446756684667437 0.12046542934080284
