8 0.49623108311567665 0.33380639149343927 0.017741350956146873 0.030722797568677074
8 0.13200332578125 0.47875017083333327 0.016472337500000003 0.06881775833333331
8 0.495735097463906 0.3023131416666667 0.030707196029776673 0.05856831111111116
9 0.31525807656250004 0.45459074513888886 0.007412553125000054 0.02342732361111105
9 0.308669140625 0.4523944326388889 0.00576531874999997 0.02196311527777778
2 0.846079134765625 0.5556210784722222 0.0757727492187501 0.2840562986111111
2 0.761658408984375 0.5607458048611111 0.06671296484375011 0.2591647708333334
2 0.707299696484375 0.5658705333333334 0.06671296484375 0.30162679166666667
2 0.58499259375 0.5387826895833333 0.026355739062499994 0.12738607361111115
2 0.126238007421875 0.6229746347222223 0.009883400781249982 0.07321038611111119
2 0.12253173281249999 0.6010115201388889 0.010707020312499982 0.07028197083333332
0 0.24236798320312497 0.5812447145833334 0.05106424453125 0.08931667361111106
4 0.28272520898437503 0.55854949375 0.07083104921875 0.09663771250000008
1 0.282725208984375 0.5395147930555555 0.13177869609375 0.09663770833333335
0 0.17969198298385278 0.5918689281042746 0.11843858628020558 0.16034815898632704
0 0.4120330546875 0.44726970763888896 0.14495656562500003 0.17277651250000003
0 0.45115485546875 0.6822750472222222 0.277558878125 0.44951176944444454
0 0.05405921835937501 0.6756861159722222 0.10811843671875002 0.1552060263888888
