8 0.167666948828125 0.35786279097222223 0.03314346640624999 0.02599487361111108
8 0.15645665937500003 0.30760603194444447 0.026319810937499993 0.01559692500000004
9 0.1311116546875 0.015596925694444444 0.020470965625000004 0.031193851388888888
9 0.15304483125 0.0233953875 0.013647310937500018 0.046790775
9 0.10820367070312499 0.017329918055555556 0.02144577265625 0.03465983611111111
9 0.14280935 0.39512211319444446 0.024370196875000028 0.03465983472222223
9 0.15938108359375003 0.3985880965277778 0.008773270312499998 0.02772786805555555
9 0.556615280859375 0.23222089166666668 0.01364731015624987 0.06585368611111114
9 0.5400435464843749 0.2330873875 0.015596925781249937 0.06758667777777777
9 0.716971169921875 0.4627087916666667 0.016571733593750082 0.027727866666666656
9 0.70429866875 0.46184229583333336 0.012672501562499994 0.0363928277777778
9 0.43476429921875004 0.4445123763888889 0.0058488468750000355 0.01906290833333335
9 0.503488251953125 0.4566433180555556 0.0029244242187499436 0.019062908333333295
8 0.24370196171875 0.4843711881944444 0.007798462499999992 0.015596926388888877
0 0.926067452734375 0.7642493513888888 0.14622117578124993 0.40552006388888884
0 0.37578842421875 0.5250964930555555 0.06726174218750003 0.0935815527777778
0 0.302190432421875 0.5259629888888889 0.06238770078125 0.07451864444444439
0 0.5697751859375 0.5580233361111111 0.051664815624999916 0.06931966944444445
0 0.542480566015625 0.5450258979166667 0.018521349218749927 0.046790776388888844
0 0.5346821035156251 0.5311619624999999 0.038017505468750046 0.05372274444444447
0 0.5186055075830047 0.5346013881346448 0.012477125646495502 0.03769786712348633
0 0.5103119074218749 0.5268294840277779 0.012672502343750058 0.020795898611111086
0 0.41185631484374996 0.5259629875 0.016571732812500017 0.06758667777777783
0 0.429402855859375 0.5216305097222222 0.01852134921875004 0.05892172222222225
0 0.49520238476562495 0.5216305104166666 0.009748078906250013 0.013863931944444463
0 0.444512378515625 0.5155650388888889 0.007798463281250001 0.012130941666666617
0 0.4761936328125 0.5164315347222223 0.006823654687500014 0.013863933333333245
0 0.45328564843749997 0.5112325583333333 0.0058488468750000355 0.013863936111111141
2 0.0483013546875 0.47156216875 0.0250488109375 0.09843743194444449
0 0.3425110503136388 0.523215086476632 0.015643096296852343 0.042685037957302496
