1 0.123003786328125 0.4770222711891861 0.14154333671874997 0.11839422571170555
0 0.47461248438766923 0.49575095514961237 0.029709828150338458 0.06240221813072033
0 0.4362598532282528 0.48607852978014404 0.013786797931383099 0.02974522042739014
0 0.42458192723672905 0.49788228337046736 0.023492164698335594 0.05293937684478367
0 0.396734626171875 0.4990669527777778 0.04545917265624999 0.07714284166666668
0 0.3262383677596037 0.4809300141285462 0.0222472480192073 0.026175092145981238
0 0.30521250394056376 0.4852397745573711 0.01859693515625005 0.018367343055555596
0 0.2850948889551675 0.48615814261292667 0.020663261718749992 0.016530609722222256
0 0.22522734268631445 0.5068192147007675 0.04339284609375002 0.049591825000000034
0 0.1687060312171733 0.5109717757830579 0.06198710058348317 0.06524388327569186
0 0.45647022890625 0.5098242187500001 0.04959182499999998 0.06979590416666676
0 0.365551880859375 0.5185904493055555 0.08265304453125 0.10469385416666666
2 0.023058330078124998 0.5066516756944444 0.017563772656249997 0.07346937361111106
2 0.037006030859375 0.515835348611111 0.012397955468749996 0.04775509166666664
2 0.008171385937500001 0.5038965770833332 0.016342771875000002 0.07897957361111108
1 0.7263710042968751 0.3951370305555556 0.47835448984375 0.7902740611111112
