0 0.48954708476562503 0.5439794874999999 0.04235968515624999 0.06795916944444447
0 0.6061740850117714 0.5501766186435604 0.016871785265627826 0.03506877237712536
0 0.594413133984375 0.5568366277777779 0.02479591328125008 0.06795917222222225
0 0.6389080888794707 0.5492194697963987 0.05301114487234215 0.058713634849711704
4 0.35207561401504595 0.5165031512824492 0.07356531297946423 0.12686259247489362
4 0.55170906640625 0.5611223298611112 0.08368620781250002 0.11571425972222216
0 0.41429838164062505 0.6097957902777777 0.15807394609374997 0.21306118055555545
2 0.33202152835541837 0.5477115451038345 0.025053524812365224 0.09025085050631043
2 0.07283799570312499 0.5657141659722222 0.024795914843750003 0.10653059027777778
8 0.1619353953125 0.29681626388888893 0.03306121718750002 0.022040813888888844
9 0.15935248828125 0.3921427722222222 0.013431120312499989 0.04591835833333335
9 0.42022615703125 0.2892856527777778 0.010331631249999917 0.04591835833333335
9 0.751354913671875 0.2663264736111111 0.01343111953124998 0.05510203055555554
9 0.741539865234375 0.2663264736111111 0.010331630468749964 0.04775509166666661
8 0.14747111406250002 0.3737754305555555 0.016530606249999996 0.016530608333333363
8 0.8474390765625 0.3719386965277778 0.01549744531250008 0.027551015277777813
1 0.7358574671875 0.5152039708333334 0.11881374999999994 0.14142853888888884
1 0.7761508277343749 0.5739794715277777 0.20559944609374992 0.23326525694444433
2 0.2781266364612111 0.546369474317141 0.009844916555064032 0.04675754192588821
2 0.10356168437499999 0.5647957986111112 0.025829076562499997 0.08632651111111123
2 0.1470890957102755 0.542770161919639 0.017832899233051064 0.09812079784660921
8 0.16555146640625001 0.45183663888888886 0.02376275156249999 0.04408162222222223
9 0.1402389734375 0.4444897 0.02479591406249998 0.029387744444444475
9 0.8703100530176999 0.45539140712605913 0.017280992402100015 0.029150344807673756
2 0.9616366843749999 0.5712602423611112 0.02582907656250011 0.11020405694444446
2 0.9752736469557088 0.5562154565135898 0.023737331107595794 0.10193755939634697
2 0.932241812109375 0.5618163180555555 0.027895403906249894 0.09367345000000005
2 0.011147992578125 0.6003886131944445 0.02229598515625 0.09559585694444439
2 0.2626130264951227 0.5274296691623012 0.006493703927879402 0.02895257999126888
2 0.25018468971278035 0.5257771430616218 0.007667457285003926 0.034973952789910334
8 0.20735266015625 0.42551814374999997 0.017049870312499993 0.025647668055555572
9 0.41103305156250003 0.4756476784722222 0.005246114062499974 0.023316062500000068
9 0.416934930078125 0.47681348125 0.006557642968749999 0.025647668055555572
2 0.120718576740977 0.5447812693951782 0.013929066547035795 0.07924091191202587
2 0.2832400860307396 0.5442827396805581 0.007257669095865227 0.04142388910856398
2 0.3136077014581756 0.5391896385606527 0.006875686511872259 0.03531216776467749
2 0.6750957504854211 0.5389524994608899 0.011433492309991689 0.05420322280292378
2 0.6652213707631556 0.5469597937385946 0.009701144990296062 0.05050754852090622
2 0.9894585594031937 0.5547762256879366 0.01726656775293922 0.10032390585989681
2 0.9947122284938745 0.5601106124733974 0.009286044364690604 0.08254261657502704
