9 0.34601321015625 0.449421325 0.006832418750000013 0.017352172222222184
9 0.457772059765625 0.4390100201388889 0.007808480468749934 0.024293043055555574
9 0.450939641796875 0.4390100201388889 0.007808478906249916 0.024293043055555574
9 0.52560821796875 0.44768610833333333 0.008784539062499874 0.02776348055555561
9 0.545617444140625 0.46243545763888894 0.009760599218750055 0.039910004166666624
9 0.555866073046875 0.4875961090277778 0.004880299218750106 0.024293043055555463
9 0.5475695632812501 0.49106654375 0.007808478124999962 0.017352173611111077
8 0.64078327890625 0.4285987166666667 0.030257854687499974 0.038174783333333295
8 0.49388627382812506 0.44768610833333333 0.02537755546874998 0.01735217499999997
8 0.337228670703125 0.4650382840277778 0.02440149609375003 0.02082260972222222
8 0.089309473828125 0.42512828124999996 0.028305735156249984 0.017352173611111077
8 0.0507551109375 0.47805241388888886 0.019521196875 0.022557827777777817
2 0.596372555078125 0.5361821979166667 0.009760599218749944 0.04511565416666663
2 0.5900281671875001 0.5335793743055555 0.008784539062499985 0.06073261249999995
2 0.656400235546875 0.5344469833333334 0.01073665703124993 0.03817478333333335
2 0.6495678164062499 0.5318441569444445 0.010736657812499995 0.04338043611111109
1 0.53683290546875 0.52143285 0.09955810156249995 0.07808478611111108
0 0.5275603378906251 0.558740025 0.04977905078125 0.08329043888888887
0 0.059051619921875007 0.5587400291666667 0.05173117109375001 0.07982000555555557
2 0.02976982421875 0.5439906784722222 0.010736657812500001 0.02602826250000001
1 0.043922692578125 0.528373720138889 0.08784538515625 0.06767347916666672
2 0.0039042394531250005 0.5656808958333333 0.007808478906250001 0.0694086972222222
0 0.183499247265625 0.5561372006944445 0.22254164140625 0.3175447986111111
0 0.0448987515625 0.7313941652777778 0.089797503125 0.2307839249999999
4 0.834531154296875 0.49957814861111116 0.32990822265624997 0.9963438
0 0.39275473476562495 0.7010278590277779 0.31700075078124995 0.46503828472222236
