0 0.5345627514088669 0.503853923774153 0.01998821049499644 0.04619628088163924
0 0.55177652421875 0.5062504069444445 0.030047235937499917 0.04613313055555568
0 0.50602277734375 0.5196047354166666 0.028681453124999978 0.09226625972222213
0 0.58318954453125 0.5268889125 0.057362906249999956 0.06798566666666661
0 0.6241630484375 0.5074644381944444 0.04097350312500003 0.08741014027777777
0 0.425441552734375 0.5293169743055555 0.15706509921875006 0.20395699861111105
0 0.32710514140625 0.5366011527777778 0.10789689375 0.14082745277777775
0 0.284765853515625 0.5171766770833333 0.05599712265625001 0.0874101430555555
0 0.18164920156250003 0.5159626458333334 0.17208871875 0.1918167
2 0.12770075390625 0.46254533541666665 0.012292051562500017 0.04127701249999999
2 0.116774487109375 0.46254533541666665 0.020486752343749998 0.060701487499999984
2 0.09355616796874999 0.5038223465277778 0.031413020312499984 0.12383103472222229
2 0.042339287499999996 0.46982951458333333 0.024584103124999993 0.07526984583333335
2 0.018283526171875 0.5038223500000001 0.03445368671875 0.17239222499999995
2 0.6738775582031251 0.5232468236111112 0.019120967968749958 0.041277013888888825
2 0.78382312734375 0.5208187659722222 0.015023617187500005 0.08012596527777777
2 0.7674337269531251 0.5171766770833333 0.02048675234374997 0.0874101430555555
2 0.9381566601562501 0.5135345861111111 0.02321832031250004 0.05584536944444446
2 0.9081094238281251 0.5305310020833334 0.017755185156249964 0.10440655972222218
2 0.893085805859375 0.5268889125 0.020486752343750192 0.1165468555555556
2 0.8794279703125001 0.5013942902777777 0.015023618750000023 0.055845369444444404
2 0.856209651953125 0.5584536874999999 0.050533988281249886 0.12140297499999997
2 0.8534780859375 0.49896623055555556 0.03141302031249993 0.07041372499999993
2 0.957960520703125 0.5487414486111111 0.035510369531249975 0.1408274527777777
8 0.69245222265625 0.3969877291666667 0.016389401562500017 0.026708652777777786
8 0.69791535546875 0.41762623472222227 0.01365783437500001 0.014568358333333309
8 0.5961644875000001 0.4589032479166667 0.015023618750000023 0.014568356944444416
9 0.026376682812499996 0.3257068444444444 0.025437696874999995 0.039542688888888844
9 0.511485910546875 0.427338475 0.009560483593750058 0.029136713888888888
