9 0.440512998828125 0.2735154298611111 0.010546867968749984 0.030468729166666708
9 0.34559118906249997 0.27468730416666665 0.01054686718750003 0.03281247777777779
8 0.465561809765625 0.3285935159722222 0.010546867968749984 0.028124979166666675
8 0.55125511015625 0.3051560326388889 0.018457018750000054 0.04218747083333335
8 0.502475847265625 0.28874979444444443 0.013183585156250066 0.014062491666666621
8 0.25594281328125 0.29109354305555557 0.018457018749999998 0.023437483333333342
0 0.277036548828125 0.34382788124999997 0.02109373515624996 0.03515622638888888
0 0.257261171484375 0.34382788124999997 0.026367169531249984 0.049218715277777825
0 0.23748579492187502 0.34031225972222223 0.026367169531250012 0.060937458333333305
0 0.2137553421875 0.34148413333333333 0.031640603125 0.06796870277777778
0 0.45633330039062503 0.36140599513888894 0.010546867968749984 0.023437484722222235
0 0.46292509296875 0.3660934909722222 0.018457018750000054 0.04218747083333335
0 0.48006375234375 0.36726536527777776 0.026367168749999947 0.04921871666666672
0 0.497861592578125 0.3742966104166666 0.022412094531250037 0.06328120694444445
0 0.51038599765625 0.37781223263888886 0.03691403750000011 0.07499994861111109
0 0.534116450390625 0.38835910069444446 0.03955075390624996 0.09140618750000007
0 0.5591652609375 0.40124971666666664 0.04746090468750008 0.08906243888888887
0 0.59871601484375 0.4153122076388889 0.08437494218749997 0.10781242638888888
0 0.68111341953125 0.4352340694444445 0.15688465781249994 0.17109363333333338
0 0.174863767578125 0.34617162986111116 0.06987299921874998 0.08203119305555556
0 0.07796442109375 0.3485153784722222 0.09755852812500002 0.1054686763888889
0 0.3983703593257625 0.3760549088835625 0.1036280923782506 0.171903879975555
0 0.8241553128906249 0.5008590236111111 0.23994123984375004 0.2648435666666667
