8 0.5256563953125 0.2921799013888889 0.051584682812499894 0.055450200000000005
8 0.45847634453124997 0.2911135513888889 0.0707789812500001 0.05331750000000002
8 0.44647990703124996 0.3422983506944445 0.020393943750000088 0.023459698611111135
8 0.422487031640625 0.3401656513888889 0.022793230468750036 0.023459699999999972
0 0.42908507265624996 0.3796206027777778 0.011996437500000068 0.01706160000000001
0 0.45247812578125 0.3721561513888889 0.010796793749999978 0.010663499999999992
0 0.44707972890625003 0.3860187013888889 0.011996437499999957 0.01706160000000001
0 0.46387474140625 0.3870850527777778 0.026392162499999983 0.03199049999999998
0 0.470472781640625 0.39881490138888886 0.029991094531249984 0.02985779999999999
1 0.815370361328125 0.35402820138888885 0.36469170078125 0.3668244027777777
