0 0.22308524375 0.6356622270833333 0.333923828125 0.3522516402777777
0 0.72799416640625 0.5551986548611111 0.16897350468750005 0.1984768125
0 0.409157258203125 0.5578807743055556 0.12471853828124996 0.1752317819444445
0 0.47604260273437504 0.5480463368055555 0.05531870546875006 0.11264900416666668
0 0.506719340234375 0.5274834243055555 0.048278144531249956 0.08225165416666658
0 0.53437869296875 0.5212251451388888 0.0191100984375 0.06615893750000001
0 0.54695112578125 0.5122847500000001 0.020115892187500095 0.05543046111111105
0 0.5600264578125 0.5078145493055555 0.020115893750000002 0.03933774583333338
0 0.6575885390625 0.5221191875 0.07442880468750002 0.14304635277777783
0 0.6163509585937501 0.5256953430555555 0.032185429687500045 0.06794701666666669
0 0.5942234757812501 0.5113907090277777 0.024139071874999973 0.04291390694444441
2 0.5790767506280936 0.5216899402520185 0.01597310594368706 0.07066468605959264
8 0.654571155859375 0.43271521458333334 0.018104303906250063 0.03218542916666667
2 0.010460258203125 0.6150993145833333 0.02092051640625 0.19668873472222215
2 0.07724501796875 0.5328476625 0.0462665546875 0.13947019444444436
2 0.046065383203125004 0.5802317659722223 0.03419701796875 0.2092052902777778
