0 0.05463133906249999 0.643072275818988 0.10926267812499998 0.36806932941575365
0 0.32141324319304654 0.5271953966950728 0.07697614888609317 0.08770057950125659
0 0.43437953632812504 0.5759005541666666 0.15986849765625 0.2449447111111111
0 0.551684774341906 0.5348279333818343 0.08933358725368812 0.1104448862081131
0 0.74517651328125 0.6096042921683172 0.24506157656249994 0.2635483656633655
0 0.362333532421875 0.5170016284722222 0.03260476015625002 0.059833823611111114
0 0.5164148481443374 0.5140132728616265 0.04628266152382532 0.06881556516769749
2 0.0878224984375 0.5095224034722222 0.024190624999999993 0.06731304861111115
2 0.6484140046875 0.5067176923611111 0.02103533125000001 0.07292246805555552
2 0.26767455742187496 0.5029780798611111 0.009465896093749981 0.04300555972222225
9 0.291339302734375 0.23466078055555556 0.018931797656250027 0.06731305277777777
9 0.496433753515625 0.3122577659722222 0.014724728906249984 0.05048478749999996
9 0.20772386718750002 0.4150971493055555 0.009465896875000018 0.04300556527777771
9 0.214560351171875 0.41790186180555555 0.008414130468750003 0.03739614027777771
9 0.14320372799119552 0.4113575375 0.015051713794891008 0.05422440277777785
9 0.11411665546875001 0.3730264902777778 0.01577649375000001 0.05983381944444455
9 0.614231592578125 0.41042263055555556 0.010517663281250034 0.044875366666666694
8 0.5132620171875 0.33189074166666666 0.02313886093749995 0.014958452777777742
8 0.469087826953125 0.43766269930555557 0.023138861718750015 0.013344381944444483
8 0.555332673046875 0.42257638333333336 0.013672963281250006 0.024307488888888895
8 0.5048478863281249 0.4309905083333333 0.016828264843749996 0.02617729722222223
2 0.9336179988281249 0.5415605888156102 0.03155299140625001 0.17089605570211308
2 0.2560844015625 0.50503638125 0.00956048593750003 0.038848951388888886
8 0.353737920703125 0.43098056597222223 0.019120969531249976 0.021852540277777777
