8 0.14471086015625 0.25169509375 0.0163809828125 0.01248074861111112
8 0.482276103125 0.26001559305555555 0.01287077187500002 0.012480747222222255
8 0.151146244921875 0.2662559673611111 0.010530632031250015 0.012480748611111092
0 0.397446015625 0.35466126875000004 0.014040842187500013 0.018721123611111057
0 0.3749902430762676 0.35969817324884734 0.015932103340035197 0.016967809057860828
0 0.3377835359752899 0.35920061281202664 0.011480369632407672 0.02307166071053912
0 0.3124431724894916 0.36163999363992805 0.024225962166483206 0.029725165497921757
0 0.4443513149543784 0.35717937851913106 0.031945376368438694 0.04703069298686807
0 0.41506374826565595 0.35142831619260784 0.02119462309381198 0.041376968496326716
0 0.23005151675808633 0.34146255484975513 0.05601443820367269 0.05759929863382318
0 0.200289191796875 0.3498925847247598 0.06903413984375001 0.04073923888381381
0 0.042518640234375 0.4097845736111111 0.08503728046875 0.19553172499999993
8 0.029458948828125 0.2964177736111111 0.031591894531250005 0.02288137222222225
0 0.6911336277343749 0.3140988368055556 0.03042182421875006 0.029121745833333323
0 0.7422962485681551 0.30897758242365503 0.08594425963631025 0.03936425737491228
0 0.47935092734375 0.36298176666666665 0.023401403124999942 0.022881372222222196
0 0.3278006058601528 0.35786955546334165 0.01647183468997615 0.03283274793422869
