9 0.463598994140625 0.21556454583333334 0.011023188281249985 0.060967750000000015
9 0.268212952734375 0.3962903736111111 0.00973704140624998 0.04354839166666663
9 0.6362955906250001 0.3494758527777778 0.008573589062499942 0.041370972222222246
9 0.42746743828125 0.43330650625 0.0048991937500000304 0.021774195833333287
9 0.3974598734375 0.4376613465277778 0.003674395312500023 0.021774195833333343
9 0.406033464453125 0.45943554305555556 0.008573589843750007 0.02177419722222218
9 0.451351008203125 0.4529032826388889 0.006123992968749992 0.021774195833333343
9 0.738566269921875 0.3091935875 0.014697582031250045 0.052258069444444444
0 0.2724823277695518 0.5008292562019203 0.02317498522660355 0.03479323481838181
0 0.158011757421875 0.5258468416666666 0.039193553906249984 0.03701613333333331
0 0.4072593605575703 0.4836068541959569 0.013470583572359418 0.01697996938586399
0 0.43728693749859937 0.48004728261458546 0.031287547852943576 0.049933154118059764
0 0.5740954578987172 0.4885003905171541 0.05809472048493447 0.07119420881208588
0 0.8988605933593751 0.46052425277777775 0.12217128359375007 0.08491936666666672
