0 0.41289497025109206 0.2754871523034004 0.02749930456468419 0.045352081504310415
0 0.399661900390625 0.28530605138888887 0.017563771093749958 0.04408162222222223
0 0.380031801953125 0.2834693194444445 0.029961728906249985 0.06244896666666666
0 0.35110323671875 0.29448972361111114 0.05269131562500001 0.0771428388888889
0 0.29479585078125004 0.29999992708333334 0.08678569687499998 0.11755099583333337
0 0.19652241677788312 0.33380111155001574 0.17378637730576627 0.16015268523330184
0 0.6161081143319749 0.29427032979626533 0.05214591308823924 0.09336601581513324
0 0.654777335212724 0.31058446747863 0.07699115636294784 0.10872006273503781
0 0.8508097683593749 0.42345909375 0.29755095703125 0.31206115972222226
0 0.93920204453125 0.6064239035552088 0.1215959109375 0.3867412900183718
0 0.530603021484375 0.2377258951388889 0.016530608593749996 0.029387748611111097
0 0.46234046328125 0.28285708263888887 0.05269131562499996 0.06428570138888884
0 0.5587476099349117 0.26182398387469424 0.011919065848740473 0.03112200527171108
0 0.5654520844748282 0.2661280909867394 0.011174124233194194 0.034432856896361164
0 0.5740189130536104 0.2681146019615295 0.01638871554201804 0.03973021949580138
0 0.5809096229974134 0.2727497942360396 0.013781419887606061 0.04105456014566139
0 0.5859379789023509 0.2777160716730148 0.01489883231092548 0.04304107112045147
0 0.5904076285956285 0.28235126394752497 0.014153890695379312 0.04568975242017165
