0 0.8677910573919378 0.6714671655444024 0.2644178852161244 0.35205325416666666
0 0.279892730859375 0.48649878541666663 0.09979462265625003 0.10256669583333322
0 0.33849583948014705 0.46347332460872515 0.04080096021029406 0.06205991866189481
0 0.1743857730005525 0.4359622308315013 0.043150514751104985 0.0761244550036641
5 0.1624967751381569 0.46092313218514613 0.033406137776313766 0.051415389370292275
0 0.5592442301006713 0.4912660090408852 0.019368482004203158 0.026486812997201015
0 0.50694202291785 0.4978134556992487 0.03309001927319999 0.053122139176275174
0 0.5319982341941112 0.4925903496907452 0.02394938557572257 0.03840587884594138
4 0.5003717274551395 0.4787195426892086 0.024627303347779017 0.054367506288249545
4 0.548090778515625 0.46362918541666664 0.02027078203124999 0.031878837500000035
8 0.1898190710226106 0.33540064790549423 0.024218220454778783 0.04716557363345597
8 0.40268689609374997 0.42828525625 0.01013539218749998 0.011088293055555531
