0 0.030589121874999996 0.5668687608177616 0.06117824374999999 0.2610271736111111
0 0.21907544703630438 0.4053076301866406 0.02841797063510884 0.0356377325955034
0 0.1913655619344684 0.40398620845831534 0.038764811368936836 0.0438710169166307
0 0.47443309960937496 0.3779721513888889 0.017588744531249978 0.013595166666666603
0 0.49316893632812503 0.3806911819444445 0.01835347265625009 0.0217522638888889
0 0.6187079627697587 0.43969136394588837 0.08283787866451753 0.13363924428352952
0 0.5081901235773374 0.5383951020833333 0.17773736355717296 0.2827794402777778
0 0.85335585 0.39972441527777774 0.08870845312500009 0.07341389444444446
0 0.96730032890625 0.40924102916666666 0.06423715624999993 0.06525679444444443
9 0.7164695289062499 0.20939210069444444 0.019882928125000032 0.07613292638888886
9 0.7371171875 0.27736792638888885 0.044354228125000006 0.04894259444444443
2 0.7298522703125 0.39700537847222217 0.014529831249999958 0.09788519027777781
0 0.934417022265625 0.4146790972222222 0.05047205078124983 0.035347430555555504
