0 0.5544079859375 0.5235471145833333 0.0883792203125 0.053389820833333324
0 0.426880215625 0.5351693930555554 0.08323091562499996 0.05033897222222217
0 0.315762651171875 0.5387287187500001 0.10468218359375003 0.06559320972222227
8 0.07516641552633707 0.37009921511386346 0.05435487265676191 0.08531375407988256
8 0.24593876523437497 0.422332125775016 0.036038128906249994 0.019152067242422577
8 0.2465042003332163 0.3105063013371594 0.036623358708567505 0.0919086054520965
8 0.7257897672513458 0.39266276363215047 0.011016256020258797 0.029988696944037774
8 0.7393972367521412 0.44498780972222224 0.00996492506678237 0.02135592777777784
8 0.7405121835330746 0.4623224053268784 0.00704651550364932 0.019414957875978966
8 0.15412734140625 0.5100362284722222 0.024025420312500018 0.02288135138888897
9 0.233497030078125 0.18664644861111113 0.01801906484374996 0.03813558611111109
9 0.6426514600984552 0.29820389920552903 0.014114578025956503 0.02328443174439143
9 0.761136923046875 0.2667311784722222 0.015444911718750065 0.0244067736111111
9 0.9411437015624999 0.10427358333333334 0.030031773437499965 0.04423728055555558
9 0.21461991406250003 0.46579893819444446 0.00943855624999998 0.01372881250000002
9 0.20818453398437503 0.5016463902777777 0.00858050703124999 0.015254233333333311
8 0.5832794609375 0.02435910555555556 0.026599570312500043 0.04118643333333334
