8 0.4062613000487598 0.24936175471925953 0.022928245410019532 0.024639993339258703
8 0.41111311256736427 0.3008936308986634 0.1174885373652716 0.0795531530578118
0 0.76424935078125 0.5883506902777778 0.18131425781249988 0.1819641305555555
0 0.5281629558127747 0.5560158507664779 0.10296383818804944 0.1450223209774002
0 0.426444087705444 0.5251192745155279 0.043797662910887936 0.07283121569772227
0 0.3918727546875 0.5207640145833334 0.015596926562500002 0.0225288930555555
0 0.361166307421875 0.5190310229166667 0.01657173359374997 0.02252889305555561
0 0.120739686328125 0.511102020867839 0.16793992265625 0.16082228048654412
0 0.284156487109375 0.5164315354166666 0.026319811718749975 0.03119385138888897
0 0.315837742578125 0.5120990541666667 0.031193850781249977 0.02599487777777787
