0 0.425486140625 0.5321086520833334 0.011996437500000068 0.01919430138888889
0 0.41049059414062494 0.5329783868055555 0.017994655468749954 0.03372997083333329
0 0.37929985664062493 0.5225115013888889 0.046786105468750006 0.1023695999999999
0 0.3511082296875 0.5417058027777778 0.016795015625000076 0.046919399999999944
0 0.33431321562500005 0.5427721520833333 0.028791449999999996 0.0533175013888888
0 0.31931766875 0.5523693013888888 0.03718895625000007 0.06398100000000007
0 0.295324794921875 0.5513029520833334 0.027591805468750008 0.06611369861111105
0 0.273131385546875 0.5609001013888888 0.05278432734374999 0.08104260000000008
0 0.217947772265625 0.5609001013888889 0.07197862578125003 0.11516579999999998
0 0.13337288671875 0.5736963013888889 0.12596259375000002 0.1578198
0 0.43628293515625005 0.5395731006944444 0.019194299999999942 0.03838859861111121
0 0.506462094921875 0.5374404013888889 0.020393946093750115 0.03412320000000013
0 0.513060136328125 0.552369301388889 0.009597150781250008 0.038388599999999995
0 0.5250565746093749 0.5470375513888888 0.014395725781250035 0.05331750000000002
0 0.5334540796875 0.5481039013888889 0.021593587500000067 0.05118479999999992
0 0.5520485570312499 0.5502366020833334 0.02519251875000006 0.07677720138888888
0 0.5772410765625 0.5577010506944444 0.04198753124999999 0.08317529861111106
0 0.5928364453124999 0.5715636020833332 0.03478967031250002 0.07251179861111112
0 0.6713569109374999 0.5620419777777778 0.15846537656250004 0.17716515555555556
0 0.753588707421875 0.6270138027777779 0.20993765703125 0.18767760277777767
0 0.035195794921875 0.5726299534722222 0.07039158984375 0.24526050138888894
0 0.913683399609375 0.6419427034722223 0.17263320078125 0.3284358041666667
0 0.4686733171875 0.569430901388889 0.07437791250000003 0.10663499999999992
