0 0.21884758046875 0.4715108401673405 0.08753903125000001 0.1088529474430967
0 0.28881131878791577 0.4754436239718881 0.09668530632583158 0.09286240205622365
0 0.448980307421875 0.4237498513888889 0.02003905546875001 0.037499986111111105
0 0.42577719140625003 0.43124984930555554 0.02425780468749994 0.037499987500000054
0 0.4671209234375 0.38812486458333334 0.013710934375000039 0.026249990277777746
0 0.48241388671874996 0.3890623631944444 0.014765617187500024 0.02812498749999992
9 0.035332019140625004 0.18656243472222223 0.024257803906250004 0.09937496388888889
9 0.5345154566406249 0.35906237500000004 0.008437496093749997 0.02437498888888895
9 0.523441242578125 0.35624987430555555 0.007382810156249975 0.01499999305555555
9 0.42060924765625 0.36749987013888885 0.008437496875000061 0.022499993055555556
9 0.3974061296875 0.40874985625 0.00843749687499995 0.01499999305555555
0 0.445394395703125 0.3674998715277778 0.015820307031250036 0.026249990277777857
0 0.45298812265625 0.37874986736111116 0.02214842968749997 0.029999990277777833
9 0.8369997453125 0.09093746736111112 0.023203115624999993 0.08812496805555556
0 0.071718724609375 0.47999983125 0.08437496953125 0.09374996527777779
9 0.856405949609375 0.08953121875 0.01898436640625001 0.08062497083333332
9 0.8158004960937499 0.09890621527777776 0.01792968125000005 0.08437496944444443
8 0.0485156078125 0.21187492430555555 0.0590624796875 0.07499997361111113
8 0.030585926562499997 0.30093739444444445 0.027421865624999996 0.02437499166666668
8 0.056953104296875 0.29249989652777775 0.014765619531250003 0.02249999027777777
8 0.42767563203125003 0.2521874104166667 0.03058592812500005 0.06562497638888892
