9 0.7015136707031251 0.5219776034722222 0.004781960156250098 0.027204045833333357
9 0.73594378828125 0.52367785625 0.0047819609374999406 0.023803540277777757
9 0.672821904296875 0.5882874604166667 0.004781960156250098 0.013602020833333395
9 0.65369406015625 0.5882874604166667 0.004781960937500052 0.013602020833333395
9 0.62261131484375 0.5984889791666667 0.0038255687499999524 0.013602022222222176
9 0.5848338234375 0.56958468125 0.0047819609374999406 0.017002526388888883
8 0.555185665234375 0.5632087340277778 0.01243309921874991 0.030604551388888734
8 0.551360097265625 0.5759606291666667 0.012433099218750132 0.02550379166666672
8 0.5561420570312501 0.5972137881944445 0.006694745312500028 0.017002526388888883
8 0.860035675390625 0.5224026673611111 0.007651136718750173 0.02040303472222227
8 0.859079283984375 0.5776608812499999 0.011476707031250033 0.022103287500000124
0 0.644289556640625 0.6188920118055555 0.007651136718750062 0.017002526388888883
0 0.640942183984375 0.6248428979166667 0.00860752890624994 0.01190176805555554
0 0.6983257148437501 0.6265431506944444 0.02199702031250006 0.015302273611111028
0 0.670112144921875 0.6341942881944445 0.009563921093750039 0.017002526388888883
0 0.65608504140625 0.6344776722222223 0.015302275000000032 0.02550379166666661
0 0.628349668359375 0.6378781770833333 0.01721506015624996 0.0255037930555555
0 0.7198445402343749 0.6911527555555557 0.09563921953124999 0.1173174416666668
0 0.8154837589843751 0.6384449208333334 0.03634290390625006 0.02890429722222232
8 0.22395517578125002 0.5797861986111111 0.012433098437499984 0.030604550000000064
2 0.38829522812499995 0.6409952993055557 0.003825568750000008 0.02040303472222227
2 0.394989974609375 0.6384449194444445 0.003825567968749999 0.015302275000000032
2 0.8173965433593751 0.6367446680555555 0.009563921093749816 0.0357053083333333
