0 0.27944618906249996 0.5792276916666667 0.022385214062499992 0.05204084166666667
0 0.2493122484375 0.5784623854166666 0.044770429687499974 0.06581635694444443
0 0.40723870351562497 0.542908404861111 0.008609697656250026 0.010714290277777816
0 0.3977680359375 0.5421430972222222 0.006887759374999969 0.01530613055555552
0 0.3895888234375 0.5452043243055555 0.01119260625000007 0.015306129166666738
0 0.37796573046875 0.5513267736111112 0.018941335937500026 0.02142858055555552
0 0.363329244921875 0.5536226930555556 0.015497455468749977 0.022959194444444497
0 0.34826227304687496 0.5589798388888889 0.019802303906249985 0.024489805555555577
0 0.48033504492187507 0.5597451437500001 0.01808036484375003 0.01989796805555566
0 0.49798492578125 0.5551533076388888 0.034438793750000085 0.03520409583333339
0 0.513051896484375 0.5574492249999999 0.03874363984375001 0.03673471111111115
0 0.42953782812499997 0.5497961597222222 0.012914546875000044 0.012244902777777789
0 0.42480249492187494 0.5796431104166666 0.03616073046874996 0.04744899861111118
0 0.328951951171875 0.5651241625000001 0.02669006328125001 0.03214287222222223
0 0.209707637109375 0.5905979388888889 0.06371176328124997 0.07040819444444457
0 0.769276493359375 0.5724492361111111 0.17047201484374996 0.11326535555555561
8 0.07361291523437499 0.5089287993055556 0.01721939453125 0.04744899861111107
8 0.6615117718750001 0.44872470138888887 0.015497454687500078 0.06581635833333327
8 0.5581954 0.4954083944444444 0.008609698437499924 0.039795936111111097
8 0.47726424023437497 0.4556124541666667 0.01894133515624996 0.018367350000000005
