9 0.38514194375 0.4344137604166667 0.010546868749999994 0.014765623611111056
9 0.409531575390625 0.4340621965277778 0.009228510156250036 0.01874999027777785
8 0.460766284765625 0.44460907152777784 0.014501942968750015 0.021093740277777828
8 0.42648896406250003 0.41765596111111114 0.02504881249999996 0.03281247777777774
8 0.435717473828125 0.4539840645833333 0.006591792968749954 0.021093740277777717
8 0.46142546328125 0.40710909513888893 0.010546865625000068 0.02109373749999993
8 0.47988248203125006 0.45281218958333336 0.007910150000000005 0.01874999027777774
8 0.3460690984375 0.4246872090277778 0.01713866093749994 0.014062490277777784
0 0.39418918125 0.4675778048611111 0.01845701718749998 0.028124984722222246
0 0.4284665015625 0.47460904791666664 0.02109373593749997 0.02343748472222218
0 0.40078097421875003 0.47390592569444445 0.021093735937500024 0.03749997638888897
0 0.444945983984375 0.4856246659722222 0.02768552734374996 0.03749997361111107
0 0.51547816171875 0.49499965833333337 0.050097623437500016 0.060937455555555575
0 0.33881812695312497 0.48445279166666666 0.03427731953125002 0.039843722222222155
0 0.19313951601562498 0.5032027763888889 0.061962849218750005 0.05859371111111117
0 0.6545649796874999 0.5201447180555556 0.13315420468749994 0.14765614722222226
0 0.597216386328125 0.4908478625 0.03691403671874993 0.07968744444444442
4 0.3078367015625 0.4615510083333333 0.0250488109375 0.0539062111111111
4 0.25312482617187504 0.4556916388888889 0.08964837421875 0.12187491666666672
4 0.05571376171875 0.49533657499999995 0.1114275234375 0.24609358055555547
0 0.56560201484375 0.4812740847222223 0.03823239687499991 0.05390621388888894
0 0.84641180390625 0.7062739270833334 0.30717639218750004 0.42890595138888893
8 0.35877477265625 0.4068747215277778 0.023730451562500032 0.02812497916666662
0 0.4320378570894098 0.4809520957804173 0.01126165030327847 0.02093074399801248
