8 0.0137524640625 0.3858662493055556 0.027504928125 0.12118113750000004
0 0.785445121484375 0.4166930277777778 0.02391732890624987 0.02125984999999997
0 0.766909191796875 0.4230709833333333 0.020329730468749974 0.025511819444444472
0 0.75136292734375 0.44858279930555556 0.03946359375000008 0.0680315125
0 0.7113014 0.45708674097222224 0.06218505625000004 0.07228348472222218
0 0.673631607421875 0.4198820076388889 0.034680127343750033 0.031889773611111116
0 0.732229062890625 0.40818908958333333 0.025113196093749957 0.029763787500000027
4 0.5947043988281251 0.43157492222222227 0.05620572421875003 0.06377954722222229
0 0.5386407241782405 0.4414478028085629 0.06605675304398106 0.05801348339490353
0 0.4697363546875 0.44007886111111105 0.07414372187499996 0.08078742499999997
4 0.36868563710937496 0.4453938243055555 0.13034944453125002 0.09566931805555556
0 0.20724366250000004 0.4666536736111111 0.15665850781250004 0.09992128611111112
0 0.650117856640625 0.4645276902777778 0.08490651953124995 0.10417325833333335
