9 0.28033244492187503 0.4387496909722222 0.00659179296875001 0.032812476388888845
9 0.427988593359375 0.49382777847222226 0.006591792968749899 0.0210937347222222
9 0.40755403671875 0.46218717430555556 0.00791015000000006 0.023437481944444505
9 0.399643886328125 0.462187175 0.007910150781250014 0.028124980555555568
8 0.482041290625 0.48445278541666664 0.01713865937499992 0.030468729166666653
8 0.5189553281250001 0.40945283680555555 0.011865226562499998 0.03515622638888888
2 0.563120337109375 0.5957808333333333 0.029003886718750094 0.11249992222222227
0 0.27110393554687495 0.5864058395833334 0.014501942968750015 0.04687496805555558
0 0.294175208984375 0.5770308465277778 0.042187471093749984 0.04687496805555558
0 0.445127253515625 0.5758589722222223 0.011865225781250044 0.016406238888888924
0 0.517636969140625 0.5653121041666667 0.02768552734374996 0.03281247777777774
0 0.369980820703125 0.5699996006944444 0.03295896171875001 0.04218747083333341
0 0.335703500390625 0.5805464694444444 0.04877926328125004 0.0632812083333334
1 0.42205598007812495 0.5571089847222223 0.03691403671874999 0.06796870277777778
4 0.161021003515625 0.5207808847222222 0.24257795859375003 0.3140622833333333
4 0.98301750859375 0.5242965076388889 0.03032224531250005 0.09609368472222224
0 0.97840325390625 0.5828902166666667 0.03164060312499983 0.04453121944444438
9 0.970493103515625 0.05882808055555555 0.05800777265625001 0.1176561611111111
8 0.9810399707031251 0.2102342236111111 0.03691403671874993 0.17109363333333327
9 0.40737907109375 0.5077276576388889 0.006006354687499993 0.018305081944444468
