9 0.523652160546875 0.38156236805555555 0.007382810156250086 0.016874997222222243
8 0.6386130578125 0.39281236180555557 0.01371093281250002 0.02812498750000003
0 0.60433572578125 0.4281694875 0.03164061562499987 0.03937498611111112
0 0.564257615234375 0.41691949097222225 0.010546871093750076 0.020624990277777755
0 0.5800779218750001 0.41464271597222224 0.021093742187500042 0.03374999027777775
0 0.6380857140625 0.43526770694444444 0.04851560781250008 0.05624998055555552
0 0.5310349703124999 0.42026771249999995 0.030585926562500032 0.0487499833333333
0 0.7177145933593749 0.4387498444444444 0.09597652890625008 0.14249995
0 0.8231833054687501 0.4603123388888889 0.20144524218750004 0.19312493333333336
0 0.008964840234375 0.5981333577515014 0.015820305468749997 0.18751706828078074
