8 0.2755306734375 0.5200233409722222 0.019194299999999997 0.040521301388888986
8 0.277929961328125 0.5637436923611111 0.023992875781250034 0.0341232013888888
8 0.5850387601562499 0.48483379027777773 0.019194299999999997 0.038388599999999995
8 0.5850387601562499 0.5232223916666667 0.019194299999999997 0.03412320000000013
0 0.45007883828125 0.5605446416666666 0.025192518749999948 0.04052129999999987
0 0.327715175 0.5712081430555556 0.01559536874999995 0.014928902777777697
4 0.329514640625 0.5552128916666668 0.011996437499999957 0.01706160000000001
4 0.304693923828125 0.5614232631944445 0.03433362578124999 0.05934014583333336
4 0.24913850937499998 0.5637436923611111 0.028791451562500042 0.06824640138888882
0 0.23954135937499998 0.5957341916666666 0.03838859999999997 0.038388599999999995
4 0.19575436289062498 0.5648100395833333 0.07797684453124998 0.1130330986111111
0 0.099782862890625 0.6042649888888889 0.11636544453125 0.13649279999999997
4 0.090785534375 0.5829379895833333 0.10556865 0.12369659861111115
4 0.389496828125 0.5829379909722222 0.10316936249999997 0.17488139861111102
