8 0.3516815484375 0.3424788583333333 0.06243954374999999 0.06203144444444442
8 0.411825520703125 0.40695890625 0.02295571484374992 0.04733978472222217
8 0.5539673234375 0.4526662930555555 0.019282800000000044 0.027750908333333324
7 0.63660789609375 0.4771523881944444 0.026628629687500016 0.08325272638888886
7 0.762772498828125 0.5057195 0.04682965859374999 0.12079807222222216
5 0.763231612109375 0.5408162361111111 0.05325725703125006 0.09631197500000005
5 0.63835252421875 0.5073519048611111 0.02387394374999996 0.05223700416666671
0 0.223129546484375 0.3832890222222223 0.03856560078124999 0.029383313888888873
0 0.2717956625 0.3979806805555556 0.01285520156250003 0.01958887777777779
0 0.30347454765625 0.3987968805555555 0.024792171875000046 0.03428053333333331
0 0.8967420710937499 0.6714087715277778 0.205683203125 0.4129988125
0 0.5059439503906251 0.4698065583333334 0.01285520078125002 0.013059250000000022
0 0.49446609375 0.46817415208333335 0.010100515625000028 0.013059251388888915
0 0.48436557890625 0.4665417458333333 0.01010051406250001 0.013059252777777697
