8 0.2267202109375 0.6380666104166667 0.03868517656250001 0.20122659583333324
0 0.343868233203125 0.49950044375 0.04871466640625005 0.06877364583333345
0 0.400463213671875 0.48421741041666666 0.012895058593749953 0.022924548611111095
0 0.42123858593749997 0.49058534097222223 0.02292454843749997 0.035660409722222286
0 0.45061066445312503 0.4918589298611111 0.018626196093749936 0.022924548611111206
0 0.48213191875000005 0.4995004430555555 0.030088470312500004 0.04839626944444436
0 0.440581173828125 0.48167023888888894 0.010029489843750017 0.022924549999999988
5 0.62397756484375 0.5259910388888889 0.09313097968749995 0.12481143333333339
0 0.556636702734375 0.4954249736111111 0.050147450781249936 0.10952839999999997
0 0.808376922265625 0.49313251319444446 0.0515802351562501 0.16301901527777785
0 0.7804376285156249 0.46256644861111107 0.047281882031250055 0.05094344166666659
0 0.715245942578125 0.46256644861111107 0.0429835289062499 0.05094344166666659
0 0.755363903125 0.4625664479166667 0.040117960937499975 0.04584909861111108
2 0.284407684765625 0.5030664895833333 0.018626196093750047 0.0687736458333334
8 0.634347345703125 0.37698147083333333 0.02579011796875008 0.066226475
