8 0.032273434375 0.6779386354166667 0.013431118749999998 0.023877545833333347
8 0.1066611734375 0.6391835375 0.01136479374999999 0.02571428055555547
9 0.10562801054687501 0.6630610819444445 0.009298467968750002 0.02571428055555558
7 0.46361900546875 0.67775495625 0.01859693437500004 0.05510202916666673
5 0.46361900507812503 0.6935508840277778 0.020663261718749992 0.04775509027777769
2 0.586565407421875 0.6678365986111112 0.016530608593749996 0.05142856111111105
2 0.83297479453125 0.6364284368055555 0.017563771875000023 0.03489795138888885
8 0.739473538671875 0.6006121173611111 0.01859693515625005 0.036734687500000085
0 0.13534435859375 0.7172447465277778 0.04339284687499999 0.07346937083333327
0 0.114681097265625 0.7016325055555555 0.012397957031250004 0.02387754722222224
0 0.05837371171875 0.7080610743055555 0.027895401562500005 0.029387748611111153
0 0.0377104515625 0.708061073611111 0.011364793749999998 0.018367341666666648
0 0.02324616875 0.7144896430555556 0.017563771875000002 0.014693874999999967
0 0.394151701953125 0.6832651590277778 0.019630097656250012 0.03489795138888885
8 0.41016572851562505 0.6024488520833333 0.024795913281250026 0.01653060972222231
0 0.42979582773437497 0.6878569951388889 0.037193869531250034 0.04408162361111112
0 0.553775392578125 0.6547957784722223 0.04545917421875001 0.022040809722222332
0 0.5093493816406249 0.6851018958333333 0.045459174218749954 0.04959182499999992
0 0.55222564921875 0.6786733243055556 0.06508927187500002 0.07346937083333327
0 0.775802125 0.6373468027777778 0.06508927187500013 0.025714277777777683
0 0.795535560546875 0.6920552597222223 0.08885202265625014 0.0973469194444444
0 0.71184933984375 0.7007141368055556 0.14774231562499995 0.11755099583333328
0 0.9081503332031251 0.6877258055555555 0.18183669609374997 0.1395918083333333
1 0.2681058109375 0.6254080319444445 0.23556117499999998 0.5014284638888888
