0 0.8244848591959912 0.6489389093803237 0.34860770817051745 0.37162814376064734
0 0.14764825276099341 0.6529745618055556 0.13526669291551321 0.12868715416666676
0 0.425612254296875 0.62262381875 0.05736290546875 0.0825540236111112
0 0.4775120265625 0.6056274020833333 0.03277880312500009 0.05827342638888888
0 0.5792628953125 0.6189817291666666 0.05872868906250006 0.07526984444444451
0 0.25010907773437496 0.6469044131944445 0.07511809140625 0.08255402361111108
0 0.29449704062500004 0.6359781451388888 0.049168204687499995 0.06070148749999993
0 0.32249560234374997 0.6214097881944445 0.04233928593749997 0.06555760694444446
0 0.3566401890625 0.6165536701388888 0.023218318750000022 0.06070148750000004
0 0.373029591796875 0.6201957597222223 0.017755186718749982 0.04370506944444441
0 0.384638750390625 0.6104835208333332 0.024584102343750025 0.04856118888888894
0 0.39693080234375 0.5983432236111111 0.013657835937499974 0.04370506944444452
0 0.544435415625 0.6129115805555556 0.016389401562499906 0.048561191666666725
0 0.5300946906249999 0.5910590444444445 0.023218318750000022 0.029136711111111158
0 0.519168422265625 0.5898450152777778 0.01502361796875007 0.021852536111111043
0 0.5104685714843751 0.5784372979166666 0.014765619531249996 0.02062499305555554
