8 0.05085441484375 0.29977339444444445 0.05123677968749999 0.0666163111111111
8 0.049324958984375 0.3879153993055555 0.05429569140624999 0.12507552083333334
0 0.027912573828125 0.5000755111111111 0.05582514765625 0.04486404444444442
0 0.197682200390625 0.5034743055555555 0.05582514765624999 0.029909363888888874
0 0.37000093007812496 0.5152567666666668 0.017588744531249978 0.013595163888888817
0 0.407982414453125 0.53089120625 0.029824392968750002 0.03942597916666668
0 0.4760432109375 0.5401812506944444 0.013000376562499916 0.043504529166666694
0 0.4963085046875 0.5374622159722222 0.03211857812500002 0.05166162916666661
0 0.577752042578125 0.5272658416666667 0.009941463281250007 0.031268880555555434
0 0.563222209375 0.5340634270833333 0.02982439375000001 0.05302114583333328
0 0.671558699609375 0.5231872930555556 0.043589499218750105 0.05030211111111105
0 0.74943348984375 0.5245468104166666 0.05658987656249992 0.06389727916666665
8 0.30729322968749995 0.4787764125 0.008412009375000029 0.0312688805555556
8 0.55876131171875 0.44252263194444447 0.0504720515624999 0.023111780555555517
8 0.55799658359375 0.4635951381944444 0.048942595312500004 0.021752265277777794
8 0.605409721875 0.43436553333333333 0.010706193749999926 0.009516613888888914
8 0.61649827890625 0.43232625694444443 0.008412007812500066 0.01631419722222216
8 0.605027358984375 0.44864045694444443 0.03900113046875009 0.01631419722222227
8 0.641351940234375 0.4275679506944444 0.013765103906249965 0.009516615277777807
8 0.6367635726562499 0.4343655333333333 0.02294184218749995 0.012235649999999987
8 0.6402048484375 0.4472809395833333 0.02676548125 0.010876131944444367
8 0.871662554296875 0.45838366458333335 0.01147092109374992 0.0312688791666666
2 0.7614142453124999 0.5315709652777778 0.010706192187499908 0.057099694444444404
2 0.69794181640625 0.5220543486111111 0.010706192187500019 0.06253776111111109
4 0.6150962933593751 0.5247733819444445 0.07188443671875 0.13595165277777777
0 0.448640471875 0.5490181083333334 0.06423715624999998 0.08293050833333326
0 0.53021145625 0.5564954479166666 0.0504720515624999 0.07069485972222223
0 0.645303050390625 0.5909365479166666 0.09712046328125001 0.1250755208333333
0 0.854201233203125 0.7734516222222223 0.28983193046875 0.447507513888889
