8 0.36846258515624997 0.19868240208333332 0.0478269328125 0.08502565694444442
8 0.447035401171875 0.25941501319444443 0.031233914843749988 0.07808478472222224
8 0.7190601594986454 0.2899090125602173 0.016749379652605367 0.029776674937965264
8 0.7388772906250001 0.29758979583333334 0.00976059843749999 0.03296913055555556
8 0.673969312109375 0.30106023125000003 0.022449375781249947 0.029498695833333366
8 0.6520626408882235 0.31410256094731404 0.00837468982630274 0.021091811414392037
9 0.636879038671875 0.30192783958333336 0.0068324195312500224 0.013881737500000046
9 0.6405474423770574 0.22849462050066394 0.010468362282878396 0.02357320099255586
9 0.594137702922963 0.23159635747336868 0.009770471464019881 0.01985111662531014
9 0.4985266607393402 0.24710504233689226 0.011166253101737023 0.02357320099255583
9 0.6128316105282463 0.3012499026303982 0.008076400818507135 0.015237611405870377
9 0.5988811993115901 0.29864707763039816 0.006695429501819894 0.010031961405870371
0 0.5983246757812499 0.38174784375000004 0.033186034375000006 0.11799479027777776
0 0.44879683359375 0.48431061319444446 0.33147896562500007 0.4029403319444445
0 0.20204438515625 0.3878211048611111 0.04880299062499999 0.050321304166666636
0 0.176666829296875 0.3964971916666667 0.058563589843749986 0.04685087222222217
0 0.144944884765625 0.4034380625 0.05563541015624998 0.05379174166666667
0 0.098094012109375 0.4025704534722222 0.05173117109375 0.062467829166666655
0 0.074668576953125 0.40777610625000005 0.04392269296875 0.062467829166666655
0 0.029372430078125 0.40517328055555557 0.05838231953125 0.08502565555555558
