0 0.9191380096093569 0.18528478293436837 0.01857879109371352 0.033069799202070094
0 0.930942350390625 0.20039048819444444 0.02373045390625017 0.03515622638888888
0 0.8215063886173826 0.20031172371876318 0.01843260379726508 0.03031120299308193
0 0.8164657654764862 0.2069290836081346 0.021534941890472448 0.029483431105158026
0 0.8122900863281249 0.21445297777777778 0.01845701796874999 0.039843722222222266
0 0.80108403984375 0.22148422222222222 0.025048810937499888 0.035156224999999985
0 0.7738353595579843 0.24979055299054426 0.03281932692846867 0.06286719209219968
0 0.7493870361379316 0.27137831615914093 0.048217214463363134 0.06931945731828182
0 0.685727673828125 0.35156225902777777 0.05800777265625001 0.09843743472222222
0 0.9711522839843749 0.24843732777777777 0.05668941484375001 0.06093745833333339
0 0.977744075 0.2894529243055556 0.04086911250000003 0.08203119305555556
0 0.6224412949303866 0.3893858100935219 0.10809504923577318 0.145959556298155
8 0.47083524374999997 0.21093735486111112 0.031640603125 0.07968744583333337
