9 0.3144198390625 0.26112563958333335 0.008111645312499971 0.04215282361111111
9 0.5658731247591913 0.26881720114582525 0.01325992555831268 0.044665012406947896
9 0.323529841015625 0.25923984930555555 0.010607536718750032 0.03438782916666666
9 0.30730655 0.26090377708333334 0.005615753124999956 0.035497115277777797
9 0.5770228179879238 0.26855357242981914 0.009039460899152307 0.035266711526305006
9 0.7550237159339923 0.369313479061458 0.01600713030548473 0.022332506203473934
8 0.31081639375000003 0.3102035736111111 0.021839057812500007 0.04643150555555553
8 0.7873911546874999 0.29673367916666665 0.019343153125000012 0.014420702777777739
8 0.7770956054687501 0.158627725 0.02246301562499997 0.019967124999999974
8 0.4875722578125 0.3594082701388889 0.011231507812500041 0.017748556944444438
2 0.6182529484375001 0.45669254375 0.013519421874999993 0.06056695694444442
2 0.323529841015625 0.41542715277777775 0.008111644531250017 0.034387830555555554
0 0.3935228794643506 0.45990514355781753 0.07322096205370127 0.08680674544896833
0 0.6493475933593751 0.4997327951388889 0.07612466796875006 0.11647490416666667
2 0.583183532226835 0.45876788877941943 0.01492943320367024 0.06972767799671681
0 0.1200523453125 0.42041893472222225 0.06988494218749998 0.04215282222222222
0 0.18681742343750002 0.48863994930555554 0.13353015625 0.14531630694444447
0 0.7646161515625 0.5174813506944445 0.21589455156249993 0.23184052083333323
0 0.897847954296875 0.6148485177789369 0.20269362890624998 0.3942958838865708
0 0.07145716531073709 0.5261247338579967 0.14229035562147418 0.24469014549377116
0 0.485388353125 0.5612981020833333 0.196551396875 0.28841404305555546
