0 0.4657257922529878 0.41645988104656967 0.01954094292803965 0.027295285359801413
0 0.40745290234375 0.43048044583333334 0.04194019062500004 0.05908555000000004
0 0.5295542640625 0.43048044722222223 0.055392703125 0.08722153055555548
0 0.628074146484375 0.4304804465277778 0.06093197421874996 0.07596713749999995
2 0.17495893970008264 0.4435416236998081 0.017256617474834757 0.08642154982260591
2 0.19300401015625002 0.45017562777777775 0.022315343749999994 0.0815943277777777
2 0.27601393476562497 0.42696345138888886 0.015826488281249995 0.06049235277777776
2 0.314314041796875 0.43048044791666673 0.015826486718749977 0.061899148611111066
2 0.32626303242187504 0.4283702486111111 0.012819442968749983 0.06049234999999997
2 0.28764640039062506 0.4283702472222222 0.013452511718750004 0.0703399388888889
2 0.25551862734374997 0.4318872458333334 0.02136575624999998 0.08159433333333338
2 0.7022212472656251 0.4164124590277778 0.017409135156249977 0.07596714027777779
9 0.5179217859375 0.3728016909722222 0.005539267187499974 0.011254390277777748
9 0.496556030078125 0.3735050923611111 0.007121921093750039 0.012661193055555575
10 0.859796577734375 0.3298490402777778 0.2792665195312499 0.6596980805555556
