0 0.030016351171875 0.8008379311405305 0.05847341171875 0.24613223728106093
3 0.009745568359375002 0.6043118819444444 0.01637255546875 0.06652975000000005
3 0.020660605859375 0.602232826388889 0.028846883593749997 0.07068785555555557
3 0.0327451109375 0.5994607541666666 0.02806723906250001 0.07900407499999995
0 0.13487866953125 0.5903538970524411 0.12318398749999998 0.11623181910488234
2 0.214792332421875 0.5578796618055555 0.010135391406249972 0.05682749305555557
0 0.5913611039062501 0.5869864256944444 0.11616717812499999 0.1483058958333333
8 0.5972084449218751 0.4892708576388889 0.009355746093750006 0.02494865416666664
8 0.5835646496093749 0.4310573284722222 0.014813264843749896 0.022176581944444496
8 0.516904958984375 0.46501522222222225 0.03118581953124988 0.018018474999999978
8 0.2974347546875 0.4178899826388889 0.030406175000000035 0.015246401388888886
8 0.24909673437500002 0.4553129659722222 0.014813265624999988 0.009702254166666702
9 0.34187454726562505 0.4137318729166667 0.008576100781249985 0.02910676527777778
9 0.247537442578125 0.47679653055555554 0.007016808593749979 0.024948655555555588
9 0.16372555234375002 0.4823406756944445 0.012474326562499999 0.01940450972222224
9 0.349671001953125 0.41165281875 0.007016808593749979 0.03049280138888888
9 0.62371639140625 0.48719180347222224 0.00779645468750001 0.012474326388888901
0 0.773018503515625 0.49342896736111114 0.28612989609375006 0.2855235041666667
0 0.392941326953125 0.5474843881944444 0.031185819531249992 0.04435316527777777
0 0.410873173046875 0.5412472243055555 0.018711491406250003 0.03742298472222216
0 0.4252966140625 0.5315449694444444 0.016372554687499985 0.029106763888888887
0 0.474804103125 0.5273868604166667 0.010915037499999947 0.03187883749999998
0 0.485374292578125 0.5324486875000001 0.013164021093750033 0.0364583472222223
0 0.507939035546875 0.541940242361111 0.03976191953125002 0.06375767638888885
0 0.44868597929687504 0.5509494798611111 0.05067695703124997 0.08177615138888883
0 0.35473869765625 0.5578796618055555 0.06549022031249996 0.10118065972222223
2 0.28223166718750003 0.5440192972222222 0.009355745312499997 0.045739202777777765
2 0.06588004375 0.5710470076388889 0.014813264062500005 0.09425047638888895
2 0.191208055859375 0.5530285340277777 0.007796455468749963 0.04573920138888887
2 0.18380142460937499 0.5474843881944444 0.011694683593750005 0.04573920138888887
8 0.31517168984375 0.5010521673611111 0.010915037500000002 0.02494865416666664
9 0.522947212109375 0.42135507361111113 0.0054575179687499364 0.023562619444444488
9 0.37559421484375 0.5059032958333334 0.007016809375000044 0.012474327777777794
9 0.364289355078125 0.5045172583333333 0.007796455468749963 0.012474327777777794
9 0.42666099414062497 0.4948150034722222 0.006237163281250013 0.012474326388888846
9 0.435626917578125 0.5045172583333333 0.007016808593749924 0.012474327777777794
9 0.468761850390625 0.4948150027777778 0.004677872656249971 0.015246400000000049
8 0.47733795156250003 0.49758707708333333 0.010915037500000058 0.015246401388888775
2 0.310185322265625 0.5361863388888889 0.011154658593749978 0.044237280555555536
