9 0.18155363918926531 0.16589103955485363 0.012823214316030646 0.027192273554151686
9 0.447231685553236 0.20616211429719 0.011864143920595538 0.02109181141439201
9 0.5318075712476555 0.22085187595890654 0.010206169057811021 0.02148896302892425
9 0.137368161980035 0.22663357831704112 0.011864143920595538 0.019851116625310194
9 0.36592740515621364 0.3035566552401181 0.00837468982630274 0.019851116625310194
9 0.39662637734375006 0.32495113194444447 0.008789060937500037 0.010937497222222203
8 0.599214244140625 0.20620114513888887 0.02548827890624994 0.045312495833333355
8 0.598335337109375 0.24291989166666667 0.03076171484375001 0.02187499722222222
8 0.533296282421875 0.28823238402777784 0.018457028906250006 0.012499998611111118
0 0.39355020703125 0.3921386215277778 0.037792964062500045 0.04843749305555556
0 0.366743568359375 0.3640136256944444 0.019335935156249984 0.03593749583333333
0 0.349165446484375 0.3921386229166667 0.04570311953125 0.12343748472222227
0 0.281489674609375 0.3907475647754216 0.13007810859375002 0.17934459822693466
0 0.14909444609375 0.4671386138888889 0.2981888921875 0.3140624611111111
0 0.4796830078125 0.4116698694444444 0.15029294999999998 0.2406249694444444
0 0.69633337265625 0.37651362430555557 0.11601561093750001 0.07031249305555559
2 0.6624954851562501 0.3538573756944444 0.011425779687500026 0.031249995833333377
2 0.806196639453125 0.3679198743055556 0.05449218046875015 0.17187497916666666
9 0.587349010546875 0.30932613402777775 0.012304686718750069 0.02031249861111112
1 0.3774426036673799 0.347601320252525 0.023030397022332505 0.026054590570719627
