8 0.3849943707087287 0.260752685016793 0.02607202422995747 0.04838709677419353
0 0.443149715625 0.3121872770833333 0.015820301562500028 0.014062490277777728
0 0.42864777265625 0.3110154027777778 0.013183584374999946 0.011718741666666643
0 0.413486651171875 0.31453102638888886 0.011865225781249988 0.018749988888888847
0 0.3893371030307665 0.31986502845580483 0.021573904499033125 0.029417993022720745
0 0.361411490625 0.3121872784722222 0.02109373593749997 0.02343748472222218
0 0.30604043515625 0.3203903979166667 0.026367170312499966 0.0210937347222222
0 0.26121624765624996 0.32507789444444446 0.031640603125 0.02109373611111115
0 0.22034713515625 0.3321091388888889 0.023730453124999995 0.01640623611111114
0 0.189365710546875 0.3335145958324246 0.03295896171875001 0.027657816668484103
0 0.13509884049005627 0.3385452338183634 0.045714201292612514 0.02927842597006014
0 0.07005426914062499 0.3473435048611111 0.044824188281249996 0.03281247916666663
0 0.6112360279849978 0.3103804765800684 0.01325992555831279 0.018610421836228297
0 0.6494728160156251 0.3321091395833333 0.046142546093750014 0.05859370972222222
0 0.8670019625000001 0.3438278805555556 0.07778315000000013 0.11015617222222218
0 0.026548439843749997 0.35906224652777774 0.05273433906249999 0.032812479166666686
0 0.559165261328125 0.3532028743055555 0.09228509296874998 0.14765614583333336
0 0.713413201953125 0.3414841326388889 0.09492181015625001 0.11953116805555553
0 0.95137690546875 0.31335915277777776 0.09624016875000008 0.2085936055555556
