0 0.080922671875 0.37149310347222225 0.03551037031250001 0.04613313194444446
0 0.130090875390625 0.3909175819444444 0.049168205468750004 0.06555760555555556
0 0.38868483851560687 0.3972291118158004 0.045514866718786406 0.07568238213399503
0 0.43329480664062503 0.4224823548611111 0.049168203906249985 0.07041372638888893
0 0.47085385273437497 0.4224823541666667 0.07238652421875003 0.08983819999999998
0 0.524119409765625 0.4382647423611111 0.08331279296875005 0.10683462083333334
0 0.7391137916221902 0.502163975576359 0.2264870285568804 0.19335607893049567
0 0.9407609754553556 0.6044251415924754 0.11351524153571124 0.23200992555831262
8 0.399833112890625 0.40184385 0.03141302109374999 0.06312954722222225
8 0.200428724609375 0.2962232583333333 0.017755186718749982 0.01699641666666668
8 0.0162528234375 0.3472125090277778 0.015023618749999999 0.024280595833333307
4 0.014204146484375001 0.33750027152777773 0.02731566953125 0.04370507083333336
