8 0.21199211328125 0.19249991319444443 0.04851560781250003 0.07499997361111113
8 0.21199211328125 0.24687489375 0.03164061406249999 0.04124998472222227
8 0.39656236171875003 0.3593748694444444 0.021093743750000005 0.03374998888888886
0 0.387070177734375 0.4475891166666667 0.031640614843750026 0.03374998888888886
0 0.33486316406250005 0.43915161875 0.028476553125000026 0.02062499027777781
0 0.5534847464843751 0.44008911875 0.009492183593749925 0.026249990277777746
0 0.5635042730468749 0.4457141159722222 0.012656246093749934 0.02249999027777777
0 0.6294222203125 0.4597766131944444 0.02425780468750005 0.03187499027777779
0 0.652625337109375 0.45696411319444447 0.028476553906249924 0.04499998472222222
0 0.754929987890625 0.45790161250000005 0.030585925781249856 0.0431249861111111
0 0.711687816015625 0.4738391090277778 0.07910153515624996 0.08624997361111114
0 0.836668239453125 0.45321411319444443 0.17929681328125002 0.21749992361111115
0 0.9590119480468751 0.4899105430555556 0.07804684765625014 0.12374995555555551
0 0.50044904375 0.44624984375 0.01371093281250002 0.02062499305555554
0 0.481464675390625 0.45468734097222224 0.02847655234374996 0.037499987500000054
0 0.43505844140624994 0.44624984375 0.032695301562500056 0.06187497916666668
0 0.5426365285156249 0.44512484097222216 0.011601558593750005 0.02249999027777777
0 0.52945293984375 0.4659373361111111 0.03585936249999999 0.05624997777777779
0 0.4503721942380995 0.45057898774632155 0.009770471464019825 0.0334987593052109
