8 0.645322794140625 0.38472416388888886 0.029244235156249854 0.013863936111111086
8 0.657020487890625 0.39425561736111114 0.01949615703124996 0.019062909722222243
8 0.7359059279638853 0.3945165983448316 0.019348165302770615 0.026516838356329786
9 0.5017497590704301 0.37023480982125834 0.013094746265860047 0.04034096130918341
9 0.490815750390625 0.3699937340277778 0.010722886718749991 0.03985880972222228
9 0.668230778515625 0.46097579930555554 0.014622117968749904 0.02772786805555555
9 0.6584827 0.46184229513888886 0.010722885937500037 0.02599487638888892
7 0.20081041640625 0.6299424923611111 0.03704269843750002 0.11957642916666678
3 0.20081041640625 0.6750002763888889 0.04094192968749999 0.06758667500000004
0 0.0696987609375 0.6853982284722222 0.139397521875 0.1334403652777778
0 0.4493864171875 0.6689348055555555 0.26514773437500005 0.3951221111111111
0 0.962622748046875 0.6620028388888888 0.07311058828125006 0.1663672055555555
0 0.830536284765625 0.5805522277777777 0.24955080859375012 0.2322208916666667
0 0.68480251171875 0.5883506909722223 0.09065712968749995 0.10571249583333342
9 0.580985476171875 0.5008346090277778 0.013647310156249981 0.024261884722222182
0 0.038504909765625005 0.6308089881944445 0.07506020390625 0.055455734722222316
0 0.118439153125 0.6247435173611111 0.055564046874999995 0.036392826388888855
0 0.18375127890625 0.6481389048611111 0.09650597656249998 0.11091146805555563
0 0.16181810234375 0.6013481291666667 0.044841160937499985 0.02079589999999998
0 0.22859243984375 0.6039476173611111 0.03996712187500001 0.05372274583333336
0 0.27148398515625005 0.6169450541666667 0.05361443125000004 0.06931966944444445
0 0.30316523984375 0.5961491534722223 0.037042698437499966 0.05892171805555557
0 0.331922071484375 0.5840182118055556 0.030219042968750054 0.045057784722222216
8 0.25247523203125 0.4705072534722222 0.013647309375000027 0.012130943055555565
