0 0.4849849388868459 0.6212188877213825 0.013394223788808113 0.029865407890568574
0 0.495096509765625 0.6227972645833333 0.009560485156250076 0.02185253472222215
0 0.5060227777343749 0.6276533833333333 0.015023619531249977 0.021852536111111154
0 0.5155832617187499 0.6300814430555556 0.015023618750000023 0.03642089166666662
0 0.5237779625000001 0.6325095027777778 0.015023618750000023 0.04127701111111104
0 0.5422160390624999 0.6325095027777777 0.03551037031250004 0.050989249999999986
0 0.57021460078125 0.6458638291666667 0.042339287499999934 0.0631295472222223
0 0.59343291953125 0.6640742763888888 0.05872868906249984 0.0752698444444444
0 0.648747150390625 0.6919969604166667 0.09833641015624994 0.12140297638888908
0 0.44797697968750005 0.6179411444444445 0.01365783437500001 0.021852533333333368
0 0.42270998515625 0.61429905625 0.009560484375000067 0.01942447638888889
0 0.432270469921875 0.6179411458333333 0.02321831953125003 0.02670865555555546
0 0.41178371718749995 0.6167271152777778 0.017755184374999955 0.024280594444444414
0 0.3930614384719886 0.6032554782076658 0.029478831631477298 0.060936107473557155
0 0.3769562390625 0.6155130861111111 0.024584103125000034 0.04127701111111104
0 0.376273347265625 0.6227972638888889 0.015023617968749958 0.031564772222222315
0 0.363298404296875 0.6227972638888889 0.01638940234374997 0.031564772222222315
0 0.341445868359375 0.6215832347222223 0.03824193671874998 0.05341730833333325
0 0.271108019921875 0.6106569673611111 0.03687615390624999 0.04127701249999993
0 0.29500923046875005 0.6288674131944445 0.054631339062500006 0.06312954861111109
0 0.227402948828125 0.6276533833333333 0.06419182421875003 0.11411879722222218
0 0.1406756984375 0.6373656215277779 0.13930991562499997 0.13354327361111118
0 0.47242451640624994 0.6203692048611111 0.023218318749999967 0.036420893055555625
8 0.03400800859375 0.45744641111111106 0.0341445875 0.06798566666666667
8 0.3153594046875 0.5715652069444445 0.009560484375000011 0.019424475000000108
8 0.512715116015625 0.6007019222222223 0.01092626640624994 0.014568358333333253
