8 0.6801038070135907 0.15545123579485914 0.04301816402718128 0.06607203952139283
8 0.566827359375 0.26699933263888886 0.011470920312499966 0.02651057638888893
8 0.5559299835937499 0.2741367951388889 0.012618010937499924 0.016314201388888894
8 0.72856734296875 0.24048876111111112 0.00917673749999992 0.018353475000000008
0 0.40213770703125 0.3434721361111111 0.04358949843750004 0.04894259166666659
0 0.345930195703125 0.356727425 0.04588368359374995 0.05506041944444445
0 0.300579313559225 0.3702615089441561 0.046949284930949964 0.05765729011053439
0 0.5136886988281251 0.33106351874999995 0.050472050781250055 0.07545316805555552
0 0.247563336328125 0.3983595875 0.09176736640625005 0.09584591666666675
0 0.17217589197889 0.40653432273391454 0.07450069572971998 0.1042183622828784
9 0.5290659 0.26825585625000004 0.006026789062499982 0.018367354166666627
9 0.45803589375 0.28509259861111114 0.01033163749999999 0.01836735555555552
0 0.6161212637170077 0.41521918625748777 0.0034894540942929098 0.014888337468982604
9 0.4433932860495139 0.3097601291855275 0.008374689826302684 0.017369727047146455
0 0.052923372898149135 0.41521918625748777 0.048154466501240695 0.044665012406947924
0 0.7864066235184966 0.26757650635674335 0.0314050868486353 0.05459057071960294
0 0.7141749237666355 0.2775020646693984 0.03629032258064524 0.04714640198511161
