0 0.07119144375 0.7017092194444445 0.13794413437499997 0.26708654444444446
0 0.34366524609375 0.6345907055555555 0.10379954375 0.18696058055555553
0 0.48365805234375 0.6321626465277778 0.1051653265625 0.14811163194444443
0 0.819802133984375 0.6285990701388888 0.34586591484374996 0.38864654861111114
0 0.23986570312500002 0.6354578631944444 0.03824193749999999 0.043705070833333304
0 0.28341564730086777 0.6232985103918814 0.021542283664235606 0.03395472078376294
0 0.4219567504449467 0.6221775101200749 0.04185720088989342 0.06879301324668607
9 0.20913557421875 0.4731247479166667 0.00956048593750003 0.01942447916666662
9 0.553995901953125 0.4242166840277778 0.01092626796875007 0.05827342916666667
9 0.563556385546875 0.47399190416666664 0.013657835156249964 0.012140299999999993
0 0.39284088994871447 0.6061323775408011 0.016979370676471373 0.04686703484967558
0 0.4194270098237157 0.6001747036192322 0.04691668213235528 0.06195980878431673
2 0.6317300758950837 0.5801713576810243 0.015192068500000766 0.06672594792157183
2 0.5984415728583173 0.587320566386907 0.017426196220589052 0.06672594792157194
2 0.5765471211965516 0.5936754185699138 0.01206428969117701 0.04925010441830302
2 0.5620252910127272 0.592881062047038 0.009830161970588835 0.05401624355555823
2 0.5526419545862562 0.5948669533542277 0.013404766323530048 0.05322188703268238
