8 0.549936751953125 0.43640594374999997 0.01582030234374998 0.05156246250000002
8 0.51895532734375 0.48328091111111116 0.009228507812500064 0.018749988888888847
8 0.49192897929687507 0.44695281180555557 0.03691403671874999 0.039843723611111104
8 0.45040068671875 0.4457809368055555 0.03295896093750006 0.03749997361111107
8 0.41253959966164133 0.4845366153388751 0.010612742238365225 0.018751621789038553
0 0.439194639453125 0.5184371368055556 0.013183585156250066 0.032812476388888956
0 0.4862219462418475 0.5146363496766301 0.011865225781250044 0.01640623750000003
0 0.42403351796875 0.5254683826388888 0.03295896093749995 0.04687496805555558
0 0.550595930859375 0.5418746208333334 0.0698729992187499 0.11249992222222216
0 0.4686780292805215 0.5135333351472936 0.007955539218652996 0.013832682699178145
