9 0.47204889296874997 0.23413429722222223 0.010926268749999968 0.02428059444444447
0 0.42288068671875 0.3227584680555556 0.010926268749999912 0.012140299999999993
0 0.41300942780870986 0.323036750923855 0.010304716554919768 0.015547148758943197
0 0.39966236914062503 0.32033040972222226 0.01365783515625002 0.01699641666666668
0 0.38805320859375 0.3264005569444445 0.012292051562500017 0.019424477777777782
0 0.37712694101562505 0.32397249930555555 0.015023617968750014 0.019424473611111104
0 0.36688356484374995 0.32154444097222223 0.010926268749999968 0.024280595833333307
0 0.30269174218750006 0.3154742902777778 0.03824193749999999 0.04127701111111115
0 0.461122623828125 0.3094041416666667 0.021852535156249964 0.03884895277777778
4 0.52872890703125 0.2996919041666667 0.05599712343749996 0.10683461944444442
0 0.447464791015625 0.3312566784722222 0.04097350390625004 0.06312954861111114
0 0.08280060312500001 0.4040984625 0.163894015625 0.39334563888888885
0 0.33615343750000004 0.3312566770833334 0.06146025468749999 0.08255402361111114
2 0.594286514453125 0.3118322 0.012292049218749934 0.04370506944444441
2 0.6222850746093749 0.34218294375 0.019120967968749958 0.0607014847222222
0 0.48843829492187507 0.32033041180555555 0.016389400781250008 0.02185253749999999
8 0.656429662109375 0.21106773055555555 0.013657835156249964 0.0218525361111111
