9 0.19859421914062503 0.41062470972222226 0.011865225781250016 0.0421874694444444
9 0.31922402031249997 0.43289032013888884 0.010546868750000049 0.03515622638888888
9 0.07005426914062501 0.5196090111111111 0.013183585156249997 0.021093736111111205
8 0.07071344843749999 0.4692184208333333 0.022412093750000014 0.04687496944444447
8 0.211118624609375 0.5137496402777778 0.01582030234374998 0.03281247777777785
9 0.2341898984375 0.5571089847222221 0.009228509374999971 0.021093736111111094
2 0.1080599617540344 0.6185178588899529 0.022655047121360725 0.08875123497906867
2 0.6224464675781249 0.63445268125 0.026367169531249957 0.12421866250000002
2 0.6000343734375 0.6496870458333333 0.02900388593750014 0.13593740555555556
2 0.654746249609375 0.6379683048611111 0.03559567734375002 0.08437494027777781
0 0.240737731640625 0.6118672972222222 0.01177730703124999 0.027485430555555634
0 0.480722932421875 0.63445268125 0.01713866015624993 0.0445312180555556
0 0.53543480859375 0.6801557756944445 0.11865226249999994 0.16406238750000013
0 0.222324672265625 0.6145308215277778 0.02768552734374996 0.037499973611111126
0 0.13920592139101545 0.6098199195034613 0.040744775594530894 0.03276566956247795
0 0.36075231171875 0.7021870194444444 0.24125959999999996 0.398437225
0 0.803720756640625 0.7724994715277778 0.39155246484375006 0.3937497291666666
0 0.255887059765625 0.6056806083333333 0.014622117968749987 0.01906290833333324
8 0.06921135703125 0.24955080902777776 0.044841160937500006 0.04852376805555558
