8 0.7491833800781249 0.34371710694444446 0.047960525781249985 0.09059210555555558
0 0.08283181992187501 0.5542105291666667 0.16566363984375002 0.2557894750000001
0 0.235106486328125 0.5089144763888889 0.13688733671875003 0.20072368611111108
0 0.331027539453125 0.4929276354166666 0.06094983671874998 0.09059210694444442
0 0.6972261414062499 0.5595394770833333 0.17785361874999994 0.2593421069444445
0 0.6228543808593751 0.5097843034722223 0.025113385156249945 0.06043140138888892
0 0.841607310546875 0.6368837375 0.31673930859375 0.6389627916666667
0 0.46348659453124996 0.5013057548611111 0.13802255156249998 0.08958519027777773
8 0.659580084375 0.37977398055555556 0.01715219999999995 0.013860363888888838
0 0.123183987109375 0.4546199479166667 0.07952383984375 0.03603694861111112
