9 0.044460790234375006 0.5282170208333334 0.008390883593750002 0.01704814444444447
9 0.06124255625 0.5282170236111112 0.007192185937499998 0.01917916388888885
9 0.012994976171875 0.5207584590277777 0.005394139843750003 0.010655090277777779
8 0.023183906640624998 0.5228894756944444 0.028169394531249996 0.03835832638888892
9 0.20688432148437502 0.5218239652777779 0.004794791406250026 0.01704814444444447
0 0.17392013632812497 0.5740339111111111 0.02037786015625001 0.02557221666666676
0 0.13765953203125 0.5713701354166667 0.029368092187499986 0.05434095972222219
8 0.007900510546875 0.5719028909722222 0.008390883593749999 0.010655090277777779
0 0.015092697656250001 0.5777631902777778 0.02876874375 0.022375688888888856
0 0.064538974609375 0.582025225 0.006592838281249999 0.015982633333333385
0 0.03936632421875 0.5798942076388889 0.011387628125 0.015982634722222278
0 0.056447765625 0.5873527736111112 0.016781767187500005 0.022375688888888856
8 0.19465023828125 0.5460941868055555 0.005993489062499968 0.015982634722222167
0 0.250390740234375 0.5747387430555555 0.06690088046875 0.054142005555555595
