0 0.04900275703125 0.46929233611111115 0.07907371875 0.07298090000000002
0 0.14304023515625 0.45903761458333336 0.04627772499999999 0.05609420972222223
0 0.185110891796875 0.45342819375 0.03576005859374998 0.03739614027777771
0 0.26451925703125 0.44220935069444445 0.026294160937500033 0.029916909722222218
0 0.244535694921875 0.4459489673611111 0.01577649609374998 0.03365652638888894
0 0.28305062808935766 0.43953890627188646 0.014840803646105405 0.018469183161526126
0 0.29383376181430615 0.4378234186941392 0.013345740855851163 0.016410598068229476
0 0.3049354582748177 0.4357648336008425 0.010441583184484349 0.019155378192625083
0 0.318685227734375 0.4337952201388889 0.010517663281249978 0.016828262500000024
0 0.352867637109375 0.44127444930555554 0.036811824218749956 0.057964015277777836
0 0.39441241015625 0.43566502777777777 0.02944945781250008 0.05422440277777785
0 0.373769686064807 0.4264757291708914 0.007095804942113981 0.017147736119560608
0 0.4128183234375 0.43500972031098917 0.009465898437500009 0.02187848715579943
0 0.452259564453125 0.44127444930555554 0.07362365078125005 0.1028393847222222
0 0.554280908203125 0.43457430694444443 0.03786359140625006 0.03334489166666671
