9 0.41185532578124995 0.4068748583333333 0.005273437500000033 0.014999997222222228
8 0.7583200472656251 0.32062488819444446 0.021093742968749996 0.06749997638888888
8 0.554765430859375 0.39718735138888883 0.016874994531250076 0.0318749888888889
0 0.429257662109375 0.45281234166666673 0.010546871093750021 0.022499991666666663
4 0.46933577304687496 0.4374998368055555 0.021093742968749996 0.041249984722222244
4 0.49253888984375005 0.4499998430555555 0.03164061406250007 0.07124997500000002
4 0.36439440390625 0.42562485138888884 0.03480467500000001 0.04499998611111111
0 0.518378724609375 0.4773212569444445 0.024257803906249986 0.06374997777777774
0 0.540527154296875 0.48575875347222225 0.05167966953125003 0.07312497361111114
0 0.556347461328125 0.4998212513888889 0.05167966953125003 0.07499997777777773
4 0.3248436359375 0.44732126805555555 0.07171872343750002 0.14999994444444453
0 0.29869020965694826 0.4757141055555556 0.06496309943610346 0.1162499583333334
0 0.25048819375 0.49473196597222224 0.07699216093750003 0.1649999430555556
0 0.449969077734375 0.47287483472222225 0.043242172656249966 0.07124997500000002
4 0.42503891328125004 0.43218734861111113 0.02531249218749998 0.03749998611111116
0 0.38826988046875 0.5253748166666666 0.10124996406250003 0.15749994722222221
0 0.6171369890625 0.5056873173611112 0.0949218437499999 0.13312495416666664
0 0.11872481093750001 0.49399357318946396 0.23744962187500002 0.2990123925099609
8 0.079603708984375 0.23105398194444443 0.02831567265625 0.07627117222222224
0 0.50090659609375 0.4598674972222222 0.03174787656249989 0.07322032499999998
3 0.7407317625000001 0.543003075 0.03947033281250001 0.08999998333333331
