2 0.7798462765625 0.497368625 0.01169769374999996 0.062387702777777776
0 0.41526814257812505 0.4852376833333334 0.015596925781249993 0.020795900000000034
0 0.462058919140625 0.48090520416666666 0.013647310156249981 0.01906290833333335
0 0.533707295703125 0.47743922083333334 0.008773271093749924 0.019062908333333295
0 0.5263833993050867 0.48059654226395276 0.011672018922673333 0.028843537305683342
0 0.5124317032943186 0.4838941231474717 0.025979451223862804 0.03734695370505664
0 0.4846496798568186 0.4920728653041012 0.029584595651137136 0.041785372169575286
0 0.43573910703125 0.5060335840277778 0.05263962343750006 0.06238770138888888
1 0.37676323242187504 0.49043665833333333 0.06336251015625 0.09011556944444432
0 0.348006401171875 0.5164315340277779 0.07603501171875005 0.1109114708333333
0 0.06336251015625 0.5779527402777778 0.1267250203125 0.23395388333333333
0 0.18570089453125 0.5970156493055555 0.28756831406249994 0.29634158472222216
0 0.9321332571025989 0.631941524162949 0.13573348579480216 0.5302954680555556
