8 0.15145923060019942 0.3091835112556719 0.02607303307539882 0.046479753066899276
8 0.508849695703125 0.28681013125 0.02339538828125004 0.05025676249999994
8 0.509659516705318 0.34313236180555556 0.033473440026864254 0.055455734722222205
8 0.511774119140625 0.3743262125 0.01949615703124996 0.01039794999999999
0 0.3226173238081155 0.4180170774879329 0.054501092928730954 0.06311984386475467
0 0.6784662609375001 0.5276959805555556 0.282694275 0.2582157666666667
0 0.34692505640634075 0.40530903015187664 0.03305006341972827 0.05795079613322207
0 0.3668713256060052 0.3957309152601829 0.022132923087010425 0.049741372187032507
0 0.36555294179687503 0.37259322152777774 0.021445771093749955 0.02772786805555555
0 0.34946861289062503 0.36132877430555554 0.028269427343749987 0.025994873611111136
0 0.327535436328125 0.35526330347222224 0.02144577265625003 0.031193851388888916
0 0.31145110664062503 0.34746484097222224 0.028269427343749987 0.029460859722222232
0 0.28756831445312503 0.34053287430555557 0.02144577265625003 0.0225288930555555
0 0.17626700260245956 0.3895693117538267 0.04527405947907981 0.05151181878508637
