0 0.8368725355468749 0.5692877805555555 0.32461101171875006 0.42458297222222224
0 0.628263656640625 0.4852376826388889 0.16864175703124995 0.21142499027777784
0 0.5293206609375001 0.5017011048611111 0.02339538906249994 0.09531454583333326
0 0.5146985429687501 0.5060335840277778 0.019496157812500026 0.06238770138888888
0 0.49568978984375 0.4965021298611111 0.03996712187500001 0.05372274305555552
0 0.48545430703125 0.4817716993055555 0.03899231406250003 0.04852376805555564
0 0.461571515234375 0.4921696513888889 0.014622117968750015 0.03812581944444443
0 0.45377305234375004 0.4904366590277778 0.016571732812500017 0.03812581805555565
0 0.441100550390625 0.49216964999999996 0.02047096484374994 0.024261883333333345
0 0.0657995296875 0.6507383930555555 0.131599059375 0.4141850222222222
0 0.146708580859375 0.5424264104166667 0.25052561640625004 0.35006432916666663
0 0.27733283203125003 0.5268294847222222 0.0848082828125 0.17676515555555544
0 0.294391969921875 0.497368625 0.09748078515625003 0.15250327222222232
0 0.343619765625 0.5077665756944445 0.00877327031249997 0.06585368472222225
0 0.353367844140625 0.4965021291666667 0.03021904296875 0.05718872500000005
0 0.36019149921875 0.486970675 0.03606789062500004 0.05198975277777773
0 0.38456169531249995 0.49996811319444445 0.010722885937499982 0.0190629097222223
0 0.405032659375 0.4939026416666667 0.028269426562499977 0.03119385000000008
