0 0.661977275390625 0.5220543493055556 0.029824392968750058 0.027190329166666527
0 0.668477463671875 0.5424470972222222 0.024471297656250002 0.029909363888888874
0 0.7021254984375 0.5879909013888889 0.06729606875000005 0.12371600277777772
0 0.6328801098021236 0.6023774096036476 0.10178383039575278 0.2988704641260381
0 0.20303529648437502 0.573036220138889 0.09329682265624997 0.1291540708333333
0 0.10778632773437499 0.7246488659722221 0.21557265546874999 0.4024168930555555
0 0.7910797388636397 0.6223618792399791 0.19816301678977943 0.19784291959106937
8 0.24310286484375002 0.39700538055555556 0.02447129843750001 0.05709969444444446
9 0.74153131484375 0.4780966541666667 0.01682401718750004 0.021752266666666686
9 0.601033760546875 0.4195099784722222 0.01452983359374993 0.029909365277777766
9 0.65732623359375 0.3957184375 0.010706193750000037 0.031268880555555545
0 0.42272950234374995 0.6726053061841659 0.41575454218749996 0.5888700320761125
