8 0.64881363671875 0.3449997548611111 0.013183584375000001 0.023437481944444394
8 0.619809750390625 0.34851537777777775 0.021093735156250126 0.01640623888888887
9 0.4774270359375 0.3473435041666667 0.007910149999999894 0.01874998611111106
0 0.20584519101562498 0.41999970416666665 0.01845701796874999 0.023437483333333342
0 0.226279747265625 0.4153122076388889 0.017138658593749995 0.014062490277777784
0 0.242759229296875 0.4235153256944444 0.03691403671874996 0.03984372361111105
0 0.12315122612420304 0.43296192867371364 0.03091536650159389 0.0399869379029828
0 0.058189043359375 0.4317184472222222 0.03164060390625 0.04218746944444446
0 0.2750590109375 0.4223434527777778 0.035595678124999974 0.028124980555555568
0 0.4278112483517448 0.4050968669590356 0.027330837328489455 0.029805677193039892
0 0.5525734687499999 0.4059372138888889 0.013183584375000001 0.03281247777777774
0 0.6118996 0.4059372145833333 0.015820301562500028 0.028124981944444405
0 0.605307806640625 0.4000778430555556 0.013183585156250066 0.035156224999999985
0 0.741757909375 0.39656222013888887 0.025048810937499888 0.03749997361111107
0 0.83733889765625 0.37781223263888886 0.031640603125000055 0.03749997638888891
0 0.8735937558593752 0.3942184708333333 0.05405269765624998 0.08906243888888882
0 0.6679298351562499 0.39890596875 0.011865226562499998 0.037499973611111126
4 0.16497607890625 0.42468719999999993 0.0659179234375 0.06093745833333336
4 0.52159204375 0.3391403854166667 0.027685528124999914 0.016406237499999976
0 0.462265913671875 0.34148413333333333 0.01713866015625004 0.011718741666666643
0 0.43523956445312495 0.3426560069444444 0.015820302343750037 0.014062488888888891
0 0.46885770585937503 0.4012497173611111 0.05141598046875001 0.07968744583333331
0 0.535532019854942 0.40598346833148147 0.03143849065070414 0.05589065004569643
0 0.578940637890625 0.4082809618055555 0.0448241882812499 0.06093745694444436
0 0.630356618359375 0.4047653395833334 0.029003886718749983 0.049218715277777825
0 0.702866334765625 0.40593721388888887 0.06328120703124995 0.07031245277777776
0 0.7911963515625 0.4164840833333333 0.1107421109375002 0.10078118055555557
0 0.35811559492187506 0.42937469791666666 0.13051748984375006 0.15468739305555557
0 0.9434667546875 0.4246872013888889 0.1120604703125001 0.2296873416666666
