8 0.6894089982284904 0.5889931273565644 0.03967340583198076 0.08027261473131553
8 0.5061276070312499 0.46017537152777777 0.0973322296875 0.10284160138888887
8 0.409713605859375 0.46507259166666665 0.09365931640624997 0.09957678888888888
8 0.03513556568406313 0.5688984705881828 0.07027113136812627 0.06570478006525449
0 0.42008957890625 0.6804414076388889 0.14048897500000002 0.19752117083333343
0 0.5115603365561283 0.6279162898409416 0.0262916856122567 0.027238831429228005
0 0.497037150390625 0.6235792347222222 0.00642759921875008 0.03591293888888902
0 0.489574630652694 0.6144873189692586 0.012170351194612128 0.05083196206148266
0 0.48072588691347984 0.6110148571126927 0.019716500389459657 0.06302118644760757
0 0.4547986359375 0.59990934375 0.044993200000000066 0.06692866249999996
0 0.4300064632812499 0.582769075 0.056011943750000015 0.022853688888888835
