8 0.25779528125 0.20797976597222223 0.016812734375 0.017435429166666655
8 0.233977238671875 0.16937274305555555 0.008406369531250013 0.019926205555555576
8 0.43082635312499995 0.1967712763888889 0.018213798437499984 0.014944655555555575
8 0.5136681502021488 0.204434012372023 0.009449069908202379 0.020307019188490483
8 0.556221341015625 0.21847528572365119 0.01120849140625002 0.009997106804699007
8 0.10858225195312499 0.15318270347222224 0.026620164843750002 0.03736163472222223
0 0.2835491519850181 0.26922831192811525 0.029753813217463843 0.05434798447710287
0 0.24518572929687502 0.2640222208333333 0.05604245390625001 0.0697417194444444
0 0.1941729153357888 0.27545525012255967 0.057191667765922466 0.06680186086599177
0 0.13551642152812982 0.28348439166991674 0.08483672881874035 0.0837583027842779
0 0.59054734140625 0.24160523958333333 0.015411674999999958 0.024907756944444415
0 0.6031568933593751 0.24160523750000001 0.015411674218750004 0.029889308333333364
0 0.613664853125 0.24160523750000001 0.019614857812500053 0.029889308333333364
0 0.6308006607351709 0.24145986088854296 0.02457296134215814 0.03956165233264147
0 0.65079297734375 0.24907756597222225 0.023818040625000036 0.0298893069444445
0 0.4152707994503022 0.24896619060990866 0.04874938640060439 0.06453742010870614
0 0.571633013671875 0.23853128621318806 0.016812735156249925 0.018759850204153883
0 0.6725094281249999 0.25405911805555553 0.019614857812500053 0.03487085833333334
0 0.700530654296875 0.2590406694444444 0.019614858593750117 0.03487085833333334
0 0.68231685703125 0.25654989375000004 0.01681273437499997 0.0348708597222222
0 0.713140207421875 0.2590406694444445 0.028021225781249992 0.0398524111111111
0 0.05218953320312499 0.30013846944444444 0.10087641484375 0.14944654166666668
0 0.759904518013815 0.2489826134031965 0.08020297647236996 0.08947801847305961
0 0.9200302675781249 0.28519381388888887 0.13450188671875007 0.10710335277777777
0 0.3834432756499855 0.24813026239245878 0.02992830286247089 0.05954453867380646
