9 0.559824440625 0.05906245347222223 0.02241209531249999 0.11718742083333335
9 0.7971289648437501 0.27468730416666665 0.0250488109375 0.08437494166666668
9 0.029844335546875003 0.4680465465277778 0.03295896171875 0.04921871805555561
9 0.825473671484375 0.4891402798611111 0.021093735156249904 0.053906212499999995
9 0.0654400140625 0.47156216875 0.02504880937500001 0.0515624652777778
9 0.802402398828125 0.4867965333333333 0.02768552890624998 0.044531219444444436
9 0.5454039580792756 0.0851619325078056 0.026605071125818225 0.10376142612672229
8 0.06609919375 0.3824997298611111 0.05273433906249999 0.032812476388888845
8 0.066099194140625 0.3496872527777778 0.03164060390625 0.028124980555555512
8 0.7694434363281251 0.3778122340277778 0.025048810156250045 0.032812476388888956
8 0.77801276640625 0.40828096319444446 0.052734337500000006 0.032812476388888845
8 0.5993751953124999 0.5020308979166668 0.022412093749999973 0.05624996250000003
8 0.264512144140625 0.56062460625 0.017138660156249985 0.032812476388888845
8 0.35613805624999995 0.5418746208333334 0.018457018749999998 0.03281247777777774
8 0.124766145703125 0.4996871493055556 0.01977537734375001 0.04218747083333335
2 0.706821408984375 0.6672651583333333 0.034277321093750035 0.1476561472222222
2 0.8426123316406249 0.6684370326388889 0.03955075390624996 0.19687486249999997
2 0.93555660390625 0.6895307680555555 0.07250971562499986 0.21562484999999998
2 0.42667023476562504 0.6332808083333333 0.019775377343749956 0.07499994722222225
2 0.91175714921875 0.6886800513888889 0.08055787031250006 0.18579843333333335
7 0.4662209890625 0.6367964298611111 0.03032224531249994 0.09140618749999996
5 0.46753934726562496 0.6567182909722222 0.03032224453124993 0.08437494027777781
2 0.06807673125 0.6297651868055556 0.01450194375000001 0.08671869027777779
0 0.15296236140992558 0.6436329954820501 0.04775788655514876 0.08164183263076674
0 0.529502195703125 0.6496870465277778 0.043505830468750006 0.07031245138888886
0 0.5426857800781251 0.6590620409722222 0.02768552734374996 0.0656249541666667
0 0.5723974987750603 0.6509184529851473 0.052637033699879376 0.1149627365258502
0 0.2453959453125 0.6367964305555556 0.06328120625000005 0.08203119166666661
0 0.180796380859375 0.6590620395833333 0.07646479140625001 0.09843743194444443
0 0.62244646796875 0.6731245305555555 0.11337882968750002 0.15468739166666667
0 0.14872654697857857 0.6545215249841345 0.025816683626470244 0.07981969816879697
