8 0.5137518555680036 0.3445949569444444 0.015559937698507276 0.010876133333333315
8 0.46854313568009065 0.3689908504777146 0.017149866064311126 0.0171987260815884
8 0.6114490671267283 0.358526172881772 0.011012742065956371 0.011548231874655146
8 0.783359602734375 0.22223846805555553 0.04588368203125004 0.06797582777777775
8 0.7791536000000001 0.35275205347222216 0.03288330781250004 0.06797582638888883
8 0.731462380078125 0.3453172013888889 0.00841200859375002 0.0054380666666666855
8 0.729932923046875 0.35007550555555556 0.008412008593749909 0.006797577777777786
9 0.5716342171875 0.3498489361111111 0.009941464062500072 0.01631420277777773
9 0.727638739453125 0.33489425208333334 0.006882552343750015 0.013595162500000035
9 0.670921441015625 0.3287764270833333 0.0061178242187498455 0.012235645833333308
0 0.151033790625 0.4411631159722222 0.05429569218750002 0.044864045833333366
0 0.10773633809631367 0.4510756795034775 0.04485349586050609 0.042215054927535134
0 0.06090315101939804 0.45884754545758966 0.05145131922629609 0.04212358130704286
0 0.24273656583332712 0.4366131143894144 0.03429973212862231 0.03361569188674096
0 0.3458556322969416 0.42136878899891567 0.026824149485204618 0.02657984939881841
0 0.3801553644255639 0.41316030609633936 0.02242674793025301 0.028925130228125928
0 0.6039831035725993 0.3881439772503926 0.015390905442330571 0.017980486358024184
0 0.6411957422561813 0.3859763875784974 0.013962493887362593 0.01606158349032799
0 0.7085205367187499 0.38678245555555557 0.02370656718749997 0.02583081388888886
0 0.02103002109375 0.46757168416800865 0.0420600421875 0.061178244444444474
0 0.8341870749743144 0.390880138217918 0.05188933834842868 0.05003265769189341
0 0.7937597789911581 0.39282535450885137 0.0351216157948161 0.03519758123992506
0 0.7376271901392567 0.39008842690149814 0.02074162871601337 0.03281402953033702
0 0.7586102265625001 0.38746221180555557 0.032118578125000075 0.04078549583333335
0 0.4338036633959732 0.4088606245759423 0.020667787308272456 0.02345280829307511
0 0.26714214446330836 0.43387695342188903 0.024185708552233676 0.029706890504561767
