2 0.033766683203124995 0.49179854375 0.027013346093749994 0.11383402083333327
2 0.071785466796875 0.4882412291666666 0.03901927890625 0.1209486472222222
8 0.2268620890625 0.4402175027777778 0.017008404687500006 0.03201581944444448
8 0.34341967695312503 0.40108705763888886 0.01200593203125 0.02490119305555566
8 0.5375155761718751 0.2089921472222222 0.028013841406249962 0.014229252777777784
8 0.5238340113407665 0.3237154965277778 0.010655653931532894 0.06936760694444444
9 0.53301335078125 0.3806325090277778 0.023011370312500112 0.026679848611111057
9 0.530512115625 0.2579052027777778 0.014006920312499949 0.0515810388888889
9 0.365930798828125 0.13725441226921084 0.021010382031250052 0.07707794120508836
9 0.35042313671875003 0.13695655625 0.012005932812500009 0.06936760694444444
9 0.38443994375 0.13962454166666666 0.014006920312500004 0.06047432499999998
8 0.8104369338792019 0.3531777353443323 0.012579241195903812 0.05003119291088681
