0 0.47716158554687504 0.5980204277777779 0.03871809609375004 0.05531524999999993
0 0.50065266171875 0.6025212013888888 0.03948382968750003 0.07345828333333337
0 0.5497778906249999 0.6253748930555556 0.08631348750000001 0.10610641388888886
0 0.199714716796875 0.5729746361111111 0.01744634140625001 0.03754534722222225
0 0.227108531640625 0.5688936215277778 0.023873942968750006 0.027750906944444376
0 0.37929399374999995 0.5816030826388889 0.03948382968750003 0.05223700416666677
0 0.43438770859375 0.5938461305555556 0.04682965781249998 0.06366384999999997
4 0.13887059765624998 0.5424486430555555 0.1055962859375 0.18119710833333336
0 0.005727453515625001 0.6155804520833333 0.01010051484375 0.0571342236111112
2 0.8292866703125 0.6555744104166665 0.031219773437500153 0.12406288749999994
2 0.8120392390625 0.6665659277777778 0.02754685937500012 0.12079807222222227
2 0.7743141890625 0.6546268381944444 0.027546857812500103 0.13385732083333335
2 0.6233102671875 0.6192246041666667 0.012855199999999956 0.07019347499999995
2 0.6077003808593751 0.6184084020833334 0.016528113281249923 0.07835550694444449
2 0.59071315390625 0.6151435888888889 0.01377342968749995 0.07182588055555561
2 0.12746683046875001 0.5996357284722222 0.033056228125 0.14854897916666665
2 0.16878711757812498 0.5882088847222222 0.016528113281250006 0.096311975
2 0.265215019140625 0.5743349923611111 0.011936972656250044 0.03101572083333326
2 0.296434790625 0.5775998062500001 0.01928279999999999 0.05386941249999999
2 0.24730956171875002 0.5686215729166666 0.007345828124999981 0.029383318055555496
0 0.274856417578125 0.5694377736111111 0.01101874296874994 0.021221283333333396
9 0.030089919921875 0.2432604340277778 0.02479217265625 0.0881499430555556
9 0.676522846484375 0.22693636805555556 0.02295571484375003 0.09467956944444444
9 0.6994785601562501 0.23346599166666665 0.019282799999999933 0.08162031666666666
9 0.7757362125 0.5302584576388889 0.02020102812499991 0.03264812638888892
9 0.7500258136718749 0.5318908638888888 0.014691657031249972 0.02938331388888893
3 0.66922169765625 0.6477917173611111 0.04040205781250006 0.05550181805555554
9 0.25579224843750004 0.4987001541666667 0.009182285937499979 0.024486097222222114
9 0.406075117578125 0.5133918013888888 0.010100516406250037 0.027750908333333324
9 0.350063172265625 0.5084945861111111 0.010100513281249945 0.024486097222222225
9 0.204305860546875 0.51665661875 0.010100513281249973 0.01795647361111108
8 0.34341749062500004 0.5378779 0.012855200000000011 0.021221283333333285
8 0.583381223046875 0.5348851645833334 0.011018744531249958 0.02285369027777784
0 0.326978162109375 0.5873827777777778 0.01191177265624993 0.013235302777777846
0 0.340378906640625 0.5900298388888889 0.011911772656250041 0.013235302777777735
0 0.350057221875 0.59135336875 0.007444857812499983 0.021176484722222222
