9 0.35481969843749994 0.38835910208333335 0.018457018749999998 0.07734369861111112
9 0.5631203367187501 0.4317184458333333 0.01318358593750002 0.06562495555555559
9 0.5552101859375 0.5594527333333332 0.01318358593750002 0.03515622500000004
9 0.7892188140625 0.2606248138888889 0.04086911250000003 0.12656241388888884
9 0.994223555859375 0.5278121298611111 0.010546867968749929 0.042187470833333296
8 0.013274219921875 0.013124987500000001 0.02654843984375 0.026249975000000002
8 0.478745394140625 0.537187125 0.042187471093749984 0.042187474999999974
8 0.533457270703125 0.5782027201388888 0.017138660156249985 0.030468729166666653
0 0.15179249453125002 0.6754682791666666 0.21357407187500005 0.11718741944444433
0 0.331089245703125 0.6742964048611111 0.08173822421874999 0.10078118194444441
0 0.39568881093749997 0.6508589201388888 0.031640603125 0.03515622638888882
0 0.43392120624999997 0.6672651590277778 0.058007771875 0.0632812069444445
