8 0.16126460158061587 0.3253423818860203 0.033281585901268285 0.04476604432759623
8 0.158242165625 0.19475958958333334 0.022472259374999998 0.05659680416666668
8 0.223318086328125 0.3587238583333333 0.01591785078125002 0.0183107305555556
8 0.2237862578125 0.38785456597222223 0.016854193749999996 0.00998767083333335
8 0.47191746562500003 0.3728730590277778 0.01872688437500003 0.009987670833333295
9 0.47191746523437506 0.3320900680555556 0.011236130468749994 0.021639955555555535
9 0.386710145703125 0.30212705347222224 0.009363441406250006 0.028298401388888894
9 0.38858283281249995 0.39284840069444443 0.009363442187500015 0.01997534027777781
9 0.34363831171875 0.38286072986111114 0.007490753125000027 0.023304562500000015
8 0.322102396875 0.4078299090277778 0.01123612968750004 0.013316895833333342
0 0.283712285546875 0.4269729451388889 0.016854194531249922 0.021639954166666753
0 0.268262606640625 0.43279908611111106 0.023408603906249992 0.03329223611111115
0 0.247194862109375 0.43363139236111103 0.029963014843750024 0.03495684861111109
0 0.388114661328125 0.44028984027777773 0.01779053984375001 0.02163995277777775
0 0.409182405859375 0.43279908611111106 0.02059957109374999 0.03329223611111115
0 0.42603660039062496 0.4419544493055556 0.01310881796875002 0.028298401388888894
0 0.4363363859375 0.4386252277777778 0.01685419375000008 0.03162762499999999
0 0.451317893359375 0.44861289722222225 0.029963013281250006 0.041615297222222236
0 0.534184353515625 0.44611598125 0.029026669531249993 0.04993835694444437
0 0.56742457109375 0.4644267125 0.0655440921874999 0.09987671111111113
0 0.641568504200165 0.47526747657148327 0.1333063599628299 0.13154591425407763
0 0.352533582421875 0.4377929201388889 0.01779053984375001 0.019975343055555483
0 0.8862497636718749 0.49369189157490856 0.22565894765624994 0.3712084486111111
9 0.019297467968750003 0.25476544305555554 0.011865226562500001 0.03984372222222221
9 0.007432241796875 0.2582810652777778 0.01186522578125 0.03749997499999999
0 0.36932164140625 0.4364059430555556 0.013183584375000057 0.028124980555555512
