0 0.464140014453125 0.4961097513888889 0.021061261718750057 0.027041622222222228
0 0.447173996875 0.4919495020833333 0.010530631249999978 0.018721123611111057
0 0.43488826132812497 0.4929895625 0.014040842968749967 0.02912174722222216
0 0.4255277 0.4992299381944445 0.018721123437499987 0.0332819958333333
0 0.413241962109375 0.4992299375 0.017551053906249947 0.0416024972222222
0 0.398616085546875 0.5023501256944445 0.030421824218750004 0.06032361805555558
0 0.381065033203125 0.49194949861111115 0.05616336796874999 0.08944536388888885
0 0.31905131484375 0.48674918888888885 0.14976898281250003 0.11648698333333324
0 0.34069761328125 0.5096305590277778 0.09945596406250001 0.08736523750000003
0 0.2956499109375 0.5085904993055556 0.12870771874999998 0.10192610972222221
0 0.267568226953125 0.5096305638888889 0.13338799921875005 0.12896773611111106
0 0.23539129726562502 0.5127507493055555 0.18604115703125002 0.16016960972222222
0 0.20262933203125 0.5262715590277778 0.179020734375 0.17057022916666664
0 0.13476526328125 0.5387523097222222 0.2679460671875 0.24545472222222214
0 0.084056131640625 0.6167569854166667 0.16811226328125 0.2683360902777778
0 0.47818085703124996 0.4909094402777777 0.011700701562500027 0.020801247222222263
0 0.48637134765625 0.4961097513888889 0.011700701562499971 0.027041622222222228
0 0.493976803515625 0.5033901875 0.015210911718749998 0.03328199722222225
0 0.52498366484375 0.5023501263888889 0.053823228124999956 0.08944536388888896
0 0.557745628515625 0.5273116229166667 0.04680280703124995 0.08528511527777782
0 0.6109838191406249 0.5377122451388889 0.10413624453125003 0.19345160138888884
0 0.733841187890625 0.5803548006944445 0.24454466484375004 0.29537771249999994
0 0.89004555625 0.6854011 0.2176330500000001 0.47634856666666664
8 0.31533390976562503 0.2917374944444444 0.005850350781250013 0.02496149722222224
