0 0.125750212109375 0.6464059138888889 0.25150042421875 0.29460859444444454
0 0.24418936523437498 0.5952826597222223 0.14329675234375 0.1715661805555555
0 0.3363087078125 0.5545573520833333 0.09943039999999992 0.14557130416666664
0 0.39382236953125 0.5502248722222223 0.07408539531250002 0.10917848055555546
0 0.45328564804687504 0.5476253854166666 0.04874039140624997 0.06238770138888883
0 0.47278180546875 0.5372274361111111 0.0253450031250001 0.0554557333333332
0 0.487403922265625 0.5268294840277777 0.031193850781249977 0.051989754166666735
0 0.5507664328124999 0.5320284611111111 0.037042698437499966 0.04505778333333321
9 0.5069000796875001 0.42804895624999995 0.0038992312500000237 0.02772786805555555
9 0.55417826015625 0.43411442638888886 0.006823654687500014 0.029460858333333284
