9 0.43260284843749996 0.4024215916666667 0.010546868749999994 0.03984372222222221
9 0.5776222796875 0.38835910138888885 0.010546867187499975 0.039843722222222266
9 0.656064608984375 0.4762496652777778 0.011865227343750062 0.028124980555555512
9 0.32186073671875 0.48562465972222224 0.013183584375000001 0.023437486111111072
9 0.569052949609375 0.3871872284722222 0.011865225781249933 0.042187470833333296
9 0.720004994140625 0.34851537847222225 0.013183585156250066 0.049218715277777825
9 0.2322123609375 0.4610153006944444 0.018457018749999998 0.030468729166666708
8 0.24341840781250002 0.42937469791666666 0.027685528125000025 0.02343748472222218
8 0.32120155742187495 0.45046843402777775 0.014501942968750015 0.01874998750000001
8 0.329770887890625 0.43406219375 0.018457019531250007 0.0187499874999999
8 0.644858562109375 0.42703095 0.01845701953125012 0.018749988888888902
8 0.6441993828124999 0.39656222083333337 0.01713866093750005 0.028124980555555512
2 0.64222184453125 0.5477339909722222 0.018457018749999943 0.10546867916666675
2 0.6296974390625 0.534843375 0.019775376562499947 0.11718741944444444
2 0.658042146484375 0.54539024375 0.02373045234375004 0.11484367361111114
0 0.67386244765625 0.5465621166666667 0.03427732031249997 0.10312493055555555
0 0.60201191171875 0.534843375 0.03823239687500002 0.08437494166666665
0 0.42073762187499997 0.5278121298611111 0.03427732031249997 0.05156246527777786
0 0.2361674359375 0.5617964812499999 0.10019524375 0.11953116805555553
0 0.12344778710937498 0.5676558534722222 0.18325182734375 0.1874998736111111
0 0.360752312109375 0.54539024375 0.05405269609375002 0.06796870416666656
0 0.513681894140625 0.6157026944444445 0.22543929921875 0.3023435416666667
0 0.027776162890625 0.6110151979166667 0.05555232578125 0.14296865138888892
0 0.829428747265625 0.5430464951388889 0.34013648515625006 0.5554683680555554
9 0.7244738847656249 0.38801323055555553 0.009052152343750008 0.01788079444444446
2 0.29298797382812497 0.5337417020833333 0.011063741406249994 0.05185430138888891
