8 0.15060781210937502 0.5250964930555555 0.01657173359375 0.013863933333333356
8 0.158406274609375 0.5441594027777779 0.022420580468750007 0.013863936111111141
8 0.606817883984375 0.5311619638888889 0.022420580468750062 0.015596924999999984
8 0.752064252734375 0.44971135277777774 0.02437019609375002 0.015596924999999984
8 0.73695473125 0.41765100624999996 0.037042698437499855 0.020795901388888927
8 0.7481650214843749 0.49303614652777783 0.01657173359374997 0.039858809722222166
8 0.52054738984375 0.5796857326388889 0.009748078125000004 0.019062909722222243
9 0.167179545703125 0.3881901465277777 0.010722886718749991 0.04505778472222227
9 0.5010512328125001 0.4653082784722222 0.009748078125000004 0.036392826388888855
9 0.6233896175781249 0.5788192361111111 0.008773271093750035 0.013863933333333245
9 0.14914560039062502 0.39425561736111114 0.013647310156250009 0.0467907763888889
9 0.49201085782422005 0.46798691756629157 0.012231903101559805 0.04143349820075026
9 0.7593753121093749 0.5320284604166666 0.025345003906250052 0.03812581805555548
9 0.148170792578125 0.5909501784722222 0.011697694531249997 0.02079590138888887
9 0.460109303125 0.5900836833333334 0.007798462499999992 0.012130944444444514
9 0.36116630703124997 0.5848847076388889 0.006823654687500014 0.015596926388888877
0 0.406494871484375 0.6386074506944444 0.01754654140625006 0.05025675972222221
0 0.5137237347656249 0.6446729215277778 0.02924423515625002 0.04159180138888885
0 0.320224376953125 0.6533378798611111 0.014622116406249996 0.031193848611111075
0 0.303652644140625 0.6524713840277777 0.020470964843749995 0.032926840277777814
0 0.264660330078125 0.6628693354166666 0.02437019609375002 0.05372274305555569
0 0.27879504375 0.64813890625 0.03899231406250003 0.05545573749999999
0 0.229079843359375 0.6620028388888889 0.06433731640625001 0.06931966944444445
0 0.481067671875 0.6464059138888889 0.04191673750000002 0.058921719444444465
0 0.543942778125 0.6516048895833333 0.03899231406249992 0.04852377083333337
0 0.37481361679687497 0.6377409555555555 0.036067889843750034 0.07278565277777782
2 0.6404487542968751 0.6533378805555556 0.019496155468749943 0.10397950277777779
2 0.064824721484375 0.6559373680555556 0.02047096484375 0.08491659444444444
0 0.6867521269531249 0.6611363430555555 0.10625405390624998 0.15077028055555564
0 0.8242000335937499 0.6871312194444444 0.2836690828124999 0.24435183333333343
0 0.4333020875 0.6438064263888889 0.04386635312500009 0.07798462777777782
