0 0.049279760156250005 0.352040975 0.0284120046875 0.03979593611111115
0 0.022589696484374998 0.3566328145833333 0.03013393984375 0.04285716249999999
0 0.16594116484375 0.3510132805555556 0.034438792187499984 0.03529155833333336
0 0.87056345859375 0.31869547291666667 0.06543370156249995 0.019897965277777763
0 0.9885163207031249 0.3033893465277778 0.020663275781250046 0.09642861527777774
0 0.6359445652343749 0.3359695395833333 0.01980230546875006 0.022959190277777763
0 0.11752237460937501 0.34438790694444443 0.06371176328125001 0.06122451666666662
0 0.30607475546874996 0.3485304047225799 0.04821430781249997 0.033855779166666655
0 0.424458098046875 0.3520409743055556 0.024968122656250036 0.03673470694444453
0 0.664238179296875 0.34663599930555555 0.0473533382812501 0.07040819583333335
0 0.8398522007812501 0.42928909722222225 0.21615104374999994 0.23571439166666674
8 0.361033319921875 0.23979601944444445 0.03788266953124997 0.018367355555555548
8 0.3894427893207475 0.24217540403767213 0.02926790207899499 0.03866300592974073
8 0.7940138071743466 0.2297146892660542 0.04861365497369319 0.09983100353210847
8 0.70361678828125 0.2693878763888889 0.007748728124999937 0.027551033333333308
8 0.692854666796875 0.3015307465277778 0.010331636718750037 0.021428579166666684
