0 0.04045452578125 0.49650212986111114 0.07895943593749999 0.10224651249999994
0 0.0745728 0.5008346097222223 0.051664815625 0.09358155555555553
0 0.151582619921875 0.5224970048611111 0.02437019609374999 0.03985880972222222
0 0.2051970515625 0.5242299965277778 0.039967121874999983 0.02599487361111108
0 0.2339538828125 0.5207640131944444 0.009748078125000031 0.03985880972222233
0 0.351418228515625 0.5259629881944445 0.010722886718749991 0.029460856944444447
0 0.3753010203125 0.5389604263888889 0.04484116093749996 0.07971761944444444
0 0.508849695703125 0.5519578652777778 0.05653885546875004 0.0883825777777778
0 0.76522415859375 0.5794161107893243 0.22420580312499994 0.2934148450880182
0 0.287080910546875 0.6108795833333333 0.15499444765624998 0.2408858499999999
0 0.43963833867187496 0.5632223111111111 0.10332963203124995 0.14210532222222216
0 0.65604568046875 0.6576703604166667 0.32753543593749995 0.35526330416666674
