0 0.097480784765625 0.6081771720613287 0.19106233671875 0.3509369676320272
0 0.8831759078125 0.6160785569444445 0.22615542031250002 0.4176510055555556
4 0.190087530078125 0.5285624736111111 0.17351579609375 0.2114249861111112
0 0.293417162890625 0.4991016173611111 0.09943040234375003 0.17329917361111102
0 0.357267074609375 0.49476913680555556 0.06141289609375006 0.10571249583333331
0 0.39577198593749996 0.4895701625000001 0.031193849999999967 0.07105266111111114
0 0.41136891015625 0.48783717152777784 0.017546540624999996 0.05718872638888889
0 0.424041412890625 0.4817717 0.025345003906250108 0.04852376944444453
0 0.44305016679687503 0.47743921944444445 0.018521349218750094 0.046790774999999896
0 0.455235264453125 0.4739732361111111 0.013647308593750074 0.03985880833333327
0 0.465470746875 0.47050725555555556 0.010722890625000037 0.02946085833333334
0 0.49910161679687504 0.4731067409722222 0.011697691406249933 0.017329918055555615
0 0.50836229140625 0.4774392173611111 0.014622117187499839 0.03292684305555549
0 0.5244466207031251 0.48090520138888887 0.023395388281249985 0.039858811111111
0 0.54053095 0.4852376833333334 0.02631981093749991 0.062387702777777776
0 0.5673381667968751 0.4835046923611111 0.03509308515624998 0.10051352083333331
0 0.60681788515625 0.48350469097222215 0.08675789843750004 0.12130942083333335
0 0.6492220242187501 0.5198975159722222 0.08773270312500003 0.11784344027777771
0 0.7510894453124999 0.5302954694444444 0.20178522499999996 0.24955080833333326
