0 0.530782873046875 0.35526330347222224 0.020470964843749995 0.041591801388888905
0 0.556615279296875 0.36219527222222225 0.03704269765625001 0.05198975277777779
0 0.720011771251464 0.41071903750000005 0.16840940280957206 0.1906290888888889
0 0.45474785976562504 0.3578627902777778 0.02047096484374994 0.029460858333333284
0 0.430377663671875 0.35959578263888886 0.01657173359374997 0.03985880972222222
0 0.410881507421875 0.3543968076388889 0.01852134921875004 0.050256759722222155
0 0.392847562890625 0.3699937333333333 0.02729461953125001 0.06065471111111109
0 0.334846494921875 0.38559065972222223 0.06921135703124998 0.08145061111111107
0 0.23882792265625002 0.3977216013888889 0.11112809375000002 0.14037233055555554
0 0.10665636640625001 0.4462453708333334 0.2117034859375 0.20969200000000005
0 0.880251485546875 0.5146985430555555 0.23395388359375013 0.33620039444444444
