0 0.0939514875 0.4551863145833333 0.08539525781249999 0.11753325694444439
0 0.30193026171875 0.41355995069444446 0.02203748593749999 0.04733978472222222
0 0.346005233984375 0.41355995208333335 0.01101874296875005 0.031015718055555586
0 0.36574714921875 0.41274375069444447 0.022955714062499966 0.029383315277777766
0 0.38502995 0.41274375 0.021119257812500014 0.03264812777777781
0 0.4089038921875 0.3972358888888889 0.02479217187499999 0.040810158333333346
0 0.417167950390625 0.41600856111111106 0.015609886718749966 0.029383313888888873
0 0.046287072265625 0.48048861527777775 0.09257414453125 0.1485489805555555
4 0.441960122265625 0.3897416597222222 0.03948382890625002 0.09794438333333327
1 0.63432901015625 0.4003523013888889 0.08814994218750005 0.13548973055555558
8 0.533323866015625 0.2852676506944445 0.009182286718750099 0.02938331249999998
7 0.32718154921875 0.4289194111111111 0.02479217187499999 0.1012091916666667
3 0.328099778515625 0.48850224722222224 0.011936971093750026 0.06039903888888892
2 0.1940384046875 0.4689133673611111 0.032138 0.16487304027777783
2 0.20873006171875 0.4608997388888889 0.033974457812500025 0.2040507972222223
2 0.150422546484375 0.46906176944444444 0.029383314843750008 0.16813785555555555
1 0.203679804296875 0.37683081041666666 0.18548217421875002 0.27750908472222213
8 0.5452608386718749 0.3164317743055556 0.044074971093749915 0.03264812916666665
4 0.503022323046875 0.39152246736111107 0.040402057031249994 0.09467957083333328
8 0.6448886398437499 0.32132899097222223 0.01010051406250001 0.0195888763888889
8 0.8408887035156251 0.04218750138888889 0.052339028906249974 0.05876663055555555
8 0.9781638765625 0.11074857083333334 0.04040205781250006 0.07835550833333334
9 0.7943094730468749 0.048717128472222225 0.020618405468749934 0.07835550694444444
0 0.8144110796875 0.45763492361111113 0.3703481312500001 0.5762394527777779
