8 0.6945204078125 0.44360691111111106 0.02517265000000002 0.05966850555555553
0 0.40783188476562504 0.5268942020833334 0.025172650781250028 0.03232044305555548
0 0.37776455078125 0.5326324250000001 0.029368092187500028 0.043796888888888774
0 0.35468962265625 0.5368389513888889 0.01678176718750002 0.05220994166666659
0 0.32097627421874997 0.5394500118055556 0.05623884843749999 0.07234918472222229
0 0.27078078632812497 0.5567284548611111 0.027969613281249972 0.06712707083333336
0 0.15671672499999997 0.5950589979166667 0.22218263124999998 0.2283185347222222
0 0.04457978789062499 0.5601473619167613 0.08879703515625 0.1982742710557448
0 0.5190110917968749 0.5437490506944445 0.009789364843750037 0.026251131944444506
0 0.5371913390625 0.5480267986111111 0.02657113281250012 0.03480662777777788
