0 0.3015464421875 0.3932647567965645 0.03247423281249995 0.05058402807353779
0 0.306765516015625 0.4000000673611111 0.015077324218749966 0.04536083194444451
0 0.33112118828125 0.39793820972222216 0.04523196562499998 0.061855680555555514
0 0.197744877734375 0.4206186256944444 0.04059279140624997 0.06597939027777777
0 0.16585054296875 0.43092790555555555 0.0347938203125 0.061855677777777784
1 0.522487199609375 0.3680412979166666 0.033634025781250076 0.05979382361111113
0 0.58221659140625 0.39587635486111106 0.04639176093749997 0.06185567916666662
0 0.59729391328125 0.40618563541666663 0.027835056249999934 0.05773196805555558
0 0.63498721796875 0.4088586030664395 0.07770619843750004 0.09540034071550257
0 0.43434285546875 0.403747870528109 0.1635309546875 0.3304940374787053
0 0.8946981361304833 0.4727427597955707 0.20730513086403313 0.25724020442930157
8 0.25921396093750004 0.2670103534722222 0.033634026562499975 0.01855670416666666
9 0.3154639703125 0.26288664027777775 0.009278351562500009 0.030927838888888892
9 0.3073454125 0.26494849861111114 0.009278353125000027 0.026804127777777798
8 0.563079989453125 0.3309278895833333 0.012757735156250005 0.01030927916666663
8 0.5682990625 0.31546396805555554 0.009278353125000027 0.012371136111111125
9 0.190786114453125 0.2783505611111111 0.00811855859375002 0.028865983333333345
8 0.722225631640625 0.2694544166666667 0.015760627343750055 0.04839626944444447
