8 0.30752331640625 0.25783603958333334 0.040168439062500005 0.07027705694444444
9 0.303292006640625 0.23403251944444445 0.029966932031250004 0.17229214166666668
8 0.30807396328125003 0.3717528826388889 0.040806032812500004 0.09181357638888887
0 0.059569520703125 0.5692603694444445 0.05355791796875001 0.03740553055555562
0 0.08539208906250001 0.5840768604166666 0.052920325000000004 0.05214104305555545
0 0.01971987890625 0.588610863888889 0.03889325 0.07027705833333331
0 0.24793308984375 0.5657789208333333 0.03443009062500002 0.04760703888888884
0 0.22721127578125003 0.56294516875 0.01721504531250001 0.021536518055555565
0 0.21414059296875 0.5669124222222222 0.015302262500000025 0.03400502777777781
0 0.278628706640625 0.5725799270833333 0.05355791953125 0.07481106250000003
0 0.156347224609375 0.5918494430555555 0.10647824296875001 0.12468510277777778
4 0.299988115234375 0.5419754020833334 0.06439702265625002 0.03853903194444441
0 0.37331145625 0.5548487215277778 0.014664668749999943 0.026070520833333388
0 0.3503580625 0.5548487215277778 0.036342873437500034 0.032871526388888905
0 0.41644015117187494 0.5610829770833334 0.01147669609374996 0.015869012499999946
0 0.40368826640625 0.5554154722222222 0.007651131250000054 0.01133500833333323
0 0.45342061953124996 0.5474809659722222 0.015302262499999997 0.011335009722222344
0 0.465534910546875 0.5542819715277778 0.00892631953125006 0.011335009722222122
0 0.4550146046875 0.557682475 0.013389479687500039 0.01586901388888884
0 0.435659071484375 0.5582492243055555 0.02040301640625003 0.028337523611111082
0 0.475827510546875 0.5491812173611111 0.012751885156250031 0.01926951527777776
0 0.487941801953125 0.5571157236111111 0.017852639843749962 0.019269516666666653
4 0.5353970246093749 0.5565489736111111 0.04080603359375001 0.04760703888888895
0 0.54291153203125 0.5321787027777778 0.03251730781250006 0.03740553055555562
0 0.556437635546875 0.5646454208333334 0.028054147656250028 0.04307303611111113
0 0.6485700078125001 0.5493431583333332 0.01849023437500008 0.02607052222222228
0 0.656858733203125 0.563511920138889 0.023590988281250058 0.04534003750000004
0 0.6893760410156251 0.5646454208333334 0.05674588984374995 0.06120904999999999
0 0.733051248828125 0.5759804298611111 0.06375942734375006 0.0680100569444444
0 0.8079685753906249 0.576547179861111 0.11540456328124993 0.0963475791666667
0 0.93038667578125 0.5890156902777778 0.1358075796875 0.13942061388888893
8 0.7099016 0.026370515972222223 0.032944556250000034 0.05274103194444445
0 0.60803723984375 0.5941164444444444 0.10520305468750002 0.12241809999999997
9 0.4356135203125 0.5170383819444444 0.00446315937499997 0.013602011111111145
8 0.42878215781249995 0.5204388840277778 0.005738348437499929 0.015869012499999946
