0 0.19445787421875 0.4936057418062654 0.06723628281249999 0.09794402194302482
0 0.08843260229849872 0.47901154693237746 0.05516588602800255 0.07556994224635633
0 0.13513174296875 0.4781246701388889 0.056689414062499985 0.08203119305555562
4 0.27751445742187497 0.4253903326388889 0.06459956484375001 0.09374993472222226
4 0.317065211328125 0.44179657222222224 0.019775375781249993 0.09374993888888888
0 0.26828594765625 0.509765275 0.09887688593750005 0.15468739166666667
1 0.015820301953124997 0.41835908611111117 0.031640603906249995 0.10312493055555555
0 0.031640603125 0.5238277652777777 0.06328120625 0.11718741944444439
1 0.134472562890625 0.43710907569444446 0.060644489843749996 0.07968744583333343
0 0.8381407046103067 0.4429684472222222 0.05338213422061333 0.0914061888888889
0 0.740736797274276 0.43611584327086883 0.03545570698466771 0.09199318568994891
0 0.5797741508211776 0.46081771720613296 0.07575358273264488 0.10391822827938674
9 0.42517060703125 0.3480466354166667 0.0250488109375 0.04687497083333331
9 0.40144015312500003 0.35507787986111117 0.01186522499999998 0.05624996249999997
2 0.6618159511718751 0.47417870990204436 0.15820301640625 0.3327328698040886
2 0.799584410546875 0.5035152666666667 0.12524405390625004 0.29296854722222215
8 0.386938211328125 0.2589841958333333 0.051415982031249974 0.03281247777777782
8 0.375072983984375 0.060937457638888894 0.030322244531249987 0.10546867638888889
