9 0.5220096015625 0.3483313361111111 0.010722885937500037 0.05198975
9 0.348006400390625 0.4063865597222222 0.009748077343749995 0.04679077777777774
9 0.507387483984375 0.34486535416666664 0.012672502343749947 0.06585368333333336
9 0.335333899609375 0.40205408125 0.01754654140624995 0.05545573472222215
9 0.576111437109375 0.4687742618055556 0.013647310156250092 0.03985880972222228
9 0.59024615078125 0.5181645263888889 0.016571732812500017 0.027727869444444497
8 0.659457508203125 0.2885431222222222 0.03996712109375 0.02946085833333334
8 0.68285289609375 0.35439680902777776 0.028269428124999996 0.019062906944444458
9 0.04630337265625 0.47310674236111117 0.014622117187500006 0.0693196680555555
9 0.049715200390625006 0.5476253847222222 0.013647310156250002 0.03465983333333322
9 0.029244235546875 0.5441594027777777 0.017546541406249998 0.04159180277777774
9 0.48204247890625 0.5493583770833333 0.00877327031249997 0.020795901388888982
9 0.4255036246093751 0.55449225 0.00877327109374998 0.017199716666666642
0 0.475706228125 0.5866176986111111 0.01169769374999996 0.01559692777777788
0 0.491790557421875 0.5831517159722223 0.010722886718749991 0.019062909722222132
0 0.5010512328125001 0.5866176986111111 0.015596924999999984 0.022528891666666606
0 0.5107993109375 0.5926831701388888 0.013647309375000027 0.04159180138888885
4 0.536631719140625 0.5970156513888889 0.038017505468749935 0.06412069444444446
9 0.68187808828125 0.45144434513888887 0.014622117187500061 0.032926843055555544
0 0.6419109664062499 0.605680607638889 0.09260674531250002 0.20622601527777784
0 0.8178637828124999 0.6117460791666667 0.3626285187499999 0.4505778472222222
0 0.044841160937500006 0.7087936173611111 0.08773270625 0.15596925416666663
0 0.45913449531250006 0.5909501791666667 0.02144577187500002 0.04159180277777785
0 0.4425627625 0.59701565 0.015596926562500002 0.029460861111111125
0 0.428428048046875 0.591816675 0.016571733593750082 0.022528891666666606
0 0.41136891093749994 0.6013481291666667 0.01559692500000004 0.024261883333333345
0 0.39625939023437495 0.6013481284722222 0.01462211796874996 0.03465983472222223
0 0.382124675390625 0.6013481284722222 0.01949615703124996 0.038125818055555594
0 0.37140178945312496 0.6108795840277778 0.025345003906249997 0.04332479305555559
0 0.35093082421875 0.6152120631944444 0.03119385156250004 0.05892172083333347
0 0.311938510546875 0.6189930384700928 0.058488471093749994 0.09421153805129656
9 0.22961100859375 0.5648684236111111 0.025978618749999988 0.028421052777777733
0 0.9762297700170358 0.762350936967632 0.04647572402044298 0.28109028960817706
