4 0.261181238671875 0.36522059583333333 0.08732029609375003 0.16771040555555555
0 0.7149349140625 0.38046699930555555 0.08108313125 0.07068785972222225
0 0.7609339984375001 0.3742298347222222 0.029626528124999996 0.05821353055555556
0 0.6533429203125001 0.37422983472222227 0.028067235937499935 0.04989731111111112
0 0.6174792269531251 0.3776949270833333 0.04366014765625004 0.04573920416666666
7 0.56711615546875 0.37076474375 0.01310209687500008 0.03465090972222218
0 0.5453620199218749 0.3749228548611111 0.02572830078124999 0.03742298472222222
0 0.5063797457031249 0.37284380000000006 0.01793184609374998 0.024948655555555532
0 0.3983988453125 0.38462510833333335 0.018711492187500012 0.026334691666666687
0 0.027677414062500003 0.4192760194444445 0.045999084375 0.04019505833333331
0 0.015203087109375 0.4275922381944445 0.03040617421875 0.03742298472222222
1 0.482990380078125 0.37007172499999996 0.014813264843750007 0.024948658333333318
0 0.42880501914062497 0.3867041638888889 0.038982274218749946 0.06652974999999994
8 0.523531946484375 0.29799783055555557 0.014813264843750007 0.027720727777777787
8 0.703240231640625 0.1663243715277778 0.040541564843750155 0.05821352916666667
8 0.7217796578125 0.01573536527777778 0.038638143750000076 0.02397073055555556
0 0.21245339531250002 0.3964064173611111 0.022609720312499998 0.03880901805555559
0 0.37306036640625007 0.38393208958333336 0.007016809374999988 0.013860362500000056
3 0.5677345910156251 0.39187472430555553 0.011865225781250044 0.04218747361111108
7 0.60794452421875 0.3614059944444445 0.02109373593750008 0.056249961111111135
3 0.6092628828125 0.3942184722222222 0.02109373593749997 0.056249961111111135
4 0.1504741359375 0.3824997298611111 0.08437494218749998 0.04687496805555558
