0 0.45381652304687503 0.5947646847222223 0.04871466640625005 0.043301925000000074
0 0.76616350234375 0.6176892347222223 0.12608501875 0.16047184166666673
0 0.37716256328125 0.6189628222222222 0.07593756874999996 0.16301901666666674
0 0.23962508080658781 0.6376939995307808 0.2403444329814189 0.2885759649024023
0 0.08614864864864864 0.745045045045045 0.17229729729729729 0.4378378378378379
0 0.914981560209037 0.6393401965277777 0.16868552823057426 0.3616984375
8 0.62861620859375 0.5158023486111111 0.014327845312499976 0.06367930277777772
0 0.5540799953969594 0.6537840268393393 0.1546778470439189 0.22756708145645654
9 0.52335601015625 0.4677166652777778 0.02032972968750002 0.059527574999999944
9 0.797807365625 0.4698426493055555 0.02630906250000009 0.07228348472222218
8 0.43844949062500005 0.5336221951388889 0.017937996874999917 0.04677166527777776
9 0.909620880859375 0.42838594583333334 0.013154530468750147 0.03614174166666673
