9 0.17096964522804053 0.16086591783033033 0.04522287170608108 0.2440339301051051
8 0.17157652812500002 0.019251030555555555 0.04370507187499997 0.03642089444444445
8 0.463854192578125 0.24627459444444444 0.01092626796875007 0.019424477777777782
8 0.43039249648437494 0.2790533972222222 0.028681453906250043 0.016996419444444466
8 0.3798585078125 0.3749617472222222 0.009560484375000011 0.019424474999999997
8 0.33888500390625 0.48301039583333333 0.009560484375000067 0.021852533333333257
8 0.5881404878906249 0.4368772659722222 0.008194700781250064 0.02185253472222226
8 0.6707703875 0.4380912951388889 0.006828917187499894 0.01942447638888889
8 0.46112262421875 0.41502473055555555 0.010926267187500005 0.01699641944444441
8 0.336836328515625 0.44658950416666665 0.010926267968749959 0.021852536111111154
9 0.38122429140625 0.4101686118055555 0.012292051562499962 0.05098925138888888
8 0.13128591562500003 0.4101686118055555 0.009560484374999983 0.026708656944444464
8 0.26991293867187505 0.5085050201388889 0.02731566953125003 0.04370506805555552
0 0.10260446328124999 0.48422442708333335 0.10789689531249999 0.10197850138888898
0 0.18045412109375 0.49757875347222225 0.09970219375 0.12383103472222229
1 0.257620887109375 0.47208412777777775 0.04370507109374999 0.04370506944444441
0 0.257620887109375 0.48422442638888885 0.03277880390624999 0.03884895277777778
0 0.28288788164062495 0.4830103958333334 0.01775518515625002 0.02670865555555557
0 0.31771536015625 0.4732981590277778 0.019120968749999967 0.021852537500000047
0 0.332738978515625 0.46965606805555554 0.01638940234374997 0.019424474999999997
0 0.34981127187500005 0.46358592222222217 0.012292051562499962 0.0218525361111111
0 0.30200884921875 0.4793683076388888 0.01775518437500001 0.024280595833333363
0 0.317032468359375 0.49393666458333335 0.02048675234374997 0.029136715277777836
0 0.411271527734375 0.4854384555555556 0.02048675234375008 0.026708652777777786
1 0.415368878515625 0.46601397986111115 0.02321831953124992 0.05098924861111104
0 0.43312406367187495 0.45994383125000005 0.012292050781250008 0.019424476388888945
1 0.45156213984374993 0.4550877118055556 0.019120968749999967 0.033992834722222254
0 0.45361081562500005 0.4805823375 0.020486751562500072 0.03642089444444446
0 0.46385419140624995 0.4927226347222222 0.019120968749999967 0.03642089166666662
0 0.48229226875 0.5024348715277778 0.03960772031250004 0.055845365277777725
0 0.52736312265625 0.5194312888888889 0.07511809062499997 0.09469431944444445
0 0.9157094594594594 0.6201957576388889 0.1672297297297296 0.4564751875000001
9 0.4309046859375 0.4158051902777778 0.00682891718749995 0.019424474999999997
9 0.45207432968750005 0.4121631013888889 0.005463132812500049 0.026708652777777786
8 0.486901808203125 0.4400857854166667 0.00956048515625002 0.019424473611111104
8 0.485536025390625 0.45951026180555554 0.00956048515625002 0.01942447638888889
0 0.5381186890625 0.4813627965277778 0.03277880312499992 0.043705070833333304
0 0.56201989921875 0.5020013041666667 0.015023617187500005 0.04127701111111115
2 0.6582157046874999 0.4899638763888889 0.01325397343750001 0.07207389444444445
9 0.461939952734375 0.2841374673611111 0.011694682031250014 0.04712523749999997
9 0.13935810810810811 0.2207207207207207 0.02533783783783783 0.09909909909909906
9 0.21030405405405406 0.22792792792792793 0.03952702702702701 0.10990990990990993
