9 0.414858659765625 0.4192106340277778 0.011190789843749993 0.06252633194444446
9 0.7921482324218749 0.48315801875 0.012789477343750022 0.05684211805555556
9 0.43124517812499996 0.42134221388888893 0.010391450000000024 0.05826316944444443
0 0.54449366171875 0.6849475458333333 0.010391449999999969 0.02273684444444446
0 0.53610056796875 0.6828159680555556 0.011190793750000094 0.021315794444444425
0 0.5269081300781249 0.6778422840277778 0.013588819531250018 0.028421059722222308
0 0.5033275335937499 0.67642123125 0.03357237656249995 0.04547370416666663
0 0.5928538722656249 0.6821054395833333 0.03197369140624995 0.04263159027777774
0 0.630422960546875 0.6813949138888888 0.04316448515625004 0.058263172222222215
8 0.32845252890625 0.49617152708333334 0.02900388593750003 0.0210937347222222
8 0.8037207570312499 0.534843375 0.027685528125000025 0.028124980555555457
0 0.5749855625 0.6824995236111111 0.015820301562500028 0.02812498055555568
9 0.8169043417968751 0.5756246041666666 0.014501942968749959 0.03281247777777774
9 0.04236874140625 0.17859362013888888 0.026367168750000003 0.10312492916666666
