8 0.44902184023437497 0.41567203611111114 0.012005932031249944 0.01600790833333332
2 0.576084619921875 0.4974902388888889 0.010004942968750097 0.0337944750000001
2 0.5655794296875001 0.4903756125 0.007003460937499928 0.03379447499999999
0 0.5400668242187501 0.5019368798611111 0.032015818750000036 0.049802381944444474
4 0.49304359179687496 0.4756756756756756 0.048023727343750044 0.10450450450450449
0 0.394995147265625 0.5348420270833333 0.06002966015625 0.09782611249999995
0 0.594593765625 0.5028262097222223 0.019009393749999992 0.033794477777777776
0 0.618605629296875 0.5090515069444445 0.04502224453125003 0.060474324999999995
0 0.288442500390625 0.5357313548611111 0.16708255234374997 0.19565222361111118
0 0.706649128125 0.49037561180555556 0.13906871093750006 0.22944669861111106
0 0.7856881804687499 0.5668578451388888 0.15307563125 0.2294466986111111
0 0.8927410734375001 0.5730831444444444 0.21310529062500005 0.4482214555555556
8 0.87367705625 0.3009486868055556 0.03312556249999998 0.03557312916666666
0 0.6511824324324325 0.5252252252252252 0.02533783783783783 0.09549549549549546
