0 0.594629125390625 0.5079660048611112 0.008580508593750036 0.01220338749999994
0 0.58218738984375 0.5110168548611111 0.011154657812500024 0.015254237499999879
0 0.564740376171875 0.5204236368055555 0.01973516484375004 0.032033893055555596
8 0.48780181367187503 0.45559314097222225 0.03174787421875003 0.024406773611111043
8 0.2526959265625 0.45419482777777775 0.01801906406249998 0.01677965833333328
0 0.528130196484375 0.5022456645833333 0.009438557031250072 0.009152540277777843
0 0.5015306265625 0.5075846479166667 0.012870760937500059 0.019830506944444493
0 0.5122562578125 0.5136863430555556 0.012012709374999986 0.019830505555555544
0 0.48994693984375004 0.5030083777777778 0.013728810937500058 0.016779655555555606
0 0.47750520546874997 0.49766939583333336 0.011154657812499968 0.012203388888888889
0 0.462489318359375 0.5045338013888889 0.015444911718750065 0.025932200000000016
0 0.48265351015625 0.5182626118055556 0.03003177343750002 0.04118643472222222
0 0.530418348828125 0.5239829520833335 0.030031774218749918 0.04423728194444443
0 0.40499992265624996 0.49118635069444444 0.015444910937499945 0.012203387500000051
0 0.38226158007812505 0.4911863472222222 0.018019064843749988 0.015254236111111097
0 0.369390819140625 0.49423719513888886 0.012870760156249994 0.012203390277777781
0 0.350513705078125 0.49347448125000004 0.021451267968749965 0.022881354166666645
0 0.313188500390625 0.48584736458333333 0.029173724218749975 0.019830506944444548
0 0.314904601171875 0.49347447986111115 0.02230931796875002 0.013728806944444394
0 0.287876004296875 0.4888982145833334 0.01973516484375004 0.02288135694444443
0 0.25312495156250003 0.4835592305555556 0.018877114062499978 0.02440677499999999
0 0.26556668515625004 0.4888982111111111 0.03003177343750002 0.025932200000000127
0 0.2183738984375 0.48966092222222224 0.018019064062500034 0.02745762222222231
0 0.10511120859375 0.4927117722222222 0.0454766875 0.036610161111111095
0 0.04461863554687499 0.497712578246997 0.06349575078125 0.029659390728228263
0 0.180619669921875 0.5277965090277777 0.10382413359374998 0.09762709861111113
