9 0.37090234999999994 0.5097153013888889 0.013196081249999991 0.02559240000000007
9 0.43208418125000003 0.5054499027777777 0.013196081249999991 0.029857799999999934
8 0.543651051953125 0.44040255138888884 0.020393944531249986 0.04052130000000004
0 0.5758174330869932 0.5892573333333333 0.046338106798986534 0.15481866666666666
0 0.13436010039062501 0.6422981631944444 0.09597150078125001 0.13862550416666675
0 0.6923529614125845 0.568274065503003 0.22073445078124998 0.3048933104354353
0 0.058182722265625 0.6816263333708709 0.11636544453125 0.16467526118618614
0 0.21673028664484797 0.6502666665352853 0.14156868139780404 0.15171891918168168
0 0.5086489515625 0.60746405625 0.11996437499999996 0.16421789861111113
0 0.36739864864864863 0.6297297297297296 0.15101351351351344 0.23963963963963963
0 0.8623294547402871 0.7009202710773274 0.2739897391680741 0.4036423439564565
