0 0.8076283007812499 0.5788192361111111 0.38114986875 0.5822852194444444
0 0.09553116874999998 0.5484918819444444 0.12477540468749997 0.12304241388888898
0 0.27587062109375 0.5493583777777777 0.06823655000000003 0.07971761944444433
0 0.33533389921875 0.538960426388889 0.0428915453125 0.04505778611111111
1 0.257836675 0.5172980284722222 0.06531212500000005 0.1022465125
1 0.18862531875 0.5094995666666666 0.0770098203125 0.09011556944444443
0 0.20373483945312498 0.5337614520833334 0.040941930468750026 0.04852376805555547
8 0.398696408984375 0.4211169909722222 0.013647310156250037 0.03119385138888886
8 0.4649833421875 0.46790776736111117 0.02924423437500001 0.02772786805555555
8 0.4708321890625 0.49910161736111114 0.013647309375000027 0.01732991805555556
9 0.576598840625 0.2772786756944444 0.008773270312500081 0.06238770416666667
9 0.739596303515625 0.3084725277777778 0.009182375781249918 0.0554557361111111
9 0.398696408984375 0.3717267256944444 0.009748078906249957 0.050256759722222266
9 0.372864001171875 0.4687742618055556 0.0029244226562500364 0.015596926388888821
9 0.560027106640625 0.486970675 0.004874039843750011 0.017329916666666723
0 0.4991016171875 0.5484918819444444 0.03509308281250001 0.05718872777777784
0 0.533707295703125 0.5502248729166667 0.02826942734374993 0.03985880972222211
0 0.580010668359375 0.5536908576388888 0.03119385078124992 0.03985880972222222
0 0.61412894296875 0.55369085625 0.031193851562499986 0.046790776388888844
0 0.560027106640625 0.549358376388889 0.020470964843749884 0.03812581666666659
0 0.474244016796875 0.5545573513888888 0.010722885156249973 0.02079589999999998
0 0.4571848800781251 0.54849188125 0.009748077343749995 0.02252889305555561
