0 0.26059990078125 0.561045536692943 0.161001346875 0.29412514283033026
0 0.46895458632812503 0.5961259048611112 0.18338656171875 0.21428580972222222
0 0.8699574375527871 0.820918507638889 0.25873377354307414 0.3581629847222222
9 0.29933048906250004 0.3084185041666667 0.01205357812500002 0.05051022777777775
9 0.308801156640625 0.3073980965277778 0.006887757031249997 0.038265323611111124
9 0.2894293359375 0.3066327923611111 0.007748728124999993 0.03367348194444447
9 0.657493916015625 0.3931124236111111 0.018941335156250072 0.026020416666666712
9 0.6760047656249999 0.39081650416666663 0.016358425000000065 0.036734713888888826
9 0.697959494921875 0.3525511798611111 0.006887758593749904 0.03673470972222226
8 0.719028143359375 0.36045934583333333 0.03960461015625005 0.0168367416666666
8 0.730651233984375 0.38724507083333337 0.031855882031250005 0.015306130555555575
8 0.73796947734375 0.41862263680555556 0.012053576562499946 0.03214287083333334
9 0.48785775703125 0.3880103777777778 0.011192606250000015 0.03826532222222229
9 0.47752612031249997 0.43698999236111113 0.007748728125000104 0.016836743055555603
9 0.48785775781249996 0.43928591111111115 0.0060267890625000375 0.01836735555555552
0 0.133568696484375 0.5119900270833333 0.046492367968750004 0.044387773611111125
1 0.0504851125 0.4867349125 0.052519156250000004 0.048979613888888884
1 0.012973737109375 0.5081634937499999 0.02594747421875 0.03061225694444436
9 0.211486459765625 0.42091855833333336 0.011192607031249968 0.03979593611111115
8 0.21191694492187502 0.34285729791666664 0.01205357734375001 0.030612256944444416
8 0.213638884765625 0.3857144583333334 0.013775516406250021 0.03061225833333331
8 0.25496543359375 0.33214300694444443 0.04477042812500001 0.018367352777777735
8 0.058976430078125 0.4454083645833333 0.01808036640625 0.01071429027777776
9 0.08437503906249999 0.4431124416666667 0.0068877593750000105 0.018367355555555576
8 0.04347897421875 0.44923489513888887 0.007748728125000007 0.009183679166666736
0 0.389158337109375 0.4859696055555556 0.018941335156250017 0.015306130555555575
0 0.45631398125 0.4806124604166667 0.03788267031249998 0.02295919305555555
0 0.49764052968750006 0.49056144375 0.03271685156250004 0.024489806944444525
0 0.41713985664062503 0.4867349138888889 0.019802305468750003 0.013775516666666654
0 0.33147336328125 0.4867349111111111 0.01033163749999999 0.010714291666666653
2 0.5798631414062501 0.49821451041666664 0.006026789062499982 0.03673470972222215
2 0.552312109765625 0.4943879756944445 0.009470666406249939 0.03214287083333339
2 0.599665448046875 0.49438797916666666 0.007748728906250002 0.029081647222222173
9 0.338935098828125 0.4625002027777778 0.00516581953125006 0.01377551666666671
9 0.28426351757812496 0.44438795486111116 0.004304849218750018 0.015306129166666682
2 0.76540212890625 0.5081634951388889 0.013775515624999901 0.03673470972222226
2 0.842458925390625 0.4928573659722222 0.009470667968750068 0.0336734847222222
2 0.8626917156249999 0.4959185902777778 0.012053578124999964 0.030612258333333364
1 0.9212460664062501 0.5196580368055556 0.15499137499999993 0.13619465694444438
1 0.93373963984375 0.4635206090277778 0.12656255781250003 0.08112248750000012
8 0.660282721484375 0.3231496958333333 0.04305119296875004 0.08503939444444447
