0 0.487992032421875 0.7163795736111112 0.019306142968749995 0.044722650000000086
0 0.49969272578125 0.7241800347222223 0.011115659375000086 0.06656394166666679
0 0.44996478046875 0.7194997576388888 0.020476212500000035 0.05304314027777768
0 0.46897840625 0.723139973611111 0.04446263281249996 0.05408320277777767
0 0.39438648906249996 0.7257401270833334 0.06376877656249996 0.06968412638888899
0 0.18457843046875 0.7862067847222223 0.3691568609375 0.4222650055555556
0 0.684724554296875 0.7129622215277778 0.02106124765625006 0.053043143055555464
0 0.6999354550781249 0.7285631451388889 0.014040832031250061 0.06968412638888899
0 0.5905820296875 0.7242543388888889 0.17785053124999994 0.3029551055555555
1 0.844790009765625 0.6025026208333334 0.30889829296875004 0.5543528277777778
0 0.46832021562500004 0.7234386722222221 0.04621773749999997 0.0561633250000001
9 0.802532701171875 0.32243940694444445 0.01521090078124998 0.07904468055555558
9 0.17303542226562502 0.3047583604166667 0.02340138515625001 0.09360554305555552
9 0.19833817109375002 0.3120387909722222 0.02691159374999999 0.08736517361111112
9 0.152120434375 0.532011817361111 0.01989117812500002 0.06344375694444448
9 0.16820888750000001 0.5356520333333334 0.014625867187500002 0.06864406388888888
9 0.8619137179687499 0.3198392534722222 0.02047621250000009 0.05096301805555553
9 0.48719902734375 0.6807406263888889 0.009360554687499967 0.013520802777777785
8 0.0743108265625 0.3619617479166667 0.028081662499999993 0.05824344861111114
8 0.066705376171875 0.5091304638888889 0.04329256328125 0.028081663888888886
8 0.059392443359375 0.5340919409722222 0.040367391406249994 0.02600154027777779
8 0.494511960546875 0.6510988701388889 0.011115658593750077 0.018721109722222185
