9 0.442735373828125 0.3171587701388889 0.01120849140625002 0.024907759722222256
0 0.414013616796875 0.3604152395833333 0.015411674218750004 0.03238008194444442
0 0.38946054080684067 0.34948779895810034 0.03355646598868128 0.06334546240431282
0 0.363575411328125 0.3541883013888889 0.035026533593749964 0.08966792222222214
0 0.341158428515625 0.3753598930555555 0.04623502265625001 0.10212180277777777
0 0.29632446757812503 0.29951577291666664 0.04063077890624994 0.0348708597222222
0 0.48266561953125 0.3619097 0.015411673437499995 0.022416980555555577
0 0.4980772953125 0.3594189277777778 0.015411673437499995 0.027398533333333308
0 0.53590595078125 0.3721218840277778 0.04063077968749995 0.057785998611111056
0 0.591948404296875 0.3880628451388889 0.06865200390625015 0.09963102638888888
0 0.71219448984375 0.3885610048611111 0.20994903593750003 0.2690037736111111
0 0.21842545859375 0.41097798402777774 0.19754964375000003 0.2042436041666666
0 0.855908353125 0.43488943194444446 0.28441544531249996 0.3287823888888889
0 0.43067210859375005 0.35829360208333333 0.014395726562499933 0.021327001388888878
