0 0.19374190390625 0.50867536875 0.18477598124999997 0.19958924583333326
0 0.47987179921874995 0.43798751041666667 0.010135390625000018 0.016632437499999986
0 0.488837722265625 0.4352154395833333 0.010915036718749938 0.01663243750000004
0 0.3816364671875 0.45046183888888885 0.014813264062500053 0.013860363888888894
8 0.11226895 0.4241271451388889 0.018711490624999993 0.022176581944444496
8 0.097845508984375 0.35898343402777777 0.039761919531249995 0.03880901805555559
0 0.44712668828125 0.42274110972222223 0.008576100000000031 0.024948655555555588
4 0.387093985546875 0.4338294006944444 0.02260971953124996 0.03880901805555553
4 0.40385636328124996 0.4338294013888889 0.014033618749999921 0.036036947222222226
0 0.4124324640625 0.4407595833333333 0.01247432812499999 0.01663243611111115
8 0.35806779842817404 0.4112935750176764 0.011694682031250014 0.024230169479797115
