8 0.771420974609375 0.3871872270833333 0.026367169531250068 0.018749987499999954
8 0.7516455976562499 0.4211715798611111 0.06328120625 0.058593709722222165
8 0.70616223046875 0.3625778680555556 0.027685528125000025 0.016406236111111083
8 0.67386244765625 0.4082809631944444 0.08701165937499988 0.0937499347222222
8 0.45303740390625 0.46687467222222223 0.019775376562500002 0.03749997500000002
8 0.062144118359375 0.3684372395833333 0.02900388671875001 0.06093745694444436
8 0.529829026953125 0.5020308972222223 0.020429039843749996 0.023437483333333398
0 0.319224019921875 0.4891402819444444 0.026367169531250012 0.025781233333333264
0 0.337681037890625 0.49148402986111117 0.01582030234374998 0.025781231944444427
0 0.273740652734375 0.4797652888888889 0.04614254609374996 0.02578123333333332
0 0.15772510703124998 0.45515593125000003 0.10415031875 0.05624996250000003
0 0.11026420234375 0.4469528104166667 0.025048810937500013 0.0210937347222222
0 0.055552325781249995 0.44109343888888886 0.094921809375 0.03749997499999996
0 0.027776162890625 0.42820282430555556 0.05555232578125 0.053906212499999995
0 0.440512998828125 0.4985152763888889 0.010546867968749984 0.025781233333333264
0 0.461606734765625 0.5043746444444445 0.021093736718750034 0.023437483333333342
0 0.563779515234375 0.5278121298611111 0.014501942968749959 0.02343748472222218
0 0.6607215620461845 0.563680967131811 0.07127675534236899 0.09232471295860034
0 0.6112404203125 0.5336715006944444 0.006591792187500056 0.030468729166666653
0 0.5973976566406249 0.5360152499999999 0.02373045234375004 0.039843724999999997
0 0.74703134296875 0.5934370854166666 0.14370107343749994 0.19218736805555559
0 0.526865478515625 0.5746870979166667 0.0936034507812501 0.13124990972222228
0 0.389097018359375 0.5477339916666667 0.11865226328125 0.15234364444444443
0 0.9566503390625 0.5111715229166667 0.04350582968749994 0.025781231944444427
4 0.21705123867187504 0.4478903166666667 0.08041986640625001 0.07734369722222217
