8 0.300168311328125 0.4753023069444444 0.01862619453125003 0.010188688888888853
8 0.318078115625 0.5071419625 0.06590807812500005 0.04839626944444442
8 0.384702585546875 0.5058683729166666 0.01576062734375 0.01528303194444447
8 0.4334172515625 0.5058683763888888 0.061609725000000004 0.0509434416666667
8 0.496459762890625 0.4931325152777778 0.01576062734375 0.015283030555555577
8 0.489295840625 0.50968913125 0.03008847031249995 0.017830204166666586
8 0.4871466640625 0.5428023715277778 0.011462273437500059 0.012735856944444457
8 0.37968784062500005 0.54025521875 0.011462273437500003 0.017830204166666586
8 0.38112062421875004 0.5606325944444444 0.011462273437500003 0.012735861111111135
8 0.27581097851562497 0.5609083595729045 0.010029489843750017 0.01727867529863547
8 0.39544846796875 0.5529910791666668 0.014327842187499995 0.012735861111111135
8 0.394732075390625 0.5644533520833332 0.015760627343749944 0.01528303194444447
8 0.414361216015625 0.5568118368055556 0.008596705468750021 0.020377376388888813
8 0.5115039968749999 0.5484910652777777 0.008596704687500067 0.020377377777777705
0 0.09671294062500001 0.6087741298611111 0.027222901562500013 0.030566065277777832
0 0.07450478320312501 0.6215099930555557 0.07737035234375 0.025471719444444374
0 0.05229662695312501 0.6164156472222222 0.06447529453125 0.04584910000000009
0 0.2389817890295623 0.6062725979099064 0.028069309309124657 0.03047478473574272
0 0.290138821875 0.5692929638888888 0.012895059375000018 0.01783020555555559
0 0.431984468359375 0.5871231694444445 0.030088471093750013 0.04330192777777786
0 0.42410415390625 0.5883967541666666 0.03438682500000012 0.03566040833333328
0 0.49359419375 0.561651448611111 0.015760626562500102 0.017830202777777804
1 0.02793929375 0.6100477166666667 0.0558785875 0.05349061388888887
4 0.128234194921875 0.5934911006944444 0.035819607031249964 0.07641516250000002
4 0.184829175 0.5794816520833334 0.0859670578125 0.09933970972222217
0 0.30303388007812504 0.57056655 0.01289505703124999 0.020377377777777816
0 0.41192548710937504 0.6316986805555556 0.06734086171875003 0.11716991666666665
0 0.48643027226562496 0.5743873076388889 0.01862619453125003 0.017830204166666697
0 0.47066964375 0.57056655 0.0128950578125 0.020377377777777816
0 0.614664466796875 0.6202364069444444 0.014327842968750004 0.017830202777777804
0 0.626843133984375 0.6227835791666667 0.012895057031250046 0.022924547222222258
0 0.69346760390625 0.63042509375 0.022924548437500025 0.022924551388888936
0 0.67197583984375 0.6316986805555556 0.022924548437500025 0.020377377777777816
8 0.35174854843750003 0.5355429347222223 0.010029489062499952 0.02037737499999992
8 0.730003602734375 0.3925192173611112 0.07880313671874994 0.04330192638888891
8 0.68272172109375 0.3874248736111111 0.01576062656249999 0.0483962722222222
