8 0.1836273 0.29057321527777774 0.011476706249999996 0.02210328611111112
8 0.12289639609375 0.5643139152777779 0.018171451562499996 0.0357053083333333
8 0.5962031786324955 0.49970430694444445 0.02375454840161728 0.05270783611111113
8 0.29409059765625 0.5456111347222222 0.008607529687500004 0.008501263888888833
8 0.29504698984375 0.5592131569444445 0.008607529687500004 0.01530227499999992
8 0.1214618078125 0.43594482777777777 0.013389490625000028 0.02040303333333332
0 0.2572694984375 0.5661841763888888 0.03634290312500002 0.023803538888888864
0 0.18219271171875 0.5774392273815336 0.062165492187500004 0.06930354801471039
0 0.0985083953125 0.5984889791666667 0.066947453125 0.0680101111111111
0 0.036342903125 0.6095406222222222 0.07268580625 0.08331238611111125
0 0.3438229921875 0.4854221680555556 0.03156094218750005 0.018702780555555576
0 0.448069740625 0.5517320277777777 0.008607529687500004 0.01870278055555552
0 0.4241599359375 0.5525821541666667 0.012433098437500012 0.020403033333333376
0 0.41411781796875 0.5551325333333332 0.017215059374999953 0.02550379166666661
0 0.46767578046875 0.550031775 0.009563921874999937 0.015302275000000032
0 0.47915248671875 0.5483315222222223 0.011476706249999968 0.01870278055555552
0 0.43707123046874996 0.54578114375 0.017215059374999953 0.03060455416666663
9 0.12385278828125 0.47777103055555553 0.0200842359375 0.0646096055555555
9 0.1836273 0.33409967083333336 0.019127843749999984 0.0697103638888889
4 0.50784425234375 0.47862115694444446 0.032517334374999984 0.015302275000000032
4 0.25200934140625 0.45906824999999996 0.004781960937499996 0.037405561111111096
