9 0.8760367453125 0.40778876736111114 0.02152424375000006 0.03850448194444439
9 0.5754017640625 0.18649561875 0.014636485937499999 0.07040819305555557
9 0.6150063718750001 0.39772020347222226 0.011192606249999959 0.024489806944444414
9 0.327011982421875 0.2584344270833333 0.013775514843750003 0.04897961250000002
9 0.28999028320312503 0.3242507854166667 0.01205357734375001 0.045918390277777776
8 0.053654079687499995 0.40766918750000003 0.023246184375 0.022959191666666656
8 0.8715130051958018 0.2796358704540759 0.02625227914160322 0.03119669942286246
8 0.8746085859740167 0.3610395698542464 0.03760926101053341 0.02153673415293722
8 0.88679886796875 0.20229600486111113 0.01721939687499996 0.07193880694444443
8 0.29746505624999997 0.4170920243055556 0.007748728124999993 0.022959195833333335
9 0.62420308671875 0.446938975 0.01721939687499996 0.021428577777777846
9 0.8497771675781249 0.40408181458333337 0.02582909453124993 0.04591839027777783
8 0.365768655078125 0.4280614243055555 0.011192607031250024 0.018367354166666627
0 0.05883292968750001 0.5522961819444444 0.11536994843750001 0.24642868333333334
0 0.46845365937500005 0.49943900416666664 0.006026785937500001 0.01989796666666671
0 0.458122022265625 0.49943900555555554 0.011192607031249913 0.022959194444444442
0 0.43918068828125 0.5025002291666667 0.024968123437500045 0.03520409444444439
0 0.42023935117187494 0.5040308437500001 0.01808036328125001 0.041326551388888855
0 0.5136545718750001 0.5009696173611111 0.015497456249999986 0.02908164583333328
0 0.536039787109375 0.5086226833333334 0.02582909453125004 0.04132655000000002
0 0.39432415703125 0.5047961486111111 0.03443879218750001 0.052040838888888885
0 0.47999064882812503 0.49790839166666667 0.016358425781250074 0.0198979666666666
0 0.57598878046875 0.5147451333333333 0.04821430781249991 0.05969390277777775
0 0.498931983984375 0.5009696194444444 0.016358425781250074 0.026020422222222173
0 0.76910428984375 0.5461226986111111 0.13000643593749994 0.07653064722222225
