0 0.5136608015624999 0.5995959527777778 0.0163809828125 0.029121744444444486
0 0.48280018281250003 0.6087336465277777 0.016380981250000037 0.035362120833333344
0 0.46115388632812504 0.6066535215277777 0.019891192968750027 0.05200312083333336
0 0.419484771875 0.6166228624721183 0.0371789984375 0.0475746221664588
0 0.399461956640625 0.6157169236111111 0.01170070234374998 0.02496149444444451
0 0.354999288671875 0.6157169229166666 0.06084364921875002 0.07904474027777775
0 0.295910744140625 0.6261175472222222 0.07137427890624998 0.07488448888888888
0 0.144649908203125 0.6489989152777778 0.18721122890625 0.16224973055555558
1 0.1173726546875 0.57634313125 0.234745309375 0.28913734027777777
0 0.574094465296065 0.6140969951110071 0.03270434909537001 0.052626356888681
8 0.193792853125 0.27650799930555553 0.028081684375000027 0.06032361527777774
8 0.093166819140625 0.2983493083333333 0.03276196484374999 0.0582434916666667
8 0.500936272265625 0.26456311548198785 0.036272175781249916 0.05723509207508681
8 0.6280351617187501 0.06559821875 0.0549932968750001 0.1041548125
9 0.0668402390625 0.3038467888888889 0.024571471875 0.043682619444444404
9 0.69399784921875 0.047765904861111104 0.06435385937500004 0.07651352916666666
9 0.46210845705114184 0.2603589276327223 0.040521453164783616 0.04269876973455544
9 0.235915378515625 0.28378843541666665 0.03744224609375002 0.041602495833333364
8 0.784093253125 0.42419685555555553 0.029251753125000057 0.04368261666666662
9 0.35467750078125 0.4241968548611111 0.022231334375000023 0.0644838680555555
9 0.32893595820312505 0.4293971673611111 0.019891192968750027 0.07072424305555552
