9 0.42323838125 0.3763907152777778 0.004023178124999971 0.016092716666666673
9 0.31762994296875 0.360298 0.006034767187500012 0.016092713888888888
0 0.33020237656249996 0.4023178652777778 0.009052153125000018 0.017880791666666673
0 0.32265891640625 0.3960595881944444 0.00804635781249996 0.026821190277777796
0 0.26935179921874997 0.39645482265015686 0.042243376562500046 0.059797089744758225
0 0.36238780546875 0.4049999847222222 0.007040562499999958 0.016092713888888943
0 0.38753267226562504 0.40768210416666667 0.005028972656249964 0.021456952777777816
0 0.39859641367187504 0.4148344215277778 0.009052152343750064 0.010728476388888852
0 0.4253842391110292 0.41685503820032843 0.011801001465441718 0.029074345845101324
0 0.435810816796875 0.4187568471981748 0.019110099218749954 0.02930180272968297
0 0.4491021524966853 0.4279894626286208 0.020689674694129412 0.037038558590574866
0 0.4605861575933405 0.42732288131875806 0.01984914887581901 0.046433870970849445
0 0.554494586328125 0.4653748415917903 0.07543459921874995 0.08320004707246947
0 0.6078017042968751 0.48205199398046006 0.08750413671875001 0.1022497157386979
0 0.7244738847656249 0.5069205104166666 0.20216472734375002 0.20920529027777784
0 0.48335336601872647 0.4343772623592383 0.04270876952504721 0.06054263305180996
0 0.376468930859375 0.405894025 0.01307533046874998 0.028609272222222204
0 0.4061398734375 0.4148344215277778 0.008046357812499905 0.010728476388888852
0 0.308577791015625 0.39427150833333335 0.02011589296875005 0.03754966666666676
0 0.23968085625 0.4005297861111111 0.053307117187499975 0.06079469999999998
0 0.0556204328125 0.38264899236111116 0.10963161875 0.2574834347222222
2 0.136586903515625 0.3746026347222222 0.018104303906250008 0.08046357222222228
2 0.228114217578125 0.3647681986111111 0.012069535156250005 0.021456952777777705
8 0.754647725 0.31917217361111117 0.021121687499999986 0.041125825000000005
8 0.7596766984375001 0.2753642277777778 0.0191100984375 0.03933774722222222
