8 0.48606815156249994 0.5235778520833334 0.013196081249999991 0.010663498611111044
8 0.48966708203125 0.5353076999999999 0.022793231250000046 0.021326999999999985
0 0.48006993203125 0.5790280527777778 0.010796793749999978 0.019194299999999997
0 0.4866679734375 0.5886252034722222 0.014395725000000026 0.025592401388888852
0 0.507661738671875 0.5939569506944444 0.034789669531249956 0.044786698611111064
0 0.44827937304687504 0.5640991527777778 0.043187175781249976 0.023459700000000083
0 0.3918961171875 0.5832934520833333 0.01679501250000004 0.027725098611111165
0 0.37330163828124996 0.5832934520833333 0.013196081249999991 0.019194301388889
0 0.340911256640625 0.5804838131312113 0.04438681953125001 0.05196362348464467
0 0.31451909296875 0.6003550506944444 0.01799465625000002 0.0362559013888889
0 0.29232568671875003 0.5960896527777778 0.038388599999999995 0.04052129999999998
0 0.013602208203124999 0.6120849020833333 0.027204416406249998 0.1663506013888889
0 0.43628293515625 0.6344782527777777 0.09597149999999999 0.14289090277777772
0 0.555047667578125 0.6067531513888889 0.06478076328125004 0.10023689999999996
0 0.6342241546875 0.6088858493055556 0.07917648906250008 0.10023689861111107
0 0.814170716796875 0.5630328027777778 0.22793231328125008 0.2729856027777777
0 0.874504440234375 0.77414898125 0.25099111953125 0.4307631624999999
