0 0.049715199609374996 0.369972909390971 0.09943039921874999 0.26857206878194206
4 0.7954525219455387 0.4860073722600795 0.40745104048392244 0.45558321118682565
0 0.32868398637137985 0.3654945818557165 0.07186967632027258 0.11057812760032176
0 0.127699827734375 0.3704876577784876 0.060438086718750006 0.14829214611253072
0 0.16961656523437502 0.3526638159722222 0.06238770234374999 0.12304241249999998
0 0.20178522421875 0.34486535347222225 0.04484116093750001 0.08664958750000007
0 0.22907984414062502 0.3344674020833333 0.03509308359375002 0.07625163472222218
0 0.5731870140624999 0.39335359050847063 0.17351579687499996 0.22521786157249674
0 0.47180699765625 0.3795251868055556 0.08968232187500003 0.11784343750000004
0 0.420142181640625 0.3604622791666667 0.07213578046875002 0.10397950277777779
0 0.40405785234375 0.31193851111111115 0.06141289531249999 0.04852376944444442
0 0.294879373046875 0.30847252847222223 0.03216866015624997 0.04852376805555558
0 0.32071178125 0.29980756875000003 0.021445773437499982 0.02772786805555555
0 0.33679611015625 0.30154056041666666 0.016571732812500017 0.024261884722222238
0 0.35288043984375 0.3032735520833334 0.015596926562500002 0.01732991805555556
9 0.287080910546875 0.18456361875 0.006823655468749967 0.029460859722222232
9 0.376275828515625 0.20276003194444445 0.007798463281250001 0.02426188333333329
8 0.167179545703125 0.20709251180555555 0.01852134921875001 0.012130943055555538
8 0.177415027734375 0.22528892499999997 0.015596925781249993 0.013863933333333328
9 0.45913449609375 0.28421064305555555 0.009748078125000004 0.02426188333333329
8 0.19106233749999998 0.23655337083333333 0.021445773437499982 0.019062908333333323
