8 0.36194615625000004 0.38836345555555557 0.008773270312500026 0.008664961111111147
8 0.37120683125 0.4108923479166667 0.019496157812500026 0.03292684305555549
8 0.593170573828125 0.4204238041666666 0.016571732031249953 0.027727869444444442
0 0.444024973828125 0.48714398541666665 0.026319811718749975 0.03292684305555549
0 0.41429333437500004 0.5044739013888889 0.017546542187500014 0.03639282500000007
0 0.376275829296875 0.4932094548611111 0.042891546093749955 0.05892171805555568
0 0.34264495781250004 0.5183378347222223 0.049715200000000015 0.1057124972222222
0 0.286106102734375 0.5486651916666667 0.06336251015625 0.10397950555555557
0 0.20851139765624999 0.5408667263888889 0.09455636249999999 0.12997438055555555
0 0.09989885008517888 0.5811299097222222 0.19979770017035775 0.21489097777777788
0 0.5240567042968749 0.46842766874999997 0.009748078906249957 0.012130943055555565
0 0.5284433390625 0.48055860972222225 0.012672500000000086 0.029460861111111125
0 0.55983216328125 0.5053403930555556 0.024370196874999972 0.035353036111111125
0 0.5889789125 0.5278692840277778 0.062387701562500064 0.09427475138888886
0 0.549596680859375 0.5067267819444444 0.029244235156250076 0.04852376944444442
0 0.50329330859375 0.4850643868055555 0.02047096406250004 0.032926843055555544
0 0.47892311171875 0.49546233819444446 0.05361443124999998 0.07105265972222219
0 0.636559668359375 0.5493583756944445 0.07408539609375009 0.15596925416666668
0 0.8107732455833422 0.58603066439523 0.37293064789581565 0.678023850085179
0 0.52900587265625 0.45231083958333335 0.007798462500000047 0.013863931944444352
0 0.50024904140625 0.45057785069444445 0.006823654687500014 0.017329918055555615
