9 0.253218355859375 0.1642037375 0.02199811796874998 0.03285052499999999
9 0.538753941796875 0.19861857361111113 0.021118194531249967 0.03910776944444444
9 0.8999630562500001 0.32063480833333335 0.014958721874999914 0.02972190277777781
9 0.8326488136718749 0.2080044361111111 0.014078797656249975 0.048493630555555556
9 0.65622389765625 0.3323671354166667 0.014958721875000025 0.02190034861111112
9 0.800971521484375 0.2995166111111111 0.010559096093750053 0.037543455555555605
9 0.15994633125 0.29482368125 0.009679171875000003 0.018771726388888854
8 0.66680697421875 0.33945541944444446 0.019358343750000007 0.021900349999999957
8 0.6170912265624999 0.3292874 0.013198871874999907 0.029721902777777753
8 0.87226940703125 0.2573291090277778 0.016718570312500014 0.05787949583333332
0 0.4213959703125 0.39498845000000005 0.009679171874999948 0.017207419444444427
0 0.41435657187499997 0.39577060277777776 0.011439021875000066 0.015643108333333322
0 0.405557324609375 0.39498845000000005 0.013198871093750064 0.023464661111111063
0 0.398077964453125 0.39811707083333336 0.012318947656249968 0.023464661111111063
0 0.39015864101562503 0.39968138124999997 0.008799247656250009 0.0203360402777778
0 0.386198978515625 0.3996813791666667 0.013198871093750009 0.023464661111111174
0 0.37431999453125 0.4012456902777778 0.012318948437499977 0.026593283333333384
0 0.36596071093750004 0.4043743125 0.009679171874999948 0.023464661111111118
0 0.35253403857139054 0.40437431458333334 0.02949311973221891 0.03910776805555549
0 0.56526366953125 0.4200174208333333 0.021118193750000014 0.051622252777777766
0 0.583302126953125 0.4301854416666667 0.021998117968750064 0.04692932222222229
0 0.602660471484375 0.41141371041666663 0.02199811953124997 0.046929323611111184
0 0.69769233984375 0.4411356125 0.15398683281250003 0.17833141944444447
0 0.9101061984375001 0.5044902 0.17686487812499985 0.28626885555555565
5 0.795687683203125 0.48873534375 0.08535270078125001 0.14078796250000003
0 0.20185474062500003 0.42705681875 0.03519699062500001 0.08447277638888884
0 0.17149733671875 0.42778244623320083 0.057195110937500016 0.09843851468862386
0 0.1147420297706825 0.43111996666903274 0.080953395146135 0.10198493889362109
0 0.49335364492187506 0.4435879979166667 0.16366600546875 0.3031666680555556
9 0.841413143359375 0.2127840340277778 0.008414132031250077 0.05235459583333332
