0 0.241901742578125 0.35150974930555556 0.01862619609374999 0.030566065277777776
0 0.20608213515625 0.36339654583333336 0.038685176562500034 0.04075475277777779
0 0.17241170390625 0.36721730416666665 0.042983529687499994 0.04330192500000002
0 0.11151837109375 0.37485882013888894 0.09313097968749998 0.07386799027777785
0 0.033192832421875 0.3837739229166667 0.06638566484375 0.07132081805555557
8 0.20106738984375 0.3162738618055556 0.025790117187500017 0.022924548611111095
8 0.238319781640625 0.3099059319444445 0.042983528906249985 0.03566040833333334
8 0.503384878515625 0.26533042013888886 0.011462274218749957 0.022924548611111095
8 0.52559303515625 0.2640568340277778 0.010029490625000026 0.025471720833333322
9 0.451804643359375 0.26660400625 0.011462274218749957 0.030566065277777776
0 0.476161976953125 0.30141535138888886 0.01432784296875006 0.025471722222222215
0 0.62660432890625 0.2789153451388889 0.057311371874999906 0.07896233472222222
0 0.78492699453125 0.2776417583333333 0.06734086250000004 0.0560377861111111
0 0.885938289453125 0.2712738291666667 0.07737035234374989 0.05858495833333335
0 0.9683233855468749 0.2623587256944444 0.05874415703125002 0.08150950694444442
8 0.26339350742187495 0.2381605916666667 0.012895058593750008 0.05858495833333335
8 0.264109899609375 0.29080214097222223 0.014327842968750004 0.0331132375
