9 0.216894745703125 0.035526329861111115 0.01657173359375 0.07105265972222223
9 0.046303372656249994 0.30760603263888886 0.016571732812499997 0.04332479305555559
9 0.79836762578125 0.34746484097222224 0.019496156249999896 0.029460859722222232
9 0.200810415625 0.037259321527777785 0.015596926562500002 0.07105265972222223
9 0.237853115234375 0.03985881111111111 0.019496157031250017 0.07278565277777778
8 0.006336251171875 0.019062910416666665 0.01267250234375 0.017329918055555553
8 0.12769982734375002 0.06758667777777777 0.09163193750000001 0.06585368333333333
8 0.023395388281250002 0.19322857708333335 0.01949615625 0.07105265972222222
8 0.7988550304687501 0.30500654513888886 0.034118274999999865 0.010397951388888882
0 0.29829120078125004 0.4549103263888889 0.06823654843749999 0.0883825777777777
0 0.342644956640625 0.4705072520833333 0.024370196093749963 0.046790776388888844
0 0.36067890234375 0.4800387090277778 0.007798462500000047 0.024261884722222182
0 0.37481361640625 0.4835046923611111 0.012672503125000012 0.017329918055555504
0 0.391868330078125 0.4852376833333334 0.015588077343750006 0.020795900000000034
0 0.44548718554687505 0.47743922013888884 0.03314346640624999 0.02599487638888892
0 0.42404141250000005 0.4817717013888889 0.011697695312500034 0.01732991666666661
