0 0.046180543359375 0.7415987347222223 0.09236108671875 0.15539580833333333
0 0.12035964765625 0.7308028079003408 0.06419182343749999 0.08524276580068146
1 0.72198726875 0.57163456875 0.308667065625 0.3059354986111111
0 0.48980407773437507 0.6539948340478894 0.07102074140625009 0.11207825412644323
4 0.4249293625 0.6371921756944444 0.045070854687499995 0.07284178472222225
0 0.5447580708894538 0.6349522779942741 0.030692546466407622 0.0433287467892296
0 0.3846794723834114 0.6590447111111111 0.019039523983177153 0.029136713888888943
0 0.45770816640625 0.6311220270833333 0.009560484374999956 0.026708654166666568
0 0.39693080078125004 0.6493324729166667 0.010926268750000023 0.024280595833333307
9 0.3764440484375 0.5558521819444444 0.005463134375000012 0.02670865555555557
9 0.5430696328125 0.5279294965277779 0.005463132812499993 0.024280595833333307
9 0.372346698828125 0.5631363604166666 0.008194700781250008 0.02185253472222215
9 0.538289391015625 0.5315715861111111 0.006828917968749959 0.03156477499999988
8 0.56287349375 0.53642770625 0.020486753125000035 0.016996418055555518
