2 0.04785424375 0.5386275604166666 0.02376275 0.11938772916666662
2 0.084014949609375 0.5349540909722221 0.027895402343750014 0.1340816041666667
2 0.127407798046875 0.5351210590277777 0.01549744609375002 0.09734691805555545
2 0.11604300507812498 0.5360394256944445 0.02789540390624999 0.15061221250000012
2 0.25706976171875 0.5250190208333334 0.014464282812500034 0.07346937222222222
0 0.47274589062499994 0.5171719048611112 0.00826530468750003 0.014693873611111186
0 0.461307300390625 0.5161223395833334 0.011364794531249944 0.027551018055555487
0 0.5372447835937499 0.5106121388888889 0.00619897968750005 0.023877547222222184
0 0.5434437624999999 0.5115305034722222 0.008265303125000067 0.029387745833333312
0 0.5548085558593749 0.5087754041666667 0.020663261718749992 0.03489795555555558
0 0.5687562582031249 0.5170407083333333 0.02376275078125001 0.036734686111111026
0 0.520271391015625 0.5140232222222222 0.030994891406250114 0.047755091666666694
0 0.6698665770462895 0.5233147893573727 0.06412119003007877 0.13010487684081024
2 0.627990933203125 0.5093876527777778 0.025829077343750062 0.11387752777777788
2 0.38441044921875 0.52123896875 0.009298467187500048 0.0495918291666666
0 0.441677203515625 0.5179590743055555 0.02169642578125003 0.03673468749999992
2 0.160656853125 0.5289794798611112 0.026862237499999997 0.10285712083333337
9 0.679821283984375 0.3554080861111111 0.011364792968749926 0.053265294444444444
9 0.5336287140625 0.36459175972222224 0.008265304687500086 0.03122448333333333
9 0.5263965718750001 0.3627550243055555 0.008265304687499975 0.03489795416666669
9 0.4251465921875 0.29938769305555557 0.0144642812500001 0.04775509166666664
9 0.41302534570312505 0.30543826041666666 0.007711888281250023 0.05618275694444447
8 0.22213005546875 0.32418360555555553 0.021696426562499982 0.02020408055555556
9 0.21696423984375002 0.4334692958333334 0.01963010000000001 0.02938774999999999
9 0.340427224609375 0.4444897 0.00826530546875004 0.025714280555555524
9 0.33474482851562504 0.47295908263888886 0.01136479453125 0.020204079166666722
0 0.4928187734375 0.5179590743055555 0.015497445312500024 0.025714279166666687
8 0.3936351214843751 0.2874489208333333 0.013431119531250035 0.03489795555555558
4 0.84680913671875 0.3850085178875639 0.30638172656249996 0.5485519591141398
8 0.339932221875 0.38514732152777775 0.019356631249999978 0.03441178750000001
9 0.40395800078125 0.31235315416666665 0.007444857812500039 0.0423529694444445
8 0.4015756484375 0.45794148888888886 0.010422801562499973 0.026470605555555637
2 0.414976392578125 0.5254415347222223 0.004466914843749947 0.02911766666666671
