8 0.8693543292968751 0.29502349097222225 0.05038503828125007 0.08530800138888889
8 0.805173390234375 0.29502349097222225 0.08517470546875006 0.1535544013888889
8 0.577241075390625 0.4714111744557057 0.01799465546875012 0.031110637199699753
0 0.325915709765625 0.5018953902777777 0.023992875781249978 0.06398100000000001
0 0.2751174426097973 0.4985855109046546 0.05990024991554049 0.06228843765015013
0 0.5327641347445101 0.5083481100037537 0.029066325105574276 0.03915963584834825
0 0.5076617390625 0.4925183091028529 0.025192520312500077 0.07081923765015002
0 0.4160472972972973 0.5075956221659159 0.17939189189189197 0.29291686377627624
0 0.17229729729729729 0.48918918918918913 0.15608108108108104 0.1603603603603604
1 0.07956081081081082 0.4045045045045045 0.15912162162162163 0.3297297297297297
