0 0.317065212109375 0.5578121166666667 0.009228510156249925 0.021093736111111094
0 0.324316183203125 0.5566402416666667 0.007910150781250014 0.028124983333333353
0 0.33749976875 0.5589839909722222 0.015820301562500028 0.02812498194444446
0 0.083715762890625 0.5847652229166667 0.043505830468750006 0.0656249541666667
0 0.30256326875 0.5542964944444444 0.014501943750000024 0.018749988888889013
0 0.21950668476562502 0.5636714868055555 0.017138660156249985 0.023437481944444394
0 0.193798695703125 0.5636714875 0.026367169531250012 0.03281247777777774
0 0.133335476171875 0.5838277236111111 0.09492181015625001 0.11015617499999997
0 0.39898470703125 0.5932027166666667 0.1489745046875 0.18984361944444444
0 0.25783667499999996 0.5562903444444445 0.006823654687499958 0.013863933333333356
