8 0.480063752734375 0.5418746208333334 0.010546867968749929 0.023437483333333287
0 0.410404995703125 0.55804649375 0.01977537734375001 0.025781231944444483
0 0.397221410546875 0.5615621159722222 0.019775377343749956 0.02812498194444457
0 0.3827194671875 0.563905863888889 0.022412093749999973 0.028124983333333353
0 0.36623998632812504 0.5674214854166666 0.023730452343749986 0.030468729166666653
0 0.3451462515625 0.5709371069444444 0.031640603125000055 0.060937458333333305
0 0.322734157421875 0.5732808583333333 0.03164060390625001 0.056249961111111135
0 0.28935810810810814 0.5756756756756757 0.03344594594594591 0.06666666666666665
0 0.46775358828125 0.5744527298611111 0.02636717031250002 0.03515622638888882
0 0.48686978671875003 0.5803121013888889 0.025048810937499943 0.04687496944444436
0 0.502690088671875 0.5814839770833333 0.0250488101562501 0.06796870416666678
0 0.5323531546875 0.5920308451388888 0.050097621875 0.08906244027777777
0 0.6036805313027871 0.6315315315315315 0.11628758604307432 0.14234234234234244
0 0.2673295151393581 0.580129311448949 0.034935564315878354 0.06857020593093088
0 0.2361179468010979 0.5900974245683183 0.048779263281249985 0.0820311930555555
0 0.1895715777449324 0.5948729024774775 0.061962848437499995 0.09843743333333332
0 0.11161271274282095 0.6019268951388888 0.11934214208192569 0.12227233584834829
0 0.0284353421875 0.6133589465277778 0.056870684375 0.14296865138888892
0 0.845908228515625 0.7106245041666666 0.3071775242187501 0.34218726388888887
