9 0.20373483945312498 0.4514443430555556 0.023395388281250012 0.06065471111111115
9 0.16230550664062499 0.45491032777777773 0.02631981328125002 0.09531454444444448
9 0.89844791796875 0.43815807986111116 0.02339538906250005 0.06412069305555557
9 0.8648170472656251 0.44595654097222226 0.02437019609375002 0.0589217208333333
8 0.17351579609375 0.35035316041666664 0.025345003125000015 0.04332479583333332
8 0.34995601835937495 0.12159825138888888 0.033143466406250044 0.05718872777777777
8 0.19544897265625 0.57044311875 0.03411827343750001 0.05718872638888883
8 0.237365710546875 0.5574456798611112 0.028269427343750014 0.03465983472222223
9 0.17595281484375 0.43180377986111107 0.0321686578125 0.12304241249999998
0 0.393334966015625 0.5999039791666667 0.012672502343749947 0.01906290833333335
0 0.23980273007812503 0.6103019277777777 0.03119384921875004 0.03292684444444449
0 0.568475446875 0.6155009034722223 0.03801750781250002 0.07798462638888892
0 0.61819064609375 0.6241658611111112 0.0926067453124999 0.11957642777777788
0 0.500726301953125 0.6111684229166667 0.10722886328125003 0.20795900694444447
0 0.9647348496093751 0.57939691875 0.058488471093750216 0.045057784722222216
0 0.793168670703125 0.6426511138888888 0.27684542734374995 0.29980756944444453
1 0.32899764804687504 0.5793969187500001 0.11405251796874999 0.1109114708333333
9 0.46840705546875 0.06764944861111111 0.04036542031250001 0.13529889722222221
