8 0.6331948257812501 0.20902566805555556 0.07914935312499993 0.10196374166666666
8 0.76338977734375 0.21004530625 0.07800226093749996 0.10400301805555556
8 0.5592073863281251 0.3380098006944444 0.019500564843749957 0.04282477361111109
8 0.53798618359375 0.4022469527777778 0.018353471875000027 0.03262839444444454
8 0.50357342109375 0.39816840277777776 0.009176737500000032 0.024471294444444514
8 0.65087047734375 0.37165783333333335 0.010115278125000016 0.020392750000000015
8 0.750312933984375 0.37726583888888887 0.0126180117187501 0.016314200000000056
8 0.391961357421875 0.39256039791666664 0.01720638046874995 0.030589118055555586
8 0.376475615625 0.3599320020833333 0.029824395312499974 0.059138968055555574
8 0.30363526835937504 0.36401055069444443 0.049324957031250005 0.05913896527777779
8 0.255227987109375 0.3318919736111111 0.014912197656250042 0.012235647222222257
8 0.264404723046875 0.36248109513888893 0.033265669531250014 0.05709969583333335
0 0.5985908953125 0.37522656388888886 0.026383120312500008 0.03262839722222227
0 0.078575808203125 0.44864045555555554 0.04014822421875 0.024471297222222244
0 0.045310136328125 0.45169937083333334 0.028677302343750002 0.018353475000000063
1 0.168622535546875 0.44252263125 0.05047205234374999 0.026510570833333302
0 0.26727245390625 0.43844408125 0.02064765624999998 0.01835347083333333
0 0.207050119921875 0.4445619076388889 0.028677300781249998 0.026510576388888818
9 0.23744806093749998 0.3779456013888889 0.009176737500000004 0.024471297222222188
9 0.7964642765625001 0.32016614444444447 0.006882553124999968 0.0163142
9 0.823994486328125 0.31404831875 0.006882552343750015 0.02039274583333328
9 0.7545954144531251 0.34055889027777775 0.010323828906249943 0.020392744444444444
0 0.396435028125 0.42722807152777775 0.009176737500000032 0.014274923611111101
0 0.386111199609375 0.42824770833333337 0.011470919531249957 0.016314197222222215
8 0.5066705828125 0.3731872888888889 0.014912196874999895 0.020392747222222285
8 0.5244505109375 0.37114801458333335 0.016059289062500093 0.024471298611111192
8 0.4762726453125 0.37012837847222224 0.0068825515625000055 0.01835347361111117
0 0.519862141796875 0.44843654791666665 0.027530208593749994 0.03466767361111106
0 0.4297670021431588 0.4409160715840841 0.04452004976773638 0.06951920818318313
0 0.95296305546875 0.37012837708333335 0.09307303437499992 0.08361026527777776
