8 0.371663807421875 0.18800116597222222 0.03414458515624996 0.014568356944444416
8 0.370980915234375 0.22442205833333334 0.05736290703125002 0.053417308333333274
8 0.316349576953125 0.23656235555555558 0.049168203906249985 0.048561188888888884
8 0.54921565859375 0.14186803541666665 0.03687615312499992 0.014568356944444444
8 0.5505814417968751 0.1880011673611111 0.08058122578125004 0.07769790694444445
8 0.691940031640625 0.18557310694444445 0.016389400781249952 0.02428059444444447
8 0.6939887078125 0.2086396715277778 0.015023617187500005 0.021852534722222205
8 0.98558347890625 0.13579788680555555 0.02731566875000002 0.06555760416666664
0 0.66978021640625 0.28869627430555556 0.008194701562499906 0.02185253472222226
0 0.661585516015625 0.28991030624999997 0.01092626796875007 0.01942447638888889
0 0.65202503203125 0.2862682159722222 0.010926268749999912 0.01214029583333337
0 0.65065924765625 0.29840851319444445 0.010926268749999912 0.016996415277777732
0 0.6404158718749999 0.2862682159722222 0.012292049999999999 0.01214029583333337
0 0.62812381953125 0.2862682159722222 0.015023617187500005 0.01214029583333337
0 0.6410987613281249 0.30083657291666666 0.008194700781250064 0.021852534722222205
0 0.63358695390625 0.30205060208333334 0.015023618749999912 0.01942447638888889
0 0.61835846875 0.29986534722222224 0.015023617187500005 0.02428059444444447
0 0.6135782246093751 0.30836355833333334 0.01638940234374997 0.026708652777777786
0 0.604017740625 0.31079161666666666 0.016389401562499906 0.02670865277777773
0 0.5787507484375 0.3144337076388889 0.01775518593750003 0.038848951388888886
0 0.566458696484375 0.30472146805555556 0.009560483593749947 0.024280594444444414
0 0.5487035105468749 0.3290020645833333 0.050533989843749905 0.07769790694444445
0 0.513876033203125 0.3581387763888889 0.07648387421874997 0.10683461944444445
0 0.274863925 0.35085459930555557 0.030047235937500028 0.0388489486111111
0 0.237987770703125 0.3629948965277778 0.06282603984374999 0.04370506805555552
0 0.1266764171875 0.37392116319444446 0.0805812265625 0.05098925138888882
0 0.5951401488281249 0.3192898270833333 0.023218317968749957 0.033992834722222254
0 0.37195945945945946 0.4754133005630631 0.2777027027027027 0.36809231779279283
