9 0.39239291523437503 0.34031225833333334 0.00922851015624998 0.023437483333333287
9 0.236167435546875 0.3789841076388889 0.007910150781249958 0.021093734722222313
8 0.503794205078125 0.36960911388888884 0.010546867968749984 0.011718741666666699
8 0.5018166667968751 0.35437474861111107 0.011865225781250044 0.014062488888888891
8 0.502475846875 0.32742164305555554 0.01054686718750003 0.016406238888888924
8 0.499839130078125 0.3074997826388889 0.01054686796875004 0.02812498194444446
8 0.422055980078125 0.33796851041666665 0.026367169531249957 0.018749987499999954
8 0.306699614453125 0.36257786875 0.00922851015624998 0.025781231944444427
9 0.306699614453125 0.38601535277777776 0.00922851015624998 0.021093736111111094
2 0.16168018281250002 0.4528121826388889 0.009228509374999999 0.037499976388888856
0 0.259238708984375 0.425859075 0.017138658593749967 0.02109373611111115
0 0.255283634375 0.4610153 0.04350582968749997 0.0632812055555555
0 0.377890971484375 0.4504684333333333 0.03295896171875001 0.06093745833333336
0 0.412827470703125 0.46921841875000003 0.058007772656249956 0.0937499347222222
0 0.136631371875 0.46335905 0.0382323953125 0.03984372500000011
0 0.50577174296875 0.4223434527777778 0.046142546875000134 0.03281247777777785
0 0.544663317578125 0.4211715784722222 0.02373045234375004 0.030468729166666708
0 0.5795998171875001 0.4164840826388889 0.04614254687499997 0.030468729166666708
0 0.609262883203125 0.4153122083333333 0.02373045390625006 0.028124980555555568
0 0.636289231640625 0.4188278298611111 0.038232396093750065 0.030468729166666764
0 0.6646339390625 0.40945283680555555 0.026367170312500132 0.030468729166666597
0 0.68836439140625 0.4117965854166667 0.02636717031250002 0.03515622638888882
0 0.7279151453124999 0.4071090888888889 0.04746090468749997 0.025781233333333264
0 0.7476905218750001 0.42820282361111106 0.06328120625 0.044531219444444436
0 0.801743219921875 0.3953903458333333 0.03955075390624996 0.021093736111111094
0 0.8017432195312499 0.4211715770833333 0.04746090468749997 0.0445312180555556
0 0.837338898046875 0.41179658402777786 0.029003886718750094 0.044531218055555544
0 0.8815039062500001 0.4141403333333334 0.0883300171875 0.04921871666666666
4 0.407554037109375 0.4071090881944444 0.13447256328125007 0.07265619861111106
0 0.23484907734375 0.48210903680555556 0.06328120781249999 0.07734369861111123
0 0.331748425 0.4856246604166667 0.07778314999999997 0.11718742083333333
0 0.48270046914062503 0.5032027722222223 0.1160155445312499 0.13359365833333336
0 0.081828860546875 0.5747747747747748 0.16365772109375 0.3027027027027028
0 0.797635135135135 0.681081081081081 0.4033783783783783 0.4648648648648647
0 0.91290754765625 0.40465356736111113 0.024370196874999972 0.03985880972222222
