0 0.380948651953125 0.4742936875 0.015137032031249997 0.017940186111111145
0 0.37464155546875 0.47877873194444454 0.015137032812500006 0.01345514166666667
0 0.5251559718222127 0.49650901332582587 0.026039407706925588 0.04527027890390395
0 0.392932136328125 0.47765747152777777 0.013875613281249977 0.024667754166666667
0 0.284450069921875 0.48214251597222224 0.029012646093749983 0.03812289583333334
0 0.1961507140625 0.4843850402777778 0.11731200156249999 0.11436868888888896
0 0.7100290187605574 0.523250981662913 0.1326446651815879 0.1498944330705706
0 0.496999235546875 0.49671891875 0.04162683984375004 0.053820559722222217
0 0.43918066462204386 0.5063153088025526 0.06420623832347977 0.09007208509759762
0 0.35929054054054055 0.47927927927927927 0.017229729729729748 0.02522522522522519
