8 0.34556938125 0.5970156493055555 0.047765584375 0.02252889305555561
8 0.38309948281249995 0.602214625 0.013647309374999972 0.025994874999999973
8 0.80714089609375 0.5571568395833333 0.01754654062499994 0.025994876388888866
8 0.5951201898437499 0.5987486409722222 0.016571732812500017 0.025994876388888977
8 0.39820900546875004 0.6342749715277778 0.012672503125000067 0.02079590138888887
8 0.008773270312500001 0.6897307055555555 0.017546540625000003 0.013863933333333356
8 0.597557209375 0.6282095006944444 0.01169769374999996 0.029460859722222232
9 0.31096370234375 0.6030811201388888 0.009748078125000004 0.03465983472222234
9 0.3026778359375 0.6048141125 0.004874039062500002 0.0277278666666666
9 0.32022437734375 0.6048141125 0.006823654687500014 0.03465983611111112
9 0.029731639453125 0.6810657472222222 0.008773271093749993 0.031193849999999967
9 0.03801750625 0.67933275625 0.005848846875000008 0.03119385138888897
9 0.0199835609375 0.6827987388888889 0.006823654687500003 0.027727866666666712
0 0.01852134921875 0.9540119465277778 0.0370426984375 0.08838257916666659
0 0.108203670703125 0.8561297999999999 0.21640734140625 0.2877404
0 0.206659262890625 0.7911107222222222 0.08968232109375002 0.18543011388888886
0 0.259298887109375 0.7815792694444444 0.07018616484375001 0.10397950555555568
0 0.38114986796875006 0.7807127722222222 0.17741502812500004 0.34486535277777786
0 0.9085209125 0.6498718972222222 0.181314259375 0.15596925555555552
0 0.748652425390625 0.6784662611111112 0.11307771015625001 0.09184856111111117
0 0.672617413671875 0.6949296819444445 0.07018616484374984 0.07625163611111119
0 0.58732172734375 0.7001286569444445 0.09650597656250004 0.07278565277777782
0 0.500076425 0.7252570368055555 0.01754654062500005 0.04332479305555548
0 0.98942996328125 0.6030811201388888 0.015596924999999984 0.04852376805555558
0 0.8324859003906251 0.6438064270833334 0.0331434664062501 0.05372274305555558
0 0.803729069140625 0.6741337805555555 0.016571733593750082 0.048523769444444476
0 0.704786072265625 0.6568038638888889 0.021445772656249917 0.024261883333333234
0 0.5390687390625 0.7079271201388888 0.01754654062499994 0.019062909722222243
0 0.46108411015625 0.7226575500000001 0.009748078125000004 0.024261883333333345
