8 0.3275354359375 0.17849814722222224 0.009748078125000004 0.017329916666666695
8 0.42599102890625 0.2157574701388889 0.009748078125000004 0.022528893055555582
8 0.334359091015625 0.20622601527777779 0.009748078906250068 0.020795900000000006
0 0.432814684375 0.23741986736111112 0.011697693750000071 0.013863934722222249
0 0.422091796875 0.24001935416666667 0.009748078125000004 0.01559692500000004
0 0.448899012890625 0.25994875902777775 0.026319811718750086 0.048523768055555555
0 0.316812549609375 0.26688072777777777 0.06628693359374993 0.08318360277777781
0 0.384074290625 0.28161115555555555 0.085783090625 0.10917847777777775
0 0.49520238632812497 0.27641218055555555 0.09163193828124999 0.1438383138888889
0 0.637036927734375 0.26688072569444443 0.03996712109375 0.02772786805555555
0 0.659944911328125 0.2720797006944444 0.03314346796875001 0.031193851388888916
0 0.698937225 0.26948021319444443 0.03704269843750008 0.025994876388888866
0 0.7705856023437501 0.2876766263888889 0.05751366250000001 0.038125816666666645
0 0.8646545593749999 0.28940962013888893 0.01949615625000012 0.031193851388888916
0 0.9021846605468751 0.2781451701388889 0.028269427343750153 0.036392826388888855
0 0.922655626171875 0.2876766270833333 0.016571733593750082 0.027727865277777763
0 0.9660345749999999 0.3024070569444445 0.048740392187499926 0.043324794444444426
