0 0.152070023828125 0.48437118749999997 0.15596925546874998 0.15423626388888895
0 0.273433601171875 0.4705072541666667 0.07506020546875 0.0918485638888889
0 0.68675212734375 0.4731067409722222 0.14524636875000008 0.183697123611111
0 0.610229711328125 0.4592428076388889 0.07993424296874996 0.14210532083333333
0 0.566363358203125 0.4592428076388889 0.03899231328124997 0.06585368472222225
0 0.5434553738281249 0.4583763118055556 0.02437019609375002 0.0467907763888889
0 0.5302954687499999 0.45491032777777773 0.01754654218749996 0.03639282499999996
0 0.519085177734375 0.45057784930555556 0.014622117968750015 0.03465983472222223
0 0.5073874839843749 0.4514443444444445 0.014622117968750015 0.02252889166666666
0 0.4952023859375 0.4471118652777778 0.011697695312500034 0.013863933333333356
0 0.32851024375 0.46444178263888886 0.03704269687500006 0.045057784722222216
0 0.35921669140625 0.4566433194444445 0.026319812499999984 0.03639282499999996
0 0.37481361679687497 0.4531773368055556 0.01462211796874996 0.029460859722222177
0 0.38748611796875 0.4566433201388889 0.014622115624999987 0.0329268430555556
0 0.398209005078125 0.4540438326388889 0.012672502343750058 0.02772786805555555
0 0.40503265976562497 0.4471118645833333 0.012672502343749947 0.024261881944444397
0 0.41575554609375 0.44711186527777774 0.008773270312500026 0.02079589999999998
0 0.424528816796875 0.4479783611111111 0.012672502343750058 0.015596924999999984
0 0.435251703125 0.4453788736111111 0.006823654687500014 0.017329916666666723
0 0.47206391140055615 0.45034926675253506 0.0228815615738876 0.03434634560122113
0 0.91875639453125 0.48350469027777776 0.1335486749999999 0.12130941944444446
