2 0.359860845703125 0.45103962986111107 0.010527377343749977 0.022458404166666668
2 0.37144096015624994 0.4441773402777778 0.012632851562499992 0.021210713888888844
2 0.35845719570312495 0.44792040763888885 0.007720077343749965 0.03867836527777774
2 0.35073711875 0.4547826979166667 0.011931026562499947 0.057393701388888885
2 0.337753352734375 0.4516634756944444 0.011229202343750022 0.05614601249999995
2 0.323015025 0.45166347430555553 0.015440153125000022 0.05365063194444447
2 0.310733085546875 0.45478269652777775 0.013334678906249953 0.04491680972222223
2 0.293187455859375 0.44729656319444444 0.018949280468749996 0.03743067638888886
2 0.260903499609375 0.4728741902777778 0.018949278906250033 0.09856744166666664
2 0.214583040234375 0.4672595895833333 0.02175658046875001 0.05988907916666664
2 0.22756680429687504 0.4653880541666667 0.015440153906250004 0.09108130833333339
2 0.75007562890625 0.48847030416666665 0.012632851562500047 0.06238445833333339
2 0.743057376953125 0.480360325 0.028073005468750023 0.073613661111111
2 0.5563718875 0.45727807569444445 0.007018251562499911 0.03243991805555557
2 0.9804826332031251 0.5208062534722222 0.015856863281250022 0.11457946527777779
2 0.9665886871093751 0.5252771340277778 0.023160228906250024 0.1210258486111111
2 0.93184834140625 0.526524825 0.028073006250000088 0.11353971388888895
2 0.8774568941406251 0.5103048631944445 0.02596753046875 0.12851198194444446
2 0.6381345171875 0.4685072770833333 0.010527376562500024 0.05240294305555554
2 0.80201068984375 0.6475506708333333 0.08281536718750004 0.4129851083333333
2 0.0228970453125 0.5783039243055556 0.045794090625 0.2719962375
9 0.45716890820312495 0.18964875138888887 0.012632852343749945 0.06238445833333331
9 0.8519455671875 0.3281422472222222 0.014738328124999867 0.06238445833333334
9 0.25328870195312503 0.37430674652777773 0.017545628906249944 0.029944540277777765
9 0.42277946523437504 0.3880313284722222 0.004210950781249945 0.012476893055555549
9 0.4852419046875 0.41298510902777774 0.005614600000000025 0.007486134722222204
9 0.872368660546875 0.3980128409722222 0.02105475546875002 0.03243991805555557
9 0.85306846953125 0.40487513194444447 0.009123726562500045 0.013724580555555532
9 0.43478068085937505 0.18777721874999997 0.018949278906249922 0.07111828194444444
8 0.3586326515625 0.20700102180379132 0.07158616562500003 0.028511711947972862
8 0.27525582656250003 0.32961993897853514 0.03396834375000002 0.019503022042929696
8 0.325646869140625 0.3616219104166667 0.014036503906249997 0.015388159722222239
8 0.262482605859375 0.2878003055555556 0.019651103906250023 0.017467647222222216
9 0.269968744140625 0.37555443541666667 0.0070182523437499755 0.027449162499999957
8 0.5447333011718749 0.42816533333333334 0.009123727343749999 0.006238444444444435
8 0.43173945156249993 0.3988446395833333 0.004912775000000036 0.019963026388888916
8 0.84476355234375 0.38012930208333334 0.022458404687499933 0.034935295833333324
3 0.7256245570312501 0.5134241076388889 0.04070585937499993 0.053650634722222146
2 0.667786630078125 0.47898787777777774 0.011931027343750067 0.056146011111111116
0 0.44558879453125 0.4472965625 0.00491277499999998 0.026201472222222244
0 0.4389214546875 0.44792040694444446 0.012632851562500047 0.02744916111111112
0 0.43611415429687495 0.45665422986111115 0.012632852343750056 0.029944540277777765
0 0.431552290234375 0.46039729652777783 0.013334677343749934 0.034935295833333324
0 0.41505939999999997 0.4616449868055556 0.03509125781249994 0.04741218749999998
0 0.41646305039062503 0.4697549645833333 0.02526570546875001 0.048659876388888856
0 0.40453202265625 0.47786494722222217 0.03649490781250003 0.05739370277777772
0 0.47997822578125005 0.4454250277777778 0.0035091249999999463 0.017467647222222216
0 0.484189178125 0.44792040555555557 0.006316426562499977 0.017467647222222216
0 0.493312904296875 0.44916809583333334 0.01614197890625002 0.024953783333333313
0 0.506296668359375 0.4603972979166666 0.02386205390625007 0.04242143194444442
0 0.5112094453125 0.4728741895833333 0.014036503125000044 0.042421431944444477
0 0.5340187632812501 0.4753695680555555 0.04561863593750004 0.07236597222222224
0 0.5926211531250001 0.4622688326388889 0.04491680937499998 0.026201473611111137
0 0.143102148828125 0.5190386888888889 0.20563476953124998 0.13974118611111114
0 0.38096823945312497 0.4862868465277778 0.05554946796874999 0.06799905972222231
8 0.389793694921875 0.3930220833333333 0.008421902343749954 0.027449161111111064
0 0.32347120625000003 0.49845181875 0.02877483125000002 0.04117374305555549
1 0.461638021875 0.4444446923611111 0.026669356250000054 0.04117374027777776
0 0.46279102304687497 0.46057555347222223 0.02596753046875 0.039926051388888883
