8 0.1764402203125 0.10657899027777779 0.08383347500000005 0.053722741666666685
8 0.09016972578125 0.4748397326388889 0.012672501562499994 0.02772786805555555
8 0.665793759375 0.25734927152777776 0.03509308281250001 0.036392826388888855
8 0.7471902140625 0.3569962951388889 0.03216865937499991 0.04852376805555558
8 0.759862716015625 0.3292684284722222 0.01852134921875004 0.04159180138888885
8 0.8578309039062499 0.40638656041666665 0.011697693749999849 0.022528893055555554
8 0.896823218359375 0.35179732013888887 0.019496157031250072 0.01732991805555556
8 0.71892078671875 0.41765100694444446 0.014622118749999968 0.02426188333333329
9 0.255887059765625 0.1282413875 0.022420580468750007 0.09704753611111111
9 0.0409419296875 0.25474978402777776 0.015596926562500002 0.05545573472222218
9 0.08042164726562501 0.29374209791666667 0.01462211796875 0.046790776388888844
9 0.077009819921875 0.4488448576388889 0.011697694531249997 0.020795898611111086
9 0.610717116015625 0.26428123819444443 0.014622117968750015 0.05025675972222221
9 0.948488034765625 0.32233645972222225 0.009748078906249957 0.031193847222222237
9 0.9338659164062499 0.38125817916666666 0.007798462499999936 0.024261883333333345
9 0.946538418359375 0.3786586923611111 0.009748078906249957 0.029460859722222232
9 0.921680818359375 0.3110720152777778 0.014622117968750126 0.032926841666666706
9 0.8475954214843751 0.38992313819444446 0.006823655468749967 0.024261884722222238
9 0.642885774609375 0.23048789930555555 0.01852134921875004 0.051989751388888894
9 0.5668507625 0.37259322083333335 0.006823654687500014 0.017329916666666723
0 0.57854845625 0.5328949555555555 0.20958368593749999 0.3032735527777777
0 0.0467907765625 0.5242299972222222 0.0350930828125 0.04332479444444448
0 0.6838277039062499 0.49303614583333333 0.03216865937500002 0.0883825777777778
0 0.7861825281249999 0.48437118819444447 0.04386635312499998 0.05372274583333342
1 0.806166088671875 0.4679077652777778 0.12282578828125001 0.06931966666666667
8 0.251592916796875 0.30996710694444446 0.04396381640624997 0.026644736111111067
