9 0.20962745507812497 0.2726644756944444 0.011990132031250017 0.05861842361111108
9 0.45092885507812497 0.23891447361111112 0.014987664843750026 0.06217105277777779
9 0.7037207976562501 0.3224013159722222 0.008992598437499999 0.04440789583333338
9 0.46941364140625 0.24335526319444445 0.009991776562499943 0.05328947361111114
8 0.234606897265625 0.3721381590277778 0.023980263281250025 0.026644734722222285
8 0.22361594296875 0.4165460548611111 0.015986842187500017 0.0124342097222222
8 0.240601962890625 0.4067763173611111 0.007993421093750008 0.014210526388888867
8 0.879076472265625 0.33305921250000003 0.025978617968750117 0.03375
8 0.8775777062500001 0.37302631805555553 0.026977796875000126 0.017763158333333307
8 0.745686258203125 0.32328947569444444 0.02697779609374995 0.04973684305555559
2 0.29505714375000003 0.5355592138888889 0.012989309375000035 0.044407894444444485
2 0.311543574609375 0.5417763194444445 0.007993421093750008 0.05684210555555558
2 0.9919835453125 0.5719736875 0.015986842187500017 0.11368421111111116
2 0.965505337890625 0.5622039506944444 0.04496299296874984 0.12967105138888896
2 0.939027130859375 0.5444407930555555 0.013988486718750082 0.09414473611111113
2 0.92503864375 0.5488815819444445 0.017985198437500016 0.08881578888888897
0 0.7976434953125 0.5559868451388889 0.2527919421874999 0.34460526527777774
0 0.144780833984375 0.6110526354166668 0.28956166796875 0.525789476388889
4 0.523369233984375 0.6252631618055555 0.42564967265624987 0.5613157902777777
