0 0.026120587890625 0.5097190506944445 0.050533988281250004 0.09469432083333335
4 0.08484927734375 0.4987927833333333 0.09423905937499999 0.08741014166666661
0 0.1592844765625 0.5036489027777777 0.057362904687499994 0.058273427777777775
0 0.20572111484375 0.49636472361111117 0.051899771875 0.05341730833333336
0 0.24669461914062502 0.49272263402777783 0.03277880390624999 0.0412770097222222
0 0.32317849414062505 0.4890805451388889 0.010926267968750014 0.038848951388888775
0 0.330007411328125 0.4878665159722222 0.010926267968749959 0.03156477361111104
0 0.7274504027343751 0.5109330798611111 0.03004723671874998 0.06798566527777777
0 0.54170385 0.49029457499999995 0.019120968750000022 0.036420891666666566
0 0.57311686953125 0.5060769625 0.05463133906249995 0.08741014444444445
0 0.657112553515625 0.5133611402777778 0.11882316328125009 0.15539580833333339
0 0.46180551640625 0.49150860625 0.10516532812500001 0.19424475972222222
0 0.351859947265625 0.4927226347222222 0.010926267968750014 0.021852536111111043
0 0.3627862140625 0.4890805458333333 0.010926267187500005 0.029136713888888832
9 0.6202363996093749 0.12365758958333332 0.01502361796875007 0.07526984305555554
9 0.83807886328125 0.3421829444444444 0.010926267187500116 0.04613313055555557
8 0.6856983222820277 0.4025817515868331 0.023026950814055258 0.03702625793744485
9 0.9746572109375 0.40323130625000003 0.016389401562500128 0.03156477361111115
9 0.986266370703125 0.3109650451388889 0.017755185156249964 0.06555760694444446
0 0.28903390703125 0.5060769611111111 0.06009447343749996 0.06798566388888888
0 0.521899989453125 0.4939366638888889 0.015023617968749958 0.024280594444444414
