9 0.048301354296875 0.3801559826388889 0.0065917914062499985 0.02343748472222229
9 0.033140233203125 0.36492161875 0.00791015078125 0.03515622916666672
9 0.039732024609375 0.3766403590277778 0.00791015078125 0.025781231944444538
9 0.025695116635970808 0.368889221641778 0.00969627042866823 0.034475628190820395
9 0.15640674921875003 0.45515593125 0.011865225000000007 0.01874998750000001
9 0.1445415234375 0.4563278055555555 0.011865226562499998 0.02109373611111115
8 0.072031806640625 0.36960911388888884 0.03559567890625001 0.02109373611111115
8 0.12010186679687498 0.3926733833333333 0.010646914843750008 0.021840163888888875
8 0.103672409375 0.4211715791666667 0.019775376562500002 0.01640623888888887
8 0.10762748554687498 0.4446090631944445 0.019775377343749997 0.03515622361111109
8 0.22759810546874998 0.38861903124999997 0.019775376562499974 0.03932385972222224
8 0.484018828515625 0.3098435305555556 0.03955075390624996 0.08437494444444443
8 0.48533718671875004 0.21492172013888888 0.03691403749999994 0.08671869027777776
7 0.050938071484375 0.5207808861111112 0.03823239609375001 0.10781242499999999
5 0.052256430468750004 0.5535933625 0.035595678125 0.1031249305555556
0 0.029844335546875003 0.48328091041666665 0.03295896171875 0.03749997361111107
0 0.09839897578125 0.5043746465277779 0.032958962499999994 0.042187470833333296
0 0.07701884025164663 0.514920439269861 0.030895046059206725 0.06797085201583347
0 0.24407758710937502 0.5278121291666666 0.07382807421874998 0.10781242499999999
0 0.01459257890625 0.5242965069444445 0.0291851578125 0.10078118055555552
0 0.41678254648437496 0.5782027208333334 0.40605440859375 0.3539060055555556
0 0.15311085234375 0.5198650184388527 0.09755852812500002 0.10026916867785018
