9 0.029896662109375 0.3635434083333334 0.01674213046875 0.025511819444444472
9 0.18117377109375 0.27212605972222226 0.01315453124999999 0.0340157611111111
9 0.19731796757812503 0.2710630666666667 0.009566932031250003 0.031889774999999954
9 0.455385955859375 0.28913393819444444 0.007175199218749928 0.02551181805555558
9 0.46674668828125 0.2901969298611111 0.005979332812500016 0.02763780138888894
9 0.6138382824218749 0.3624804152777778 0.008371063281250035 0.019133863888888936
9 0.19911176757812502 0.3274016659722222 0.0059793320312500065 0.025511818055555524
9 0.1895448359375 0.375236325 0.010762796875000008 0.01913386111111104
9 0.29370481367187495 0.3029528402777778 0.007175197656250021 0.023385833333333383
9 0.46112611953125004 0.2901969298611111 0.0071751984374999744 0.02763780138888894
9 0.39714726367187503 0.3380315888888889 0.005979332031249951 0.01700787777777779
9 0.42560888828125 0.3393071770833333 0.005979331249999997 0.017007879166666684
9 0.478824946484375 0.3393071770833333 0.004783464843750029 0.017007879166666684
9 0.337234345703125 0.3284646576388889 0.0071751992187499836 0.017007879166666684
9 0.357564075 0.3433465506944445 0.0071751984374999744 0.017007879166666684
8 0.049030525390624996 0.29636229166666667 0.011958664843749994 0.01700787777777779
8 0.044536490433777484 0.33698003787677877 0.022104455867554967 0.03871580075355746
8 0.25292575859375 0.3112441847222222 0.032288393750000005 0.01700787777777779
8 0.6183825609375 0.3078426118055556 0.015546265625000055 0.012755909722222236
8 0.6094135613281251 0.3333544291666667 0.00956693203125003 0.017007877777777736
9 0.307576852734375 0.35567727222222223 0.0071751992187499836 0.01913386388888888
8 0.5019051546875 0.35036230763888887 0.005979331250000053 0.017007879166666684
9 0.46722502734375004 0.3354804152777778 0.005979332812500016 0.01700787777777779
9 0.470812626171875 0.3354804152777778 0.0059793320312500065 0.01700787777777779
2 0.0364739265625 0.42413397569444444 0.015546264062499999 0.031889773611111116
2 0.014350398046874999 0.4347638986111111 0.01674213203125 0.04889764722222223
2 0.23438982812499998 0.40606310416666663 0.011958665625000003 0.05102363611111116
2 0.215255965234375 0.40074814375 0.011958664843749967 0.02763780416666667
2 0.278038955078125 0.3943701881944444 0.008371063281250035 0.027637804166666724
2 0.30135835117187504 0.39118121111111104 0.007175199218750039 0.021259850000000025
2 0.28820381953124996 0.3933071951388889 0.009566931250000021 0.021259848611111132
2 0.985274416796875 0.4549607555555556 0.027504928906250004 0.16157484722222226
9 0.9840785496093749 0.3178347340277778 0.008371064843749942 0.02338583472222222
9 0.37813297539062496 0.34653552708333335 0.007175199218750039 0.01700787916666663
0 0.322166437890625 0.3820394861111111 0.021525596093750043 0.02763780277777772
0 0.33233130429687496 0.40223634166666666 0.02032973046875003 0.02976378888888892
0 0.31780704771446633 0.41188982722252404 0.023069179571067355 0.0350850177771741
2 0.4729443015625 0.3854918743055556 0.008414131249999957 0.02804710416666667
0 0.3682072984375 0.37459853819444444 0.010762798437500054 0.017007879166666573
0 0.36103209921875 0.3777875159722222 0.013154531250000046 0.019133862499999932
0 0.375382495703125 0.3724725527777778 0.010762797656250045 0.017007877777777736
0 0.49090318789062504 0.3852284638888889 0.02272146328125002 0.021259850000000025
0 0.44187266171874995 0.38097649513888887 0.013154529687500027 0.02125984861111102
0 0.41735739921875004 0.3852284638888889 0.014350398437499967 0.021259850000000025
0 0.399419401171875 0.37353554513888887 0.00956693203125003 0.014881893055555484
0 0.39702766953125 0.38310247847222223 0.011958665625000031 0.021259848611111132
0 0.408986333984375 0.3650316069444445 0.009566932031249975 0.014881894444444377
0 0.41855326601562504 0.3671575916666666 0.009566930468750012 0.014881894444444377
0 0.45371175195312496 0.38884264722222217 0.016742132031250023 0.023385833333333383
0 0.430990287890625 0.3718347680555555 0.009566932031249975 0.014881894444444488
0 0.422619222265625 0.38990564097222224 0.016742130468749894 0.029763787500000027
0 0.393320493359375 0.3909686319444444 0.01793799609375002 0.023385833333333328
0 0.36163003242187497 0.3994725701388889 0.023917328906250035 0.031889770833333386
2 0.5707870898437499 0.40266155 0.01315453124999999 0.03401575833333337
0 0.014606653515625002 0.43825659027777775 0.029213307031250003 0.051023636111111104
0 0.12616391328125 0.5314962118055555 0.2523278265625 0.29338590694444444
4 0.67835525703125 0.41722452430555557 0.11599904843749997 0.17645674305555553
4 0.830230300390625 0.40872058472222217 0.28461622109374995 0.30401583055555553
