9 0.7779978131682472 0.33830011602593546 0.008320832226398456 0.03215780570588744
9 0.645418038763212 0.3650164540122497 0.009427914661075842 0.03027905586438956
9 0.502475846875 0.35671849791666665 0.007910151562500023 0.02812498194444446
9 0.3486460891567915 0.3958010032570889 0.014983935748917043 0.024959918485822186
9 0.8511816621093751 0.4317184458333333 0.017138660156249874 0.028124980555555512
8 0.40821321640625 0.4094528375 0.01713865937500003 0.016406238888888924
8 0.40096224492187504 0.3942184715277778 0.015820302343750037 0.018749987499999954
8 0.3653431370761675 0.31566732169080847 0.023777310222665105 0.016477398285049738
8 0.8340396545137415 0.40710908749999997 0.011871920660017077 0.016406238888888924
8 0.8382921338870503 0.39325011520604325 0.021823980663399523 0.01599920569902452
9 0.6532605789592061 0.3655394142248012 0.008893884480912106 0.03170432289404679
2 0.306699614453125 0.46218717569444445 0.01977537734375001 0.07031245138888886
2 0.8247223207417554 0.49292909175219707 0.012049569453989273 0.03804635017106073
2 0.806357474609375 0.49382777847222226 0.01450194296875007 0.044531218055555544
2 0.794492248046875 0.48445278541666664 0.014501942968749959 0.030468729166666653
2 0.4569924796875 0.4692184201388889 0.022412093750000084 0.10312492916666671
0 0.4403047150346308 0.4717541693871595 0.01804045038176172 0.04180346678123642
0 0.5645503777954195 0.4740060561047803 0.02279184479404761 0.04502092798824231
0 0.580918175390625 0.462187175 0.014501942968749959 0.028124980555555568
0 0.6390760925188136 0.4733628999906625 0.030027351077872355 0.03601674239059388
0 0.6025367857854991 0.5010186128977256 0.07416393940920285 0.08746923152001373
0 0.3667432896829616 0.49798129608962755 0.10993503887378941 0.1500979730756805
0 0.5112036887511844 0.5012293758771069 0.11501421031486869 0.22339680175421378
0 0.7189961576813506 0.5460395408859681 0.18782594661270124 0.19037420977885344
0 0.151611223828125 0.5808080337252506 0.30322244765625 0.30800426030884503
0 0.9072118964843751 0.5153325395051195 0.18457018515625 0.25933402098976105
0 0.01392206756976364 0.7657025916666667 0.02784413513952728 0.34453101388888896
