0 0.514109203134868 0.3701380161741774 0.0422471234572358 0.05644657401502157
0 0.5976834492187499 0.36670329650411637 0.03784258124999995 0.05357894032510052
0 0.480371446484375 0.3789163625 0.022705549218750065 0.04260794444444438
0 0.448205251953125 0.38452267152777775 0.039103999218750074 0.05382056249999995
0 0.166908730078125 0.4663747777777778 0.26363665078125 0.23546494722222233
0 0.016799825390625 0.4764661319444444 0.03153548671875 0.22873737777777786
0 0.6778860873809913 0.37644349936664245 0.04394466117551732 0.06262229661441648
0 0.72571751328125 0.39012898333333335 0.06433238593750001 0.08745841111111119
0 0.7673443531249999 0.39237150486111105 0.07190090468749999 0.11885374027777779
0 0.8423988074218749 0.4080691680555556 0.14632464765624997 0.16818924722222223
0 0.653565420670192 0.3727905320641348 0.029354201538007718 0.049054132347959634
