9 0.2653264890625 0.15240757500000002 0.01950239218750005 0.08667730000000003
9 0.49691740195312495 0.4265245368055556 0.00975119609374997 0.04550558194444437
8 0.15501608125 0.5662916854166666 0.020721292187500018 0.030337054166666544
8 0.15501608085937502 0.5370380944444444 0.01828349296875001 0.02817012222222226
9 0.20620986171875 0.4720301194444444 0.008532296875000012 0.03683785277777779
8 0.205600412109375 0.50453410625 0.021940191406249976 0.015168526388888937
8 0.05689466875 0.5706255493055555 0.017064593750000003 0.021669326388888743
8 0.2110854609375 0.37343468888888887 0.010970095312500039 0.026003186111111132
8 0.62733965078125 0.5186191680555555 0.017064593750000023 0.013001594444444375
8 0.613322307421875 0.4796143833333333 0.013407894531249909 0.013001594444444431
8 0.6163695546875 0.46769625555555555 0.0243779906249999 0.015168524999999988
8 0.6144901440552389 0.39943788055555557 0.020619169360477807 0.07367570555555558
8 0.49021345351562495 0.5857940756944444 0.02315909140625 0.03467092083333323
8 0.5145914437500001 0.5652082166666667 0.010970095312499928 0.036837852777777735
8 0.36344790156249995 0.5922948736111111 0.010970095312499983 0.013001594444444486
8 0.4128133328125 0.5966287381944444 0.012188995312500062 0.01300159583333338
8 0.43780077304687504 0.6009626034722222 0.010970096093749937 0.01300159583333338
8 0.12210579375 0.07223107222222222 0.1596758390625 0.09101116666666667
8 0.17701136595217057 0.4867412300031409 0.09640324909184117 0.07926166833961512
9 0.025203280078125 0.05474843888888888 0.036566985156249995 0.10949687777777777
7 0.385388093359375 0.7038918979166666 0.07191507265624997 0.2448633736111111
5 0.38599754296875 0.750480948611111 0.07069617343750001 0.195023925
0 0.429268476953125 0.6833060375 0.02315909140625 0.026003188888888973
0 0.611493958203125 0.768899875 0.2754712945312501 0.45722275833333337
4 0.866243959375 0.499116775 0.2657200984375 0.9967889527777779
0 0.01442998984375 0.58037674375 0.0288599796875 0.028170120833333256
9 0.487278430859375 0.4248201645833333 0.009355746093750006 0.05128334861111106
8 0.028067237890625 0.4989731138888889 0.010915036718749997 0.03603694722222217
