8 0.296056321875 0.4636726976089744 0.030974506250000033 0.06760854521794879
8 0.956013150390625 0.4955921076388889 0.03996710546875004 0.024868420833333293
8 0.9590106828125 0.54177631875 0.029975329687500052 0.06394736805555556
1 0.35500780234375 0.6243750034722222 0.028976151562499997 0.05151315694444447
1 0.47291076328125 0.6146052659722222 0.18284950781249998 0.20605263194444445
0 0.33502424960937505 0.6412500041666667 0.01099095390624999 0.031973686111111066
0 0.320536173046875 0.6439144770833334 0.015986841406250007 0.044407895833333266
0 0.302051387109375 0.6448026354166667 0.016986019531250007 0.0426315791666666
0 0.28206783515625 0.6465789506944445 0.020982729687500035 0.04973684305555559
0 0.258087571875 0.6439144770833334 0.03696957343749993 0.07638157916666666
0 0.23160936328125004 0.6501315819444444 0.035970395312499986 0.07105263055555555
0 0.18714595898437503 0.6599013194444444 0.08892681015625001 0.09059210555555564
0 0.0647466984375 0.6199342138888888 0.0799342109375 0.0497368416666667
0 0.09821914921875 0.6670065833333333 0.10691200625000001 0.11546052777777782
8 0.293558377734375 0.6119407923611111 0.01798519765624995 0.01953947361111119
8 0.293558377734375 0.5879605298611111 0.015986841406250007 0.024868420833333404
0 0.67774217890625 0.6359210548611112 0.026977796875000015 0.02842105138888884
0 0.628282886328125 0.6385855298611112 0.03197368515624999 0.01953947361111108
8 0.85309785390625 0.6421381611111112 0.04596217187500007 0.07282894722222222
8 0.845604021484375 0.5391118465277778 0.016986019531250007 0.015986843055555644
8 0.8685851074218749 0.5382236861111112 0.02298108515625008 0.021315788888888743
2 0.819625403515625 0.6954276354166666 0.04696134921875006 0.21848684305555555
0 0.9125489230468751 0.7034210569444445 0.17485608671874997 0.17052631666666662
0 0.029275892578125004 0.6670065819444444 0.05695312578125 0.14032894722222222
0 0.43743995703125005 0.6758881611111112 0.14987664531250006 0.2149342111111111
