9 0.48471337968750006 0.3784090715277778 0.016966004687500036 0.023921418055555532
9 0.5446794312500001 0.3706086083333333 0.012870762499999966 0.03328196944444445
8 0.12550210859375 0.13243450416666666 0.023986420312500006 0.08320492777777777
8 0.094202754296875 0.11839367361111111 0.022231316406249993 0.08008474444444445
8 0.06582857421874999 0.11423342638888889 0.026326559374999996 0.10296609722222222
8 0.052957812109375 0.06379043888888888 0.004095242968750003 0.012480738888888884
8 0.03833194609375 0.11319336388888888 0.021646281250000003 0.0842449888888889
8 0.561356173309679 0.36585699584806697 0.01945416527504451 0.010383733278966634
8 0.6087285484375 0.4014637729166667 0.005850346874999968 0.012480740277777791
8 0.591879552734375 0.4014637743055556 0.00760544921875006 0.016640984722222252
8 0.6012401078125 0.3983435895833334 0.006435381249999872 0.01872110972222224
0 0.52495158671875 0.4702118520833333 0.02749662812500009 0.06968412638888888
0 0.5770196703125 0.4754121604166667 0.07312932968749997 0.09256548194444453
0 0.7317613335937501 0.4561710201388889 0.025741525000000043 0.03744221805555553
2 0.77300627890625 0.42642525138888887 0.008775520312500062 0.03328196944444445
0 0.296320047265625 0.6183166166666667 0.46919778515624994 0.5522727055555555
0 0.667817048046875 0.49194913194444445 0.12051713671874997 0.1456086222222222
0 0.8639121265625 0.5316123694444445 0.27167302031250007 0.28904297222222214
