0 0.426806836328125 0.3236635875 0.004207066406250015 0.01682826388888886
0 0.474136326171875 0.33207771875 0.008414132031249966 0.018698070833333302
0 0.48255045625 0.33675223541666666 0.008414131250000012 0.024307490277777788
0 0.489386937890625 0.3339475256944444 0.013672963281250006 0.02243768472222224
0 0.50095636875 0.3376871395833333 0.02419062656249993 0.02243768472222224
0 0.518836399609375 0.3432965604166667 0.017880028906249956 0.033656526388888885
0 0.530931712890625 0.3461012708333333 0.014724728906249984 0.0317867194444445
0 0.539345843359375 0.34984088541666664 0.01682826171875007 0.035526331944444434
0 0.5630105890625 0.35358049722222223 0.03260475781249994 0.0467451722222223
0 0.743914398046875 0.3881719402777778 0.07888244921874998 0.09722996388888888
0 0.8147508578125 0.41883676458333335 0.13220705312499992 0.1028393847222222
0 0.0400627421875 0.35726593194444445 0.080125484375 0.21502780277777778
0 0.28680715312500005 0.39307433680555554 0.29766902968750003 0.3230208541666667
0 0.6387903480468751 0.4028031680555556 0.17490874453124994 0.18389551388888886
0 0.458044280859375 0.33422799999999997 0.02944946015624994 0.043005561111111146
4 0.44174189960937504 0.31926954097222227 0.024190628906250067 0.04674517638888892
9 0.5040064863281251 0.26551259166666663 0.006310597656249972 0.02617729722222223
0 0.061002452734375004 0.2972993097222222 0.04838125546875 0.0523545944444444
0 0.022612978125 0.27579653055555553 0.04522595625 0.043005561111111146
8 0.27808704492187497 0.034778406944444444 0.052588321093749946 0.03365652499999999
0 0.4197599890625 0.3236635875 0.009465899999999972 0.01682826388888886
9 0.392659476953125 0.1857341611111111 0.008414132031250021 0.02991691111111111
8 0.017880028515625 0.04693215416666667 0.021035328906249998 0.09162054166666667
