9 0.443810478515625 0.37110038333333334 0.01101874296875005 0.04570737777777778
8 0.6846993925237417 0.36347560615381147 0.006719779015016525 0.030457823418733987
8 0.284024805078125 0.4641459986111111 0.04315674296874994 0.07672309722222226
8 0.6825360113281249 0.2837650944444444 0.04315674296874994 0.016324063888888907
8 0.44701037890624995 0.4086441833333333 0.016528114062499988 0.02775090833333338
8 0.676493435546875 0.3189722090277778 0.01101874296874994 0.022853690277777783
8 0.5530796804687499 0.4040205777777778 0.012855201562499974 0.021221283333333285
8 0.571903366015625 0.4255139368055556 0.013773428906249996 0.02611850138888888
8 0.833343441796875 0.26837779791666666 0.016528114843750052 0.03101572083333337
8 0.8342616703125001 0.3018421298611111 0.014691657812499925 0.03264812638888892
9 0.8273749562499999 0.3426522875 0.011936971874999869 0.03591293888888886
8 0.406826263671875 0.4852157826388889 0.026628628906250007 0.047883912500000014
0 0.425817031640625 0.4587061916666667 0.016528114843749997 0.02285368888888889
0 0.457036803125 0.4521765659722222 0.01836457031250005 0.0195888763888889
0 0.381282944921875 0.4652358159722222 0.017446342968749973 0.02938331249999998
0 0.362918373828125 0.47176544305555557 0.01744634453124999 0.022853691666666676
0 0.34271734453125 0.47666266180555555 0.02111925781249996 0.035912940277777694
0 0.247221571484375 0.49053811597222224 0.02662862890624998 0.04081015972222224
0 0.209115085546875 0.5027811631944444 0.05142080078125 0.052237004166666656
1 0.10856905507812499 0.4913543180555555 0.07254005859374998 0.12079806944444438
0 0.54359132265625 0.4651192201388889 0.027546857812499992 0.04081015972222224
0 0.5679243800781251 0.48715670694444446 0.0358109148437501 0.06203144166666669
0 0.494299151953125 0.4927131111111111 0.08906817265624994 0.12732769722222226
0 0.618719124609375 0.48210246944444446 0.08631348671875005 0.10284160277777771
0 0.143535831640625 0.5163830034722222 0.08539525859374998 0.07998791250000004
0 0.85144833203125 0.5596417722222222 0.29383314687499995 0.3787182777777778
