0 0.05821649960937501 0.9207548534722223 0.11472581171875 0.1578238680555556
0 0.887115306640625 0.8551757314128915 0.22372496484375004 0.2827385093964392
8 0.98558347890625 0.7037904027777777 0.02731566875000002 0.0437050722222222
4 0.18864882226562502 0.9308139680555555 0.16252823359375002 0.13354327500000007
0 0.284936556640625 0.9313342499999999 0.08194700859374995 0.11654685833333323
0 0.332738978515625 0.9301202194444445 0.040973505468750004 0.08012596388888882
4 0.76364366484375 0.8446229187500001 0.22808584062499992 0.3073331208333333
0 0.6407231519531249 0.9374043972222221 0.02048675234375008 0.11897491388888881
0 0.623650858203125 0.9349763388888889 0.04370507109374999 0.10440655833333334
0 0.6006379142387257 0.9228360416666666 0.03236805277254884 0.08498208333333335
0 0.47751202656249997 0.9130576660498152 0.030047235937500028 0.05013216321945024
0 0.521738395665794 0.9170404047737792 0.025626699144088105 0.044254095658669335
0 0.54716698359375 0.9216220111111111 0.024584104687500052 0.033992830555555464
0 0.40239393515625 0.9143378319444444 0.035510370312499984 0.04856118888888872
0 0.42083201249999996 0.9167658909722223 0.012292051562500017 0.04370506805555541
0 0.43244117109375 0.9179799243055555 0.008194700000000055 0.03642089583333319
0 0.44063587265625004 0.9216220111111111 0.008194699999999944 0.03884895277777778
4 0.44200165625000004 0.9103488708333334 0.016389401562500017 0.055845369444444404
0 0.45565949179687504 0.912776929861111 0.010926269531249921 0.04127701250000004
0 0.500218196875 0.90445216875 0.008194700000000055 0.02185253472222215
9 0.409393596875 0.7551265069444444 0.006828917187500005 0.033992830555555575
9 0.54187459375 0.7815382133006881 0.006828917187499894 0.02854281549026494
9 0.41485673046875 0.7563405361111111 0.00409735 0.031564772222222204
9 0.5514350777343751 0.7806211326388889 0.006828917968749959 0.026708654166666568
8 0.2461824703125 0.8000456083333334 0.01365783437500001 0.04613313055555557
8 0.30900851093750004 0.7891193409722221 0.019120968749999967 0.009712237499999943
8 0.30217959375000003 0.7781930736111111 0.01092626718749995 0.016996416666666736
8 0.5775345145097389 0.8813856020833334 0.011992950668022084 0.01942447638888889
8 0.6057656382475878 0.8399639945641322 0.017755185156249964 0.012140297222222096
8 0.6115295507812499 0.8243262041666666 0.012292051562500017 0.012140297222222096
9 0.614944009765625 0.8692453048611111 0.008194700781249953 0.019424479166666675
9 0.292619109375 0.8340384416666666 0.01638940156249996 0.021852536111111154
8 0.352235558203125 0.8447219027777778 0.015023617968750014 0.0072841777777779
8 0.36111315078125 0.860504288888889 0.010926267187500005 0.014568355555555468
9 0.4731073953125 0.8629323493055556 0.0081947 0.01942447638888889
9 0.5222756 0.8641463784722223 0.008194701562500017 0.02185253472222226
