8 0.35726707539062497 0.3136715027777778 0.012672502343750003 0.02426188611111113
8 0.6380117359374999 0.35526330347222224 0.00877327031249997 0.02079589861111103
8 0.916806779296875 0.32753543611111113 0.038017505468750046 0.058921722222222195
8 0.196423780859375 0.3491978319444444 0.036067889843750034 0.06758667499999998
8 0.28951793046875 0.37779219652777773 0.009748078125000004 0.010397951388888937
9 0.31924956914062497 0.36132877361111115 0.004874038281249993 0.019062908333333295
9 0.33728351484375 0.3708602277777778 0.00584884687499998 0.013863933333333356
9 0.36019149921875 0.3647947583333333 0.006823654687500014 0.015596924999999984
0 0.33143466679687494 0.40811955069444444 0.021445772656249973 0.02599487361111108
0 0.18813791406250002 0.4055200638888889 0.031193851562500013 0.0381258166666667
0 0.152070023828125 0.41245203194444446 0.03509308203125003 0.048523769444444365
0 0.099917804296875 0.41331852708333333 0.055564047656250004 0.05372274305555558
