0 0.039778422265625 0.6019853125000001 0.07784965703124999 0.2015289388888889
4 0.200257980859375 0.5242874076388889 0.15843088359374996 0.15782386805555554
0 0.43107538828125 0.47572621805555554 0.02458410312499998 0.03642089166666662
9 0.44268454765625004 0.28390951666666664 0.009560484375000011 0.041277011111111095
9 0.56970241171875 0.39560025486111106 0.012292051562500017 0.02185253749999999
9 0.5034619124999999 0.3688915993055556 0.010926267187500005 0.026708654166666623
9 0.168844962109375 0.4259509979166667 0.010926267968750014 0.029136715277777836
9 0.4583910578125 0.40288443194444445 0.008194701562499962 0.021852536111111154
9 0.50073034609375 0.44173338472222223 0.013657834374999955 0.01699641666666668
9 0.36961513125 0.4502315930555556 0.0081947 0.01942447499999994
8 0.577897111328125 0.05688595208333333 0.05872868828125 0.10683461805555555
8 0.523265773046875 0.16372057152777778 0.03414458671875009 0.04856119027777778
8 0.526680231640625 0.2851235458333333 0.03277880390624999 0.05827342777777783
