9 0.53320662734375 0.04792295694444444 0.01720638125000007 0.09584591388888888
9 0.7201826359375 0.370808125 0.014912196874999895 0.04282477222222225
9 0.743698024609375 0.1831948423611111 0.016059289843750046 0.06729606805555555
9 0.513706062109375 0.05913896875000001 0.019500564843749957 0.08972809027777778
9 0.07532571289062501 0.4024168840277778 0.016059289843750005 0.028549848611111095
8 0.07895816484375 0.3524546506944445 0.0263831171875 0.018353473611111115
8 0.08182589609374999 0.28006039375 0.03670694687499999 0.06933534305555558
8 0.5360743578125 0.43130661875 0.018353473437500045 0.03874622083333329
8 0.6880640585937501 0.42212988333333334 0.017206381249999958 0.03262839444444443
8 0.43264489453125 0.4343655326388889 0.01720638125000007 0.012235648611111094
8 0.35158372109375 0.42824770902777776 0.021794749999999974 0.01223565138888888
8 0.55729556171875 0.4200906104166667 0.024088934375000037 0.05302114583333328
8 0.576222580078125 0.4180513361111111 0.020647657031249933 0.04894259722222216
9 0.41505614296875 0.43164650000000004 0.008029643750000037 0.0163142
0 0.03001557265625 0.49894256875 0.0600311453125 0.0693353430555555
0 0.9367918601562502 0.5346298784722222 0.12388594375000006 0.12031721527777783
0 0.30378821289062496 0.4805890972222222 0.014912196093749996 0.0244712972222223
0 0.28543473867187497 0.48670692013888894 0.019500564843750012 0.020392748611111122
0 0.26249289726562497 0.4785498215277778 0.024088933593750028 0.02854984861111115
0 0.230947865234375 0.48466764444444443 0.02294184140624997 0.028549847222222313
0 0.181049359765625 0.49180510624999996 0.04014822265625001 0.04282477083333336
2 0.202844109765625 0.48840631458333333 0.010323828906249971 0.04690332083333326
0 0.155813333984375 0.4924848645833333 0.03555985546875001 0.03874622083333329
0 0.11967993398437499 0.4945241388888889 0.04358949921874998 0.05098187222222217
0 0.079531712109375 0.49146522847222224 0.059648788281250004 0.06525679305555554
0 0.40415876914062504 0.4873866777777778 0.006882552343750015 0.016314199999999945
0 0.4144825984375 0.4894259534722222 0.018353473437499934 0.03670694583333328
0 0.4546308203125 0.48330812777777776 0.018353473437499934 0.03262839722222216
0 0.468395925390625 0.4955437777777778 0.016059289843750102 0.04078549722222219
0 0.526897621484375 0.4935045020833333 0.022941841406249996 0.03670694583333328
0 0.6075605087480648 0.49491591728881423 0.030972260671211282 0.04481774153973733
0 0.354833809375 0.4853474013888889 0.016059289062499982 0.016314197222222215
0 0.37146664453125 0.4853474020833334 0.014912196875000006 0.020392745833333337
0 0.39268784765625 0.487914613755295 0.01835347187499997 0.02552716917725656
0 0.48979388968427273 0.49811718454165255 0.04465767817709548 0.06658635885903846
0 0.43217107913318187 0.4942756638382465 0.036014256594431804 0.05378128984768482
