2 0.7697485749999999 0.42881308888888886 0.019135448437500036 0.10563662500000004
0 0.799962442578125 0.40285154375 0.027192480468750002 0.02864722083333332
0 0.725434906640625 0.41896560625 0.06546337734375007 0.1575597152777778
0 0.7271959459459458 0.47927927927927927 0.05168918918918919 0.19819819819819817
0 0.30294434921875 0.4789457263888889 0.07251327812499997 0.1772546805555555
0 0.826147792578125 0.42075605625 0.05740634453125004 0.1253315902777778
0 0.8825760510557432 0.43132575884009006 0.1078208708614864 0.1643755093468468
0 0.9200281657200169 0.49189189189189186 0.15859231720861466 0.25585585585585585
9 0.9938347472656249 0.2551393111111111 0.008057030468749948 0.03043767222222224
9 0.7908982816406249 0.35003323125 0.007049902343749914 0.01611405972222224
0 0.5193871573163007 0.5272185222597597 0.43892838807010126 0.6068242167417418
