9 0.46406752070312496 0.29342609513888884 0.011154660156249996 0.044237281944444484
9 0.606932959375 0.3254599847222222 0.01029660781249997 0.03813558611111112
9 0.6313874039062499 0.4385592381944444 0.009438557812499915 0.01372880972222218
2 0.35190802421875 0.5195156375 0.011154659375000042 0.054915244444444455
2 0.34633069453125 0.5073122486111111 0.010296607812500025 0.036610161111111095
2 0.339037263671875 0.4996851319444444 0.011154658593749978 0.03355931666666673
2 0.230493852734375 0.5240919069444444 0.018877116406250005 0.08237286666666671
2 0.195313773046875 0.5309563118055556 0.022309317968749964 0.0991525236111111
2 0.16914322851562502 0.5187529236111111 0.028315672656249985 0.11440675555555552
2 0.2146199140625 0.5311742333333334 0.021451267187499956 0.0869491361111111
2 0.363920733203125 0.5182081340277778 0.01458686171875001 0.061016937500000035
0 0.63910986015625 0.4909684361111112 0.023167368750000028 0.04881355000000004
0 0.626668125 0.5016464 0.025741520312499988 0.04881355000000004
0 0.563310274609375 0.4893558381944444 0.012870760156250105 0.024406776388888884
0 0.78811955390625 0.49927109583333334 0.02145126718750001 0.03508473888888897
0 0.82372865703125 0.5618134569444444 0.06864405468750001 0.17237284722222224
0 0.4560539390625 0.5183388888888889 0.031747875000000036 0.04271185555555551
1 0.508609543359375 0.48203380555555553 0.09867582890624993 0.12661014166666668
0 0.40105289023437496 0.5186439694444445 0.060063549218749956 0.07322032500000003
0 0.30023193476562504 0.5445761673611111 0.09695972734374997 0.09762709861111102
0 0.129908873828125 0.5750846368055555 0.08923727109375 0.13728810972222227
0 0.589824048828125 0.5285592215277778 0.07207625859375 0.10220337083333336
0 0.7151852453125 0.5811863298611111 0.18619699843749993 0.26237283194444444
4 0.921031598828125 0.57645751875 0.1544491210937502 0.25169486527777774
0 0.051826256640625 0.4528982208333333 0.10296608359375001 0.7459320611111111
