8 0.5999291546875 0.10876132291666665 0.048942595312500004 0.021752268055555565
8 0.57966386171875 0.17225074583333333 0.08947318124999992 0.11066464444444446
8 0.42824770859375 0.16790029305555554 0.05888406093749998 0.10468277499999999
8 0.255036805078125 0.16246222569444443 0.07035498046875 0.10196374027777777
8 0.17282853789062502 0.15430512500000002 0.08947318046875 0.11283987222222226
8 0.54435891484375 0.35370088125 0.008412010937500103 0.012235648611111039
8 0.478592301171875 0.33670692430555554 0.011470919531249957 0.01359516527777771
8 0.45794464492187503 0.33466765 0.011470921093749975 0.01767371388888883
8 0.41206096015625004 0.3373866833333333 0.014529831249999958 0.01495468333333333
8 0.429267341015625 0.33806644027777777 0.012235649218749922 0.016314197222222215
0 0.3405588890625 0.3580060201388888 0.009176739062499994 0.010876129166666637
0 0.331382150390625 0.36004529583333333 0.01070619140625001 0.009516611111111128
4 0.31341104218750004 0.35120843888888886 0.029824393749999956 0.024471297222222188
0 0.289886554296875 0.35609622152777776 0.011470919531250012 0.014954681944444437
0 0.27306253671875 0.35201767430555553 0.01758874531249993 0.014954684722222222
4 0.242091051953125 0.3448148263888889 0.030589122656249967 0.03589642500000001
4 0.18205989921875 0.32986014722222223 0.0833553578125 0.06308675833333327
0 0.12681739765625 0.34758306041666664 0.022177114062500003 0.029909362500000036
0 0.094698819921875 0.3503020930555556 0.03900112890624999 0.024471297222222244
0 0.035050031640625 0.35416585902777775 0.020647657031250002 0.02132269861111108
0 0.012478978125 0.3496622472222222 0.023706567187500003 0.032628397222222216
0 0.348770614453125 0.3624082659722222 0.01147092109375003 0.021752262500000008
0 0.402301577734375 0.3637677819444445 0.00994146484374997 0.016314197222222215
0 0.5093635050781249 0.36716657361111116 0.013000377343750036 0.023111780555555572
0 0.256438803125 0.36820239722222226 0.03670694687500001 0.04214500833333329
0 0.361588909765625 0.3648036069444444 0.020647657031250044 0.024471297222222188
0 0.392560394140625 0.3614048159722222 0.012235649218749978 0.01767371527777778
0 0.42673433835515207 0.3695353884196697 0.020360568602195983 0.02849679072822825
0 0.46903319999999993 0.36548336527777775 0.013765106249999992 0.014954683333333274
4 0.480430840234375 0.3601359284722222 0.011470919531249957 0.02854984583333331
0 0.451371175390625 0.36965254583333335 0.02064765703124999 0.031268880555555545
0 0.4938135828125 0.3682930298611111 0.016824017187499984 0.025830815277777752
0 0.544285633203125 0.38800601736111107 0.03823640234375014 0.05166162916666667
