0 0.564325940234375 0.5561946444444444 0.006123992968749992 0.017691533333333398
0 0.55743644765625 0.5575555319444445 0.007654992187499987 0.01496975833333336
0 0.52245312890625 0.5516129888888889 0.008420489062499925 0.016330650000000002
0 0.532404616796875 0.5516129875 0.011482486718750073 0.021774194444444506
0 0.495660662109375 0.5509325451388889 0.0068894914062500034 0.014969762500000039
0 0.48838841875 0.5529738763888888 0.00918598906250001 0.013608875000000076
0 0.481116178125 0.5577369805555557 0.008420489062499925 0.01496975833333336
0 0.5052293996093751 0.5543347625 0.01377898359374996 0.024495972222222218
0 0.425923689453125 0.5825958506944444 0.07501891171875003 0.09662299583333334
0 0.45348165703125 0.56830653125 0.044398948437499974 0.0816532347222223
1 0.675552948046875 0.5076790020833333 0.21433974609374995 0.3115070875
0 0.8746562457559122 0.677960743262012 0.2493361571368241 0.5143487837462462
9 0.9292393660156251 0.2659173763888889 0.01913747890625006 0.05987903888888893
9 0.90053314921875 0.26659781875 0.019902976562499952 0.05579637916666669
9 0.8140317503906251 0.5210837298611111 0.007654989843750015 0.012247984722222216
9 0.465232071484375 0.3739037784722222 0.01607548046874996 0.038104843055555615
9 0.369544686328125 0.4215348319444444 0.01454448359374999 0.03810484166666667
9 0.5611108328125001 0.4099672909722222 0.012247984374999965 0.031300406944444414
9 0.526663373828125 0.49570319027777776 0.007654989843750126 0.017691533333333342
9 0.472312938671875 0.5011467368055555 0.006123992968749992 0.009526209722222234
9 0.42255549765625 0.5249622638888889 0.007654990624999969 0.016330647222222217
9 0.4060972671875 0.5201991597222222 0.008420489062500036 0.017691533333333287
9 0.228118728515625 0.37254289097222226 0.016075480468750014 0.03538306805555563
9 0.21801414335937502 0.34008574375 0.006123992968749992 0.02585685694444445
9 0.23944811796875 0.3346421909722222 0.012247985937500039 0.028578634722222218
9 0.137832263671875 0.3978163152777778 0.01417003359375002 0.04104088611111112
9 0.13342649453125 0.5081552986111111 0.011482485937500009 0.029939522222222237
9 0.355803991015625 0.4407913784722223 0.009185988281249946 0.025856859722222236
9 0.5522310621093749 0.5414970368055556 0.007654989843750015 0.012247987500000002
9 0.48149892890625 0.5156401791666667 0.006123993750000001 0.014969761111111035
9 0.473078437890625 0.5176815104166667 0.006123992968749992 0.010887098611111146
9 0.46389244882812497 0.5176815104166667 0.00765498984374996 0.010887098611111146
8 0.10678712382812501 0.44432969513888887 0.01454448203125 0.014969762500000039
8 0.12133160507812499 0.4613407847222222 0.014544482031250014 0.013608874999999965
8 0.354426078515625 0.5776966493055555 0.00765498984374996 0.014969762499999928
8 0.354808829296875 0.5620464423611111 0.008420491406250008 0.016330645833333435
8 0.35633982695312494 0.47563009999999994 0.016075480468750014 0.04218750555555556
8 0.5193911339843751 0.5123740569444444 0.006889491406249948 0.009526211111111071
9 0.35940182265625 0.5336039076388888 0.00842048906249998 0.028578631944444433
2 0.11452702702702702 0.5873873873873874 0.018243243243243237 0.06846846846846844
2 0.15152027027027026 0.5891891891891892 0.017229729729729748 0.07927927927927914
