9 0.39447531874999997 0.5373355298611111 0.007993421875000017 0.03375000138888895
9 0.4978902046875 0.5533223701388889 0.010990954687499999 0.033749998611111165
8 0.33052794921875 0.5977302680555556 0.011990131250000036 0.019539474999999973
8 0.5703305832031249 0.5977302673611111 0.01199013203124999 0.023092104166666627
8 0.75118173515625 0.5346710555555556 0.02797697343749994 0.0675
0 0.41945475976562496 0.6376973708333333 0.03397203984374997 0.05684210277777779
0 0.5073823917968749 0.6368092138888889 0.03397203984374991 0.05151315833333325
0 0.5428531980468749 0.6425573354166667 0.03497121796874991 0.06300940138888877
0 0.45492556601562495 0.63592105625 0.050958060156249985 0.07815789583333332
0 0.7924007007812499 0.7043092145833334 0.2902668812500001 0.32861842083333326
4 0.172876177734375 0.6167884 0.22937426953125 0.23173468888888893
8 0.604648627734375 0.5557027451388888 0.017138658593750078 0.016406240277777817
8 0.836679718359375 0.39164035694444443 0.02768552890624998 0.04453121944444449
8 0.825473671484375 0.4361715756944444 0.021093735156249904 0.044531218055555544
8 0.848544944140625 0.44203094652777775 0.025048810156249934 0.0515624652777778
