8 0.120782512890625 0.3114567798611111 0.03587599453125 0.04677166527777782
8 0.111813516015625 0.3550394680555556 0.022721464843749983 0.02763780277777783
8 0.1124114484375 0.3805512861111111 0.019133865624999996 0.02763780277777772
8 0.29298728554687503 0.37629931666666666 0.023917328906250035 0.036141741666666616
8 0.43110986328125 0.3125197722222222 0.04424705937499995 0.023385833333333328
8 0.44007886210937497 0.4156300361111111 0.014350397656250014 0.025511816666666687
8 0.395831803125 0.37948829444444443 0.021525596875000053 0.012755908333333288
8 0.746220679296875 0.3486615138888889 0.013154532031250055 0.006377955555555537
8 0.74263308046875 0.37948829375000004 0.022721465625000103 0.029763787499999916
8 0.901683320703125 0.31251977361111116 0.034680127343750144 0.019133866666666666
8 0.9094564527343749 0.24342526597222225 0.014350397656250125 0.021259848611111104
9 0.908260586328125 0.3816142777777778 0.00956693203124992 0.025511816666666576
9 0.34261574453125 0.36673238541666664 0.0071751984374999744 0.021259848611111132
8 0.343213678515625 0.24236227152777778 0.01076279765624999 0.04464568194444443
9 0.48611972109375 0.2955118944444444 0.01315453124999999 0.040393713888888905
9 0.6445720292968751 0.3146457555555555 0.021525596093750043 0.04464568055555557
9 0.4962845859375 0.29657488541666666 0.009566931249999966 0.04677166527777776
9 0.5106349839843751 0.4050001118055555 0.00956693203125003 0.021259848611111132
8 0.4891093875 0.4039371201388889 0.019133864062500006 0.010629923611111147
0 0.4030070015625 0.4432678395833334 0.03826772656249999 0.029763787500000027
0 0.43051193046875 0.44220484722222225 0.031092528124999907 0.023385833333333328
0 0.370718606640625 0.4592127263888889 0.06457678984375004 0.05314962222222219
0 0.18416343593749998 0.45283477222222224 0.1889469015625 0.13818901666666666
0 0.08817567567567566 0.4513513513513514 0.17635135135135133 0.19639639639639644
0 0.045442926171874995 0.4719686340277778 0.09088585234374999 0.17645674027777775
9 0.26667822343750003 0.38480325625 0.009566931250000021 0.019133862499999932
0 0.29657488515624997 0.4453938243055556 0.02391732968749999 0.02551181805555558
0 0.275647221875 0.44433083194444445 0.01793799687500003 0.027637802777777776
0 0.253523691796875 0.44007886250000006 0.02870079453124999 0.03188977222222228
0 0.94174484765625 0.4953544680555556 0.11241144843749984 0.07440946944444443
0 0.4932949203125 0.44433083194444445 0.017937996874999973 0.027637802777777776
0 0.5465109781249999 0.46027571875 0.014350396874999949 0.021259848611111076
0 0.61168570078125 0.4666536729166667 0.03228839374999992 0.0382677291666666
0 0.640386496484375 0.4709056423611111 0.025113196093750068 0.03826772638888881
0 0.6654996921875 0.4762206027777778 0.025113195312500003 0.04464568055555551
0 0.527975048046875 0.46027571805555556 0.027504928906249893 0.03401575833333326
0 0.571624174609375 0.4719686340277778 0.05022639296875009 0.06590552916666659
0 0.6906128890625 0.47940958125 0.049030526562499954 0.03826772638888881
