0 0.116489537890625 0.24348533680555556 0.11795174921875 0.1161104430555556
0 0.237365710546875 0.24324324324324323 0.10235482421874997 0.11171171171171174
0 0.5790358605468751 0.23828636180555557 0.031193850781250032 0.03639282638888888
0 0.5179054054054053 0.20308497240990991 0.040540540540540515 0.09986363851351354
0 0.30462745156250004 0.23048789930555558 0.043866353125000035 0.05545573472222223
0 0.332409475390625 0.22528892430555558 0.023395388281249985 0.038125818055555566
0 0.18082685507812502 0.23395388333333333 0.02437019609374999 0.06585368611111109
0 0.5488168171875001 0.23308738680555555 0.013647309374999916 0.032926843055555544
0 0.4931230499049831 0.23270511709834835 0.02118633262246622 0.039094270307807794
9 0.5142111386718751 0.10917847847222223 0.010722886718749991 0.02772786805555555
9 0.5536908566406249 0.11351095763888888 0.011697694531250025 0.025994876388888907
9 0.6336251 0.1351733548611111 0.007798462500000047 0.02426188472222221
9 0.46303372656249997 0.15510275972222223 0.007798462500000047 0.02252889166666666
9 0.49812680937500003 0.15336976805555558 0.009748078125000004 0.02252889166666669
9 0.55222864453125 0.16723370138888888 0.012672501562499994 0.022528891666666634
9 0.5332198917968749 0.16636720555555556 0.009748078906249957 0.01732991666666664
9 0.45182343671875 0.17936464375 0.004874039062500002 0.022528893055555582
9 0.42647843281250003 0.18109763541666668 0.006823654687500014 0.019062909722222243
9 0.4035704484375 0.1758986597222222 0.007798462500000047 0.012130941666666673
9 0.04142933359375 0.15770224652777776 0.0068236546875 0.031193848611111102
7 0.7447531941406249 0.23741986666666667 0.017546541406250005 0.07278565277777777
2 0.7038112644531249 0.23482037847222223 0.017546541406250005 0.05372274305555563
3 0.7462154058593751 0.2651477340277778 0.01657173359374997 0.045057784722222244
2 0.806653492578125 0.24521832916666664 0.018521349218749927 0.06065471111111109
2 0.828099265234375 0.24868431319444445 0.010722886718750213 0.046790776388888955
2 0.7778966609375 0.24348533819444443 0.007798462499999936 0.05372274583333331
9 0.50446306015625 0.16636720555555556 0.010722885937500093 0.02079589999999998
