9 0.441172177734375 0.39117160625 0.006591791406250047 0.030468729166666653
9 0.379209330078125 0.39140598055555553 0.00659179296875001 0.028124980555555512
9 0.385141943359375 0.44179657083333335 0.005273433593749988 0.02109373333333331
9 0.446445611328125 0.43945282291666665 0.006591791406249992 0.021093734722222146
9 0.40228060273437505 0.4464840680555555 0.002636716406250017 0.02109373611111115
9 0.42139680117187506 0.45468718750000003 0.003955075781250039 0.018749986111111172
0 0.39437045195312503 0.46874967847222215 0.01582030234374998 0.028124981944444405
0 0.37855015078125 0.4664059291666667 0.013183584375000057 0.018749986111111117
0 0.365366566015625 0.473437175 0.013183585156249955 0.01874998888888879
0 0.35350133984375 0.4722652986111111 0.015820301562500028 0.03984372222222221
0 0.34031775468750003 0.4687496784722222 0.021093735937500024 0.04687496805555558
0 0.31724648242187503 0.48164029305555556 0.03295896171875001 0.03984372500000005
0 0.284287520703125 0.48749966527777777 0.04350583046875006 0.060937458333333305
0 0.22166549375 0.5030487965916619 0.08964837656249999 0.10312492916666666
0 0.0911480046875 0.5073545246545523 0.18193346875 0.20845960486466025
0 0.43721710273437503 0.47109342569444446 0.02768552734374996 0.037499976388888856
0 0.46292509335937504 0.47578092222222224 0.021093736718750034 0.03281247500000001
0 0.484018829296875 0.47578092222222224 0.021093735156249904 0.03281247500000001
0 0.510385998046875 0.47343717291666665 0.026367169531250012 0.04218747083333335
0 0.5314797328125 0.48749966527777777 0.02636717031250002 0.056249961111111135
0 0.5980568363281249 0.5119250425894378 0.07778315078124998 0.08347529812606475
0 0.563120336328125 0.4886715395833333 0.05800777265625001 0.06796870416666673
0 0.7114356640624999 0.5317522653298316 0.17270495937499997 0.14944265843744087
9 0.913144509765625 0.33867164236111114 0.02768552734374996 0.049218715277777825
8 0.9526952640624999 0.2660154409722222 0.04614254687500008 0.03515622638888888
8 0.94214839609375 0.2226560965277778 0.061962848437499995 0.042187470833333324
8 0.969174744921875 0.1863279965277778 0.055371055468749986 0.044531218055555544
8 0.9269872734375 0.15937489097222224 0.04218747031250014 0.04687496805555555
8 0.40623567851562503 0.39257785486111113 0.015820302343750037 0.030468729166666653
9 0.9679841910156249 0.32840193194444445 0.040941928906250036 0.06412069444444446
