3 0.28181689609375 0.5865872083333332 0.13006933750000002 0.1394207305555556
3 0.17135359765625 0.6186086361111112 0.15206635937500002 0.14112098333333334
7 0.27607854296875 0.5165934715277778 0.06886023906250005 0.20573058749999995
7 0.177091951953125 0.5188604701388889 0.07746776953125001 0.1683250263888889
8 0.31959438671874996 0.39134150833333337 0.02390980468749998 0.07651137499999999
8 0.6683587429687501 0.35223569652777775 0.021997021874999967 0.04590682361111115
9 0.58834059296875 0.18532755208333335 0.01625866718749991 0.08501264027777777
9 0.5677781609375 0.18787793263888888 0.017215059375000008 0.08331238749999997
0 0.078742955078125 0.4981740666666667 0.15748591015625 0.19382881944444452
9 0.1512693609375 0.2907432263888889 0.014345882812499988 0.0714106166666667
0 0.482499858984375 0.5049750736111112 0.025822588281249947 0.03230480277777781
0 0.41077044531249995 0.49477355833333336 0.027735373437499933 0.018702780555555576
0 0.79606660078125 0.5270304601220898 0.1609336781249998 0.10005751308915395
0 0.98460575859375 0.5151765951388889 0.030604549999999953 0.07651137916666667
2 0.45559015468749997 0.5266622958333333 0.01998356250000005 0.08601112222222224
