9 0.28043899882812495 0.3446052652777778 0.004680280468749964 0.023092105555555575
9 0.23155941835937502 0.38101973958333335 0.004995888281250027 0.0177631597222222
0 0.31648951718749996 0.4147697402777778 0.010990954687499999 0.02131579166666664
0 0.300003084765625 0.41921052847222223 0.00999177578124999 0.02664473749999996
0 0.28901213124999997 0.4227631597222222 0.02198190781249998 0.026644736111111123
0 0.24155119375 0.4218750027777778 0.02298108593749995 0.03197368611111112
0 0.428897001171875 0.42898026666666667 0.03397204140625004 0.060394736111111014
0 0.26752271049031096 0.43697368819444443 0.03895372723062179 0.047960526388888924
0 0.16308072065255005 0.4680592138888889 0.1239680852573999 0.14921052777777788
0 0.37024414847276943 0.4920394770833333 0.1324887047580388 0.17940789583333333
4 0.3461799424237383 0.3794461982349044 0.04553279796502341 0.07064708130796893
0 0.5912633675781249 0.4511842125 0.16486431015625003 0.17585526388888895
0 0.68768400859375 0.42365131805555556 0.04596217187500007 0.06039473611111118
0 0.936529186328125 0.6294718909710393 0.12689555859375012 0.24701873935264052
0 0.7811570640625001 0.4192105291666667 0.11390624999999999 0.07815789722222233
0 0.7695283285156249 0.41498488541666667 0.09360561328125006 0.06032361805555564
