0 0.3939626350504418 0.47310393958333335 0.031856275211616214 0.04478670138888896
0 0.3414305859268526 0.47523664027777773 0.04062690310370526 0.06184829999999997
0 0.23908645655877342 0.48163473888888886 0.044080068143100476 0.06184830000000002
0 0.294724971875 0.4816347402777778 0.07197862500000002 0.09597149999999999
0 0.199953116015625 0.48270108888888885 0.03119073828124999 0.042653999999999914
0 0.42428649765624993 0.4859001402777777 0.02399287499999997 0.023459700000000028
0 0.44288097578125 0.48376744027777774 0.02279323124999999 0.03199049999999998
0 0.46627402890625 0.4720375888888889 0.03598931249999998 0.0639809999999999
0 0.483668862890625 0.48376744027777774 0.04198753203125005 0.07464449999999995
0 0.5388524757812501 0.49976268958333336 0.08997328124999993 0.1194312013888888
0 0.834564661328125 0.6429334345767083 0.32870238828125 0.4143034885978611
