8 0.152030870703125 0.10533876874999999 0.07328667578125 0.14691986527777776
9 0.15748838867187498 0.33472779722222223 0.015592908593749982 0.04851127500000002
8 0.540684147265625 0.038809020138888886 0.06471057578125006 0.07761804027777777
9 0.6584106167968751 0.03950203680555556 0.03352475703125002 0.07345992916666666
8 0.40112760390625 0.38116001597222227 0.017931845312499972 0.03049279861111115
8 0.44790633398437496 0.4629361659722222 0.010135391406249972 0.01663243749999993
0 0.44654195468749996 0.5745120979166667 0.010135390625000018 0.055441456944444356
0 0.43640656289062507 0.5800562451388889 0.016372555468749994 0.07207389305555556
0 0.42977957578125003 0.5869864263888889 0.014033618750000032 0.08316218611111115
0 0.417305247265625 0.5849073715277777 0.01715219921874994 0.11781309583333333
0 0.5295741992187499 0.5661958791666667 0.010135390625000018 0.022176580555555603
0 0.557251614453125 0.578670207638889 0.01403362109375006 0.03049280138888888
0 0.739688658984375 0.6174792277777779 0.06549022265625004 0.10811084166666662
0 0.775162528125 0.6278745006944444 0.0132539734374999 0.06514371527777774
0 0.8016704742187499 0.6327256284722222 0.05379553749999999 0.07761804027777774
0 0.864042114453125 0.6490841120906682 0.08809994140624988 0.10907112026310806
0 0.950972584765625 0.6662056384476149 0.09667603828125015 0.16034994810477
0 0.501896784375 0.5710470069444444 0.042880503125000025 0.06791578333333326
0 0.666791805078125 0.6216373388888888 0.09433710390624994 0.1191991361111111
1 0.61455555703125 0.5495634416666666 0.09745568593749998 0.1635522972222222
4 0.49254103867187493 0.5474843881944444 0.03430440234374993 0.08454822083333347
9 0.51865916171875 0.49065689375 0.007016809375000044 0.012474326388888846
9 0.47343972265625 0.4837267145833334 0.008576098437500013 0.012474331944444417
2 0.46193995078125005 0.6528231541666667 0.08965922812499999 0.27997935277777786
8 0.12691336874999998 0.19707423055555556 0.023160232812499987 0.04865987777777778
0 0.36448118046875 0.58603066439523 0.11509932343749996 0.17717206132879043
