2 0.20146065898437499 0.36029799930555556 0.025144867968750012 0.09476820694444443
2 0.177824483984375 0.3692383965277778 0.018104302343750017 0.08761589027777783
2 0.2386750609375 0.35672184097222226 0.019110096874999982 0.07688741527777782
2 0.59774375703125 0.37192051527777775 0.015086918750000122 0.06079469999999998
2 0.086297169921875 0.3620860791666667 0.016092714843749995 0.07331125555555557
2 0.28745610312500003 0.3549337631944445 0.012069535937499987 0.04470198749999993
2 0.65255956640625 0.37281455555555554 0.008046357812500071 0.0339735083333334
2 0.6178596496093749 0.36834435624999995 0.0050289742187500375 0.025033109722222224
2 0.627917597265625 0.35940395833333333 0.00905215234375012 0.021456952777777816
2 0.335231348828125 0.3486754840277778 0.007040563281250023 0.03576158749999997
9 0.31310386718750005 0.13857615277777777 0.011063740624999985 0.06615893611111111
9 0.405636976171875 0.23423840208333335 0.011063741406249994 0.05721854027777776
9 0.5006845714843751 0.12337747916666666 0.010057946093750048 0.04649006388888889
9 0.709889861328125 0.13589403402777778 0.012069535156249978 0.0607946986111111
9 0.14312456796875 0.2637417111111111 0.015086918750000011 0.026821188888888847
9 0.262311235546875 0.2431788 0.012069535156249978 0.050066224999999964
9 0.810469328515625 0.3173840944444445 0.014081125781250203 0.023245030555555546
9 0.14111297890625002 0.19132449513888888 0.015086918749999984 0.04291390694444441
9 0.397087721484375 0.2780463472222222 0.012069535156250033 0.026821191666666633
9 0.41167174453125 0.2780463472222222 0.011063740624999985 0.026821191666666633
9 0.69681453125 0.13589403402777778 0.010057946875000057 0.057218540277777785
9 0.71944491171875 0.13589403611111112 0.01106374062500004 0.05006622500000002
9 0.25627646718749997 0.28609270347222227 0.012069535937499987 0.02503311250000001
8 0.321653120703125 0.2887748222222222 0.01810430234374999 0.033973508333333347
8 0.694802942578125 0.3155960152777778 0.01609271328125006 0.03397350555555556
8 0.694300044921875 0.33973508750000003 0.011063741406250105 0.014304636111111046
8 0.7652085679687499 0.1832781375 0.05632450156249991 0.02682119166666666
8 0.28695320546875003 0.16629138402777777 0.027156456250000016 0.032185429166666696
8 0.801920074609375 0.1716556236111111 0.027156457031249914 0.04649006666666666
8 0.79085633203125 0.22708608472222225 0.01106374062499993 0.014304636111111074
8 0.813989608984375 0.23870860138888889 0.031179635156250107 0.019668872222222217
8 0.4473774546875 0.2968211819444444 0.014081125000000028 0.0107284777777778
0 0.522812054296875 0.3602979986111111 0.022127483593750052 0.03754966666666665
0 0.43379922656250003 0.3600631726410184 0.037214404687500036 0.05232396027351882
4 0.577124966015625 0.34599336597222224 0.0482781445312499 0.09119204861111108
4 0.52029756875 0.34062912777777776 0.03117963437499993 0.06973509722222215
0 0.457435401171875 0.35314568194444446 0.010057946093749937 0.026821191666666633
0 0.469002040234375 0.34599336458333335 0.01106374140625005 0.02682119027777774
0 0.48107157578125 0.34778144375 0.01106374062499993 0.016092715277777725
3 0.69631163359375 0.3924834291666667 0.03117963437499993 0.033973505555555616
9 0.5213033625 0.29503310069444444 0.005028973437499973 0.017880793055555566
8 0.08418749375 0.17132689027777775 0.008397506249999992 0.03412319999999999
