0 0.3140585857797513 0.5443167891293004 0.02347220124700261 0.03342078840806595
0 0.33903009553838476 0.5343937842253352 0.029525143455294778 0.044344276760442725
0 0.23999714960937502 0.5617069416666667 0.03441276328124998 0.042145013888888805
0 0.20846708275929643 0.5709995841463285 0.05241380458109288 0.05801125995932366
0 0.1612654944712374 0.5798262477519518 0.07716686574502517 0.06750748994834788
0 0.05286905159617743 0.6308019032632856 0.10573810319235485 0.18224137680676233
0 0.4320713484375 0.6840634319444444 0.2431835203125 0.3983383444444444
8 0.048421197265625 0.43636232291666666 0.022177113281249994 0.05845920972222218
8 0.0461270125 0.49185530833333335 0.0221771125 0.05574017777777773
9 0.27700751640625 0.4953544673611111 0.017937996874999973 0.02551181805555558
