8 0.28138079992651477 0.33630793631644595 0.021329156845741604 0.026251269963989743
8 0.509035771875 0.3410444375 0.01911820156249988 0.013595166666666658
8 0.5105652289062499 0.3942597958333333 0.006882553124999968 0.013595166666666603
9 0.489535206640625 0.32900300069444444 0.006117824218750012 0.02990936249999998
0 0.40719594695169414 0.4354514033460052 0.009897982965888452 0.016861490530211742
0 0.397658585546875 0.4343655340277778 0.006117822656250049 0.016314198611111108
0 0.392305490625 0.43436553125 0.009176735937499958 0.01903322916666672
0 0.46113101406249996 0.43368577499999994 0.015294560937500035 0.0258308166666667
0 0.47757266718749997 0.4350452902777778 0.022177114062500003 0.0339879111111111
0 0.48265511562840857 0.4441039580986508 0.019659496868182857 0.04394814675285713
0 0.49554377578125003 0.44864045694444443 0.019882928125000032 0.06933534444444445
0 0.5539135051745384 0.43206186933197294 0.011206985349076826 0.01442590533061261
0 0.5223092597656249 0.4554380375 0.06423715703124999 0.09108760555555556
0 0.6363783307677089 0.4633307519708618 0.018869018152082306 0.048111859947165214
0 0.6833836071549794 0.4524553838884675 0.03537568149745862 0.03617969833249052
0 0.590934042578125 0.4720241416666667 0.09023791171874995 0.1577039166666666
0 0.7385265554687499 0.48561930555555555 0.10247355937500002 0.09244712500000002
0 0.144603121484375 0.4989618784722223 0.21718276640625006 0.22839878194444446
8 0.222605383203125 0.3432972340277778 0.016824016406250003 0.02854984583333331
4 0.269966925 0.4215032291666667 0.05888405937499999 0.09516615555555558
4 0.4350201613125807 0.41674724602690605 0.04378160050858532 0.10195910239063227
0 0.9325458207536137 0.5311792556688726 0.13374617255527244 0.1558214108844771
8 0.986418530078125 0.26649179444444443 0.026000753906249896 0.04078549444444443
8 0.9871832578124999 0.31135583958333335 0.01988292968750016 0.043504529166666694
0 0.021930155078125 0.45453168958333334 0.04386031015625 0.16858005138888887
0 0.3838303357250591 0.4374134880057654 0.014658005183171952 0.02010240710835004
0 0.3714554699904544 0.43839620839862814 0.015094480229294105 0.020417654416436448
