8 0.5142485234375 0.2754435847222222 0.042002371875000055 0.03701613611111115
8 0.40603346328125 0.12520162916666666 0.14085183281250002 0.06750000833333335
9 0.278042016015625 0.07620968611111112 0.019596775781249964 0.043548391666666665
9 0.251708846875 0.06205645972222222 0.02817036718749999 0.05443549166666666
0 0.24327404874887368 0.4840224706074543 0.013750367810247355 0.02921325322953583
0 0.22480134184638015 0.48778522314764405 0.02824649150526032 0.03928000185084374
1 0.1958600765364723 0.47281782339391976 0.027186442239555325 0.04291286987882725
0 0.15183312477892544 0.49108953778215897 0.017037894870350845 0.028143635546793333
0 0.14025218085937502 0.49010111850674565 0.01347278359375001 0.030847273124602392
0 0.12257049309261968 0.4917246363758947 0.028170365625 0.042803989418456145
0 0.08329904609375 0.5062500652777778 0.06613912187500001 0.0718548472222223
0 0.032070414442820175 0.5635461242130126 0.06414082888564035 0.16902761231491426
0 0.17566299716788888 0.508155574044926 0.05489925527327777 0.066956184200963
0 0.387661486328125 0.5519758777777778 0.3123236289062501 0.2504032583333333
2 0.93453403671875 0.5933468493055556 0.053891135937500056 0.2591129375000001
2 0.75938784453125 0.49427425625 0.022046373437500044 0.06096775138888888
2 0.6381327886718751 0.48338715763888895 0.012247985156249919 0.043548393055555634
2 0.622822805078125 0.48991941875 0.008573588281249989 0.026129034722222222
2 0.605063226171875 0.48991941875 0.009798389843749922 0.030483873611111212
2 0.5909780441406249 0.4844758701388889 0.013472783593750037 0.05443549027777783
2 0.559133280859375 0.48229845 0.028170366406250036 0.05443548888888883
0 0.97191470703125 0.5465323284722222 0.05516456562499994 0.16112905416666656
0 0.6203732078124999 0.7508608074017331 0.5229889781249999 0.4982783851965338
9 0.53411645 0.3953903458333333 0.02900388593750003 0.044531219444444436
