8 0.028446229474607357 0.4701246740341425 0.045431812925785284 0.11253602415393721
8 0.21834552421874998 0.4404510222222222 0.032228123437500006 0.028647222222222157
8 0.21884908984375 0.47446959652777776 0.0473350578125 0.021485415277777864
8 0.4650947232520211 0.5102514523215176 0.022162090254042144 0.042691071309701734
8 0.46400283082198673 0.4556698590277778 0.026021075706473495 0.044761284722222294
0 0.7077998664040726 0.4892176925036391 0.011813071483795401 0.017055542770499532
0 0.7044214223567109 0.49892389091190337 0.011350860338421698 0.011966754287304315
0 0.7069681768059142 0.5149168539324791 0.02786929951317163 0.022951664357264034
0 0.6856606275821172 0.5252871459558557 0.016099443273265512 0.030858294199399783
0 0.6790410439939938 0.5323682194510543 0.019267319824512352 0.031019763875669293
0 0.6706950577524168 0.5411277571718459 0.018425668629833636 0.036631947677025156
0 0.6614822234375 0.545192425 0.02417109218749991 0.037599477777777834
0 0.6472556288740631 0.5550497962694435 0.02554680903352824 0.042438415006516905
0 0.6433255084408886 0.5656901622344843 0.020199369055722838 0.05031754219769813
0 0.610401215842088 0.5706850017981603 0.05737562028841581 0.07966509483679474
0 0.5666366003666174 0.6097730156199521 0.07287122576776894 0.09381123317230033
0 0.7756199369278249 0.4954439056401273 0.019478271456850105 0.022507630386412014
0 0.7896175637342482 0.5152781985018084 0.02975391784400383 0.01716095533695028
0 0.8222913860858415 0.5181546395509622 0.026848260640816912 0.030075642990813334
0 0.8347083878906251 0.5237070076388889 0.024171092968749974 0.03759947638888894
0 0.854850965234375 0.5344497145833333 0.03222812265624997 0.04118038194444451
0 0.8836167426275061 0.5377981677523784 0.04318133036998795 0.05145818828253468
0 0.9139408409491658 0.5488665992252311 0.0517092475233315 0.05351601543842688
0 0.9679288871081166 0.5683348015283256 0.06414222578376683 0.07672243083442887
0 0.9916296699218751 0.5994893254436442 0.016740660156249865 0.059084894444444536
0 0.7025496124112747 0.5323174187142359 0.01509448022929405 0.01691748508790447
0 0.7913117189770149 0.5261921223893049 0.03379851007863677 0.018667569752170432
