0 0.016730486328125 0.5349287406867149 0.03346097265625 0.19613111029323688
0 0.12991831132812498 0.40978020555555555 0.21975851171874997 0.21651065833333327
0 0.139787483203125 0.3451939951388889 0.24353332734375 0.1696857263888889
0 0.294539927734375 0.3358363263888889 0.028073005468750023 0.04366911666666662
0 0.44532818437349425 0.3875563873467502 0.17537489040317877 0.31204037252872185
0 0.279326410546875 0.3287660909722222 0.009825552343750044 0.016219956944444447
0 0.2639153258154122 0.32662538353910253 0.015498292255824442 0.031901567078205184
0 0.31090854140625 0.3231514916666667 0.007018251562499966 0.01746765
0 0.31774270479348654 0.33110991209138835 0.012264676774473071 0.02151382859500106
0 0.3279768795628678 0.3376885678712668 0.017292873188235525 0.040796436479688836
0 0.35301804999999997 0.3474814298611111 0.04632045937500001 0.06612752638888891
9 0.338630634375 0.28322543819444446 0.004912776562499999 0.012476890277777763
9 0.29617021328125004 0.2844731277777778 0.007018251562499966 0.009981511111111119
9 0.335121509375 0.2919592597222222 0.004912776562499999 0.009981511111111119
9 0.3133649296875 0.2932069520833333 0.004912776562499999 0.009981512500000012
2 0.5394696128906249 0.3183686895833333 0.009825552343749933 0.07361366250000001
2 0.567542618359375 0.31025870902777775 0.012632852343750112 0.06238445972222223
2 0.702760922265625 0.30298051944444443 0.02479780703125012 0.12268942777777778
2 0.803004956640625 0.3127540902777778 0.04281133515625013 0.1896487555555556
4 0.20111094726965642 0.24948466175262685 0.05271296953931287 0.024847445727475964
2 0.7155107390625 0.3106746 0.0217565796875 0.09981513333333336
9 0.947639408984375 0.08920977569444444 0.03438943203124989 0.07985210694444445
