8 0.9709716503906249 0.13550257569444446 0.03155299296875003 0.048614979166666655
8 0.9788439954873722 0.20919456627599195 0.04012575300602961 0.04543159285828041
8 0.97097164921875 0.35894450972222225 0.056795387500000016 0.1551939805555556
0 0.77902427421875 0.7160807298068552 0.10202134218750003 0.04299938760851163
8 0.5690545122820305 0.5236010725112842 0.01233647456406095 0.03201381446701279
8 0.5693454795121395 0.5492553214565568 0.0186345862882209 0.012863122282354866
2 0.24206660319383744 0.6852842583333333 0.010838312637674846 0.061703627777777825
8 0.5155298227225074 0.673706029538341 0.007235506283824744 0.016078902852943666
0 0.18037794335937501 0.6850972958333333 0.05784715546875002 0.04861498333333336
0 0.38705004609375004 0.6916416222222223 0.01682826249999997 0.0205678777777778
0 0.40703360703125 0.6888369111111111 0.006310596874999963 0.014958455555555528
0 0.41441362240605767 0.691714400733638 0.008320832226398345 0.010933653940001675
0 0.43017247031250005 0.7056651729166666 0.008414132812499975 0.026177298611111066
0 0.436483069140625 0.7075349826388888 0.01051766640624996 0.033656523611111044
0 0.4512416160916911 0.7074967927166552 0.03162062905838209 0.04121212567780064
0 0.39788324023437505 0.6888369111111111 0.007362364843750024 0.014958455555555528
0 0.843411524609375 0.7240964585077276 0.04101888984375002 0.040173441317878034
8 0.35567235273437503 0.6650280256944445 0.00946589765625 0.011218845833333435
8 0.528443226875667 0.5979602377734452 0.013244925626334059 0.011226913341998435
