8 0.574145112890625 0.4844528027777778 0.038232396093750065 0.04921871666666666
8 0.6690669234375 0.5167965222222222 0.0382323953125 0.03984372222222221
8 0.669726102734375 0.5578121152777777 0.01054686796875004 0.028124980555555457
8 0.6624751296875 0.3808591138888889 0.014501943750000024 0.030468730555555545
8 0.788246519921875 0.46523405486111113 0.01450194296875007 0.02578122916666664
8 0.946449536328125 0.4792965486111111 0.017138660156249985 0.03984372222222221
0 0.926674159375 0.48164029305555556 0.011865228125000016 0.021093736111111094
0 0.9892961859375 0.48984341111111107 0.010546867187499975 0.014062488888888891
8 0.58403280234375 0.08730462847222221 0.332226334375 0.17343738194444444
8 0.398144257421875 0.57011679375 0.010546867968749984 0.014062490277777728
0 0.572826755078125 0.6404292465277778 0.04350582890624999 0.08906243749999998
0 0.44033172929687503 0.6556636124999999 0.08701165859375004 0.1242186638888888
