0 0.11667472617187499 0.6726557847222222 0.011865224218749984 0.018749988888888902
0 0.12853994960937498 0.6738276611111111 0.014501941406250024 0.01640623611111114
0 0.1456786109375 0.6749995368055555 0.00922850781249998 0.01874998750000001
0 0.13710928125 0.6703120430555556 0.007910149999999977 0.01874998333333333
0 0.23400862890625002 0.6621089194444445 0.011865225000000007 0.02109373888888888
0 0.23334944765625 0.6749995347222222 0.007910153125000013 0.02343748888888897
0 0.24257795664062498 0.6621089194444445 0.00527343359374996 0.02109373888888888
0 0.24916975078124998 0.6667964125 0.01318358750000001 0.030468724999999974
0 0.21686058305931322 0.672640079015272 0.03294019111862645 0.05153104969721056
0 0.478300452734375 0.624608945138889 0.06855463828124997 0.06328121250000007
0 0.76306590625 0.5203121416666667 0.1265624125 0.06562495555555559
0 0.08153242305652175 0.6770528867713679 0.0154086992380435 0.013481695764957835
0 0.058929688262880794 0.6738785376898975 0.029796771911738407 0.024005213702192885
0 0.019775377734375 0.679687025 0.03164060390625 0.03281246944444449
0 0.0039550765625 0.6766401520833334 0.007910153125 0.025781231944444483
0 0.1775045970800844 0.6907429609939042 0.06216884140625001 0.07687495
0 0.2886340896106916 0.7069630626763672 0.0925242526588832 0.12357282186948781
8 0.20566391914062498 0.6046870881944444 0.042187469531249994 0.03749997083333334
8 0.245214673046875 0.6011738161465012 0.03164060390625001 0.035151512151441744
8 0.28532161171875003 0.6035152145833333 0.0512099875 0.03515622361111104
8 0.417514126973071 0.5887495902777778 0.020282722696141953 0.03749996944444445
