9 0.5357727359375 0.40518491805555557 0.006237167187500003 0.026796722222222236
9 0.5887886671875 0.4208933423611111 0.0041581125000000885 0.017556473611111123
9 0.58333114375 0.41211510486111114 0.004677876562499961 0.022176598611111098
9 0.5287559234375 0.4019508298611111 0.004677876562499961 0.022176595833333368
8 0.5148392410156251 0.4453800013888889 0.005483510156250038 0.01386037499999998
8 0.580966216796875 0.4255134666666667 0.010915044531250029 0.00739219999999996
8 0.579406925390625 0.43475371458333334 0.009875516406250062 0.009240248611111057
9 0.466107658984375 0.39884875902777783 0.004158111718750079 0.013860373611111088
9 0.4608728875 0.4016208333333333 0.0036383468750000314 0.017556472222222175
9 0.5958630359375 0.4496701263888889 0.006756931249999987 0.012012322222222205
9 0.5963828003906251 0.46122043888888886 0.006756932031250051 0.007392200000000015
8 0.59073964609375 0.44287193888888887 0.007796460937499972 0.005544147222222295
8 0.2963675796875 0.4800309423611111 0.00727669531249997 0.019404523611111113
0 0.509210947265625 0.47263874027777775 0.005717403906249974 0.012012322222222205
0 0.5115498839843751 0.4814169784722222 0.0051976398437499904 0.018480495833333388
0 0.523244575390625 0.47633484375 0.023389380468750054 0.010164273611111108
0 0.524284102734375 0.5031315638888889 0.02858701953124987 0.04897331944444444
0 0.532080562109375 0.5193020013888889 0.040021828906249945 0.06468174444444441
0 0.49599408945312495 0.5142198631944445 0.03794277265624996 0.09887066527777782
0 0.432063117578125 0.5627971777777777 0.11902595703124996 0.23377829722222215
1 0.6151926800781249 0.4929672833333333 0.03950206484374996 0.032340872222222206
0 0.60178277421875 0.51745394375 0.03846253593750004 0.09055444027777776
0 0.654019058203125 0.5400925534722223 0.06393097265625003 0.07669406805555556
0 0.81968001953125 0.653307261111111 0.3591569296875001 0.47587282499999994
0 0.330062326953125 0.6708458786980627 0.27079704765625 0.40515696482609687
0 0.5725777890625 0.5285306104166667 0.0701681406250001 0.1172845847222222
