9 0.40887239570312506 0.4179363321257824 0.031640603906250064 0.01931073925156479
9 0.5683937703124999 0.4179363321257824 0.03427732031249997 0.01931073925156479
9 0.77801276640625 0.5840620916666667 0.018457017187499924 0.028124980555555457
9 0.7853185255030142 0.1687231454787251 0.022521668193528188 0.10213396317967242
9 0.76944343671875 0.15398426180555558 0.03032224531250005 0.09140618750000003
9 0.89007323671875 0.30515603125 0.02900388593750014 0.07499994861111109
9 0.625083184375 0.5723433506944444 0.010546867187500086 0.032812476388888845
9 0.6652931171875001 0.5957808326388889 0.006591792187499945 0.023437481944444505
9 0.7457129843749999 0.6309370590277779 0.011865226562499998 0.02343748472222218
9 0.634311694140625 0.5840620902777778 0.007910152343749921 0.0421874694444444
9 0.67452162734375 0.5946089590277778 0.006591792187499945 0.030468729166666764
8 0.24605512421875 0.5582808590277777 0.02768552812499997 0.01874998750000001
8 0.3567972359375 0.5840620916666667 0.011865226562499942 0.03281247777777785
8 0.5921242234374999 0.6074995756944445 0.02109373593749997 0.023437481944444505
8 0.7437354464843751 0.5805464680555555 0.021093735156250015 0.016406236111111028
8 0.9513769054687501 0.5547652354166667 0.022412093750000084 0.06328120694444439
8 0.031162694140625002 0.599296454861111 0.017138660156250003 0.01171874027777775
9 0.22957564296875 0.5969527076388889 0.018457018749999998 0.030468729166666764
2 0.7766944085937499 0.7059370076388889 0.018457018749999943 0.05156246527777775
2 0.76087410625 0.6989057624999999 0.018457017187500036 0.051562463888888854
2 0.857773454296875 0.717655751388889 0.03559567890624993 0.12187491666666672
0 0.29285685039062503 0.6989057638888889 0.01318358515625001 0.042187475000000085
0 0.34031775546875 0.6672651618055556 0.08437494218750002 0.1007811819444443
0 0.91841794375 0.7106245034722223 0.10942375312500008 0.09374993472222226
0 0.954672801953125 0.6965620131944444 0.021093736718749923 0.023437481944444505
0 0.242759228125 0.6930463923611111 0.10019524375 0.06796870416666656
0 0.147178239453125 0.6871870201388889 0.09887688515625 0.07031245138888886
0 0.043687100000000006 0.6953901388888889 0.06328120625 0.06328120555555561
0 0.9797216124999999 0.7129682534722221 0.02109373593749997 0.04218747361111108
0 0.451719045703125 0.7633588430555556 0.36518529609374994 0.47109342499999995
8 0.7013513319048812 0.5756252142932023 0.028610598184762526 0.04031124085803983
8 0.701547976171875 0.61687456875 0.021093736718750034 0.032812476388888845
8 0.022593363671875 0.5840620909722223 0.01845701796875 0.01406249027777784
6 0.49983913046875006 0.17742174583333334 0.9993157203125 0.15234364444444443
8 0.99158683984375 0.5301558770833333 0.015820303124999935 0.05624996249999992
8 0.7338477582031251 0.6084370805555556 0.022412094531249926 0.014062488888888947
