2 0.5231504371093749 0.7860289166666666 0.011154660156249996 0.04576270277777783
2 0.5433146281250001 0.7852662041666667 0.012012710937500004 0.05338981944444432
2 0.5669110195312501 0.7898424756944444 0.007722454687499991 0.06254236249999989
2 0.5617627171875 0.7875543388888889 0.007722456250000009 0.06101693611111103
2 0.5856655578125001 0.7867916277777778 0.014586860937500057 0.06254235833333333
2 0.603133018359375 0.7776390881944445 0.008580507031250018 0.059491512499999954
2 0.6335938171875 0.7860289152777777 0.011154657812499913 0.0640677833333334
2 0.612142551171875 0.7883170506944444 0.011154660156249996 0.06559320416666659
2 0.8922348125 0.8089102701388888 0.04547668749999989 0.17999996805555551
2 0.8420388472656251 0.8081475569444445 0.03603812890625002 0.15101692500000008
2 0.8158683015624999 0.8188255194444445 0.0214512671874999 0.12050844999999999
2 0.8234681796875001 0.7486560416666665 0.014586860937500057 0.05033897222222217
2 0.8110264437500001 0.7463679083333333 0.012012707812499968 0.03661016111111115
2 0.77541733984375 0.7623848527777778 0.019735164062499977 0.07474574999999994
2 0.7389501863281249 0.7822153576388888 0.015444910156250047 0.09610167916666668
2 0.724792351171875 0.7753509534722223 0.014586863281250029 0.07932201805555561
2 0.6969057019531251 0.7845034923611112 0.015444910156250047 0.06711862916666667
2 0.677476981640625 0.8041160756944444 0.011154660156249996 0.08542370972222213
2 0.664606221484375 0.798777092361111 0.011154661718750125 0.09305082916666663
2 0.6525935113281249 0.7995398041666666 0.012870761718749901 0.0945762527777777
2 0.28798324804687503 0.8264526368055556 0.017161013281250026 0.1052542152777779
2 0.076044728125 0.8340797548611111 0.012012707812499995 0.06864405416666663
9 0.1283858203125 0.5975301534722223 0.010296607812499997 0.0457627069444444
9 0.13782437812499998 0.5967674395833333 0.00858050624999998 0.0503389680555556
9 0.11723116171875 0.6028691354166666 0.012012709375 0.04423727916666664
9 0.45229995312500004 0.6082081159722222 0.009438556249999952 0.03355931527777778
9 0.46302558828124996 0.6089708291666667 0.010296609374999932 0.04118643333333338
9 0.39738471054687496 0.7310047034722222 0.004290255468750004 0.016779659722222173
9 0.405107166796875 0.7462589374999999 0.004290255468749893 0.013728811111111239
9 0.30128303359374997 0.7287165701388889 0.0042902531249999765 0.018305081944444468
9 0.29742180546874997 0.72947928125 0.005148304687499994 0.016779659722222284
9 0.0387195234375 0.7672880006944445 0.016302962500000004 0.02745762083333325
8 0.13739535351562498 0.739067670138889 0.011154660156249996 0.03203389583333327
8 0.560843365234375 0.6159442048611111 0.025741519531249923 0.032033893055555485
8 0.51365057890625 0.6205204743055556 0.01029660781250008 0.02288135416666659
8 0.563846541796875 0.67314758125 0.01973516484375004 0.012203387500000051
9 0.5788624300781251 0.7161863159722223 0.008580508593749925 0.0167796569444445
8 0.5659916703125 0.7055083506944444 0.013728810937500002 0.04728812361111101
0 0.31715697109374996 0.79594416875 0.02230931718750001 0.044237279166666754
0 0.290557399609375 0.8081475555555555 0.03775422890625002 0.04728812777777758
0 0.26739003203125 0.7959441687500001 0.010296609374999988 0.02288135416666659
0 0.25966757734375 0.7997577270833334 0.01029660781249997 0.024406773611110988
0 0.253232196484375 0.8020458631944445 0.011154661718749959 0.02593219861111118
0 0.247225841796875 0.8043339965277778 0.014586864843749964 0.027457620833333363
0 0.23735825859374998 0.80738484375 0.015444912499999991 0.024406773611110988
0 0.22277139570312499 0.8073848451388888 0.018877117968749996 0.027457623611111148
0 0.20303623046875002 0.8127238270833333 0.027457621874999977 0.04423728194444454
0 0.40467814101562494 0.7845034937500002 0.013728811718750011 0.018305081944444468
0 0.42355525625 0.7898424756944444 0.013728810937500002 0.03203389305555571
0 0.431277712890625 0.7936560326388888 0.01716101484374999 0.054915243055555396
4 0.39781373710937495 0.7738255291666667 0.01887711640624995 0.04271185555555568
4 0.357485355078125 0.77077468125 0.049766939843750024 0.1128813319444445
0 0.465170715234375 0.8134865381944445 0.07121820703125004 0.10983048749999991
0 0.173433482421875 0.8218763666666666 0.04547668671874999 0.05338981944444432
0 0.7613820828125 0.7707746819444444 0.051483040624999976 0.061016938888888816
2 0.985057896484375 0.7890797645833333 0.02862289453125 0.15559319027777785
