0 0.5793224464843749 0.62533075 0.02579011796874997 0.04330192499999996
0 0.55783068203125 0.639764720138889 0.04871466562499993 0.0738679902777778
0 0.537055308984375 0.6499534069444444 0.05587858828124992 0.07386799166666658
0 0.491206211328125 0.65504775 0.06734086328124989 0.11971708888888888
0 0.628753505078125 0.6609911590277777 0.12465223515625001 0.18594356527777767
0 0.8935832001689189 0.6800949493055556 0.13850927533783763 0.21905680138888894
0 0.4155405405405405 0.6718930092905405 0.11554054054054053 0.15170947691441428
0 0.7499999999999999 0.7601196747184684 0.27972972972972965 0.3536345244369369
4 0.6946615832031251 0.5667457909722222 0.07593756796875006 0.06367930138888878
8 0.06495288125 0.3680663708333334 0.040117960937499995 0.033113238888888896
8 0.065669273046875 0.39735884791666665 0.02722290234375 0.030566068055555506
8 0.098623312109375 0.40372677986111116 0.02149176484375001 0.053490612500000034
8 0.0893102140625 0.6024062013888889 0.0372523921875 0.04330192499999996
