9 0.855028410546875 0.1761245736111111 0.03513815234374995 0.05726217777777781
9 0.8135458675781251 0.1804626173611111 0.02049725703125016 0.062467829166666655
9 0.624678290234375 0.27416436180555553 0.011712717968749953 0.02429304583333336
9 0.09955810234375 0.2776347951388889 0.02342543593749999 0.04858608750000004
9 0.82721070625 0.08676087291666666 0.020497256249999984 0.09370174583333332
9 0.360166076171875 0.21082892222222221 0.01366483828124998 0.04338043888888887
8 0.08540523554687501 0.2203726173611111 0.034162094531250006 0.062467829166666655
8 0.61101345234375 0.23946001180555554 0.023425435937499905 0.013881740277777804
8 0.605645124609375 0.1500963125 0.016593017968750012 0.02602826111111109
9 0.5177997390625 0.1848006611111111 0.006832418750000069 0.039910002777777814
9 0.509503230859375 0.1848006611111111 0.007808478906250027 0.04338043611111109
9 0.5012067222656251 0.18566826944444445 0.0068324195312500224 0.03470435277777778
9 0.302578546484375 0.320147625 0.011712717968749953 0.022557827777777817
0 0.89748701328125 0.36179284236111114 0.12786383906249998 0.16137522361111112
0 0.7749915046875 0.3834830618055556 0.23425435781249992 0.16311044583333328
0 0.44166707304687497 0.35832240694444445 0.012688778906249976 0.03991
0 0.4289782953125 0.3661308861111111 0.020497257812500003 0.027763477777777767
0 0.4016486203125 0.3722041472222222 0.020497257812500003 0.03991
0 0.387495752734375 0.3704689305555556 0.01756907734374996 0.03991
0 0.3645583453125 0.37133653958333335 0.02440149531250002 0.038174784722222244
0 0.34503715 0.3921591479166666 0.06930024843749999 0.06593826527777774
0 0.02732967578125 0.3912915395833333 0.0546593515625 0.06420304861111109
0 0.070577795703125 0.46243545694444443 0.13994964296875 0.19260913888888886
0 0.527072308203125 0.4841256756944444 0.20887680390625002 0.32969132083333336
0 0.2279099703125 0.48488400972222223 0.25865585468749996 0.2899998666666666
