0 0.505356947265625 0.44291273402777775 0.011984771093750068 0.014498995833333361
0 0.497691498828125 0.44652014305555554 0.01912096953125003 0.03156477222222215
0 0.522275600390625 0.45137626250000007 0.027315669531249864 0.04613313055555551
0 0.535933435546875 0.44166402430555557 0.01092626796875007 0.0121402986111111
0 0.5407136781249999 0.4428780541666667 0.009560484375000011 0.019424477777777727
0 0.5468597035156251 0.4440920840277778 0.010926267968749959 0.016996418055555518
0 0.5536886210937499 0.44652014305555554 0.016389401562500017 0.0218525361111111
0 0.5707609140625001 0.47201476805555553 0.042339287500000045 0.0631295472222222
1 0.730557580078125 0.40645716111111113 0.31822754921874996 0.46133130833333336
1 0.4519377515625 0.4113132756944444 0.08058122500000009 0.16510804583333333
0 0.114316076953125 0.54242849375 0.22863215390625 0.5973026402777777
0 0.9709354718749998 0.5448565534722223 0.055997121875000055 0.10683461805555561
2 0.407174177734375 0.4429474145833333 0.017755185156249964 0.07284178472222219
8 0.5068763714843749 0.3603933916666666 0.017755185156249964 0.014568358333333309
9 0.5253144484375001 0.35484275 0.008194701562500017 0.02210328611111112
8 0.20186450234375 0.44648637708333333 0.024997698437499993 0.055768295833333426
8 0.9779110132812501 0.4310140791666667 0.01625866718750013 0.03230480277777775
8 0.305220609375 0.4466564 0.019127843749999984 0.039105813888888896
8 0.34873645390624997 0.4373050097222222 0.014345882812499988 0.030604550000000008
8 0.38316657265625 0.4373050097222222 0.010520314062500036 0.030604550000000008
