0 0.080032799609375 0.5499849840277778 0.15912954296875 0.34530070694444454
0 0.17480848320312498 0.47718061319444444 0.04446266640624999 0.07904473749999996
0 0.256128358984375 0.4667799909722222 0.01989119140624998 0.04160249583333331
0 0.29006039453125 0.46261973749999996 0.015210912500000007 0.02496149722222213
0 0.311706692578125 0.4511790513888889 0.018721122656250033 0.018721122222222275
0 0.21868611367187502 0.4948616722222222 0.07839469921875 0.10608636388888892
0 0.273094376953125 0.47822067361111115 0.030421824218750004 0.04784286944444449
0 0.31185204426731417 0.47877929329954955 0.024944560114020187 0.040639611599099124
0 0.41131636196157095 0.49547892631381374 0.06115105986064179 0.08651962484984982
1 0.3491489375 0.45970756805555557 0.03744224531250001 0.06240374166666662
2 0.59135346171875 0.5148308736111111 0.016380981249999982 0.07280436666666668
2 0.5720473046875 0.5179510590277778 0.015210912499999951 0.07904473749999996
2 0.6832039703125 0.5262715590277778 0.012870771875000075 0.07488449027777783
2 0.6638978124999999 0.5054703118055556 0.011700701562500027 0.04992299305555559
2 0.488972321875 0.4961097506944444 0.01053062968750007 0.052003118055555575
2 0.462060708984375 0.4898693777777778 0.012870771093749955 0.039522372222222324
2 0.45211511249999997 0.48778925277777774 0.009360560937499929 0.047842872222222166
2 0.49833288398437503 0.5065103743055556 0.015210911718749998 0.0769646152777777
2 0.374890482421875 0.4701081916666667 0.009360563281250012 0.0457627444444445
4 0.27250934179687497 0.4368261951388889 0.017551052343749984 0.0332819958333333
9 0.65863249765625 0.19345160069444445 0.012870773437499983 0.07488449027777777
8 0.661557672265625 0.32449945902777777 0.018721122656250033 0.07904474027777775
8 0.42227832265625 0.41810507291666665 0.010530629687500015 0.029121745833333268
2 0.518171871484375 0.48847882916666663 0.01247432734374998 0.047125236111111135
8 0.15602654179687497 0.3769028972222222 0.011694682031249987 0.023562619444444377
0 0.40591216216216214 0.48108108108108105 0.047635135135135176 0.08288288288288292
