0 0.314836444921875 0.4368400138888889 0.01146227265625005 0.017830202777777804
0 0.302657779296875 0.43556642986111105 0.01862619609374999 0.030566068055555562
0 0.28487660450292807 0.4368662382112189 0.01745066994335609 0.04335437086688221
0 0.26652406475638263 0.4447931856944377 0.028088287520477317 0.04701296201298327
0 0.25036115195312497 0.4521230472222222 0.02579011796874997 0.05858495833333327
0 0.24104805546875 0.45339663333333335 0.027222901562500013 0.06113213055555555
0 0.2252874265625 0.4575167604542042 0.03868517656249998 0.0795610736861862
0 0.36068554335937497 0.4368400159722222 0.011462274218750013 0.02801889583333328
0 0.33418120103811366 0.4374219476731583 0.017623437817712195 0.030047648122666804
2 0.3247683616333902 0.4359861957637038 0.004893767992038001 0.03048009117750844
2 0.011274223828125 0.48523628472222224 0.02254844765625 0.13500012222222219
2 0.478890249609375 0.43938718611111116 0.015760628906250074 0.058584955555555596
2 0.497516444140625 0.44448153055555556 0.024357332031250012 0.11462274444444442
2 0.6777566898120777 0.4543181240427928 0.02691905280827689 0.1328051933558559
2 0.9302173054687501 0.47886835416666673 0.021491764062499974 0.11207557222222225
2 0.90156161796875 0.47632118194444445 0.032954037500000144 0.15283032499999993
2 0.9158894625 0.48396270069444436 0.010029490625000026 0.08150950694444442
2 0.844966639453125 0.4635853208333333 0.017193413281250125 0.15283032499999993
2 0.8592944816406249 0.48141552708333335 0.02292454921874998 0.14773598194444437
2 0.8292060117187501 0.4801419423611111 0.03438682343749999 0.15537749583333332
8 0.7761929921875 0.25599079722222223 0.02865568593750001 0.028018894444444414
8 0.75685040390625 0.18212280555555554 0.04441631406250002 0.03311323888888887
8 0.7439553437499999 0.2725474159722222 0.012895059375000018 0.020377373611111138
9 0.780491344921875 0.32221727083333335 0.02292454921874998 0.04330192499999996
9 0.4509509546875 0.08533026527777778 0.017193410937499987 0.07896233611111111
1 0.39578876054687506 0.41009470625 0.07880313671875 0.15792467083333328
0 0.1788851351351351 0.4657657657657658 0.08209459459459459 0.10630630630630633
