0 0.797024978515625 0.5120573687500001 0.07839470078124999 0.035362120833333344
0 0.052275316015625 0.5455865834459459 0.10296617421875 0.15927728355855847
0 0.1124098814083615 0.4913201388888888 0.05693699394003378 0.06240476726726735
0 0.2224662162162162 0.4990990990990991 0.03749999999999998 0.050450450450450435
0 0.33192208593749994 0.5023501256944445 0.02808168437499997 0.031201873611111153
0 0.4454188921875 0.49506968819444447 0.011700701562500027 0.016640998611111235
0 0.41733720820312503 0.4898693763888889 0.016380982031250046 0.01872112222222222
0 0.29801449411951014 0.5092062922109609 0.05059263338260134 0.06987570386636638
0 0.17966018344594592 0.5641612471659159 0.14946341689189188 0.16897480296546552
0 0.372874541796875 0.5429125576388889 0.07956477109375004 0.1164869847222223
0 0.6209294171874999 0.5751544902777778 0.17551052500000008 0.20177210000000007
8 0.5589156984375 0.41914513541666665 0.021061262499999955 0.035362120833333344
8 0.38633035 0.45138706875 0.022231332812500004 0.012480748611111092
8 0.41733720820312503 0.43890632013888886 0.007020421093750007 0.01664099861111107
0 0.45770462929687494 0.4929895638888889 0.017551053906250058 0.020801247222222263
0 0.49113695234375 0.49766984374999995 0.014040842187499958 0.00832049861111106
0 0.5110281457031249 0.49766984444444445 0.018721122656249922 0.01664099722222223
0 0.5543207414062501 0.4935095944444445 0.021061262500000066 0.024961497222222184
0 0.43438854921875 0.4924695326388889 0.010530631249999978 0.014560873611111136
8 0.44316407578125 0.47062822291666667 0.009360560937499929 0.012480748611111148
8 0.451354566796875 0.47062822291666667 0.009360561718750049 0.012480748611111148
0 0.40806197109375 0.4883092826388889 0.01170070312499999 0.014560873611111025
0 0.260048094140625 0.49941723667417415 0.04446266484374997 0.05341777890390387
