0 0.8368725359375 0.6048141125000001 0.3246110125 0.5476253861111111
0 0.233953883203125 0.45311175229315537 0.07018616484374998 0.07118382874702261
4 0.27333151793579397 0.3984809183405029 0.08778177051588507 0.14031832342671752
0 0.324123608984375 0.42718246041666663 0.018521349218749983 0.03985880972222228
0 0.33679611054687497 0.4245829729166667 0.012672502343750003 0.031193851388888916
0 0.343619765234375 0.41678451041666664 0.01657173203125001 0.0329268430555556
0 0.353367844140625 0.42025049375 0.010722886718749991 0.015596926388888877
0 0.35921669140625 0.4133185270833333 0.010722885937499982 0.02599487638888892
4 0.366040346484375 0.39945459236111114 0.026319813281249993 0.04332479305555553
4 0.385536503125 0.40205407986111114 0.010722885937499982 0.03465983472222223
4 0.425991028515625 0.41158553402777776 0.017546541406250005 0.025994873611111136
