0 0.5022528710937499 0.44770428472222223 0.009470667187499948 0.010714291666666653
0 0.49536511328125 0.4507655097222222 0.011192607812499977 0.013775519444444495
0 0.48675541562499997 0.4530614270833333 0.014636485937499999 0.01836735416666674
0 0.476423778515625 0.4591838798611111 0.014636486718750008 0.015306129166666627
0 0.466092140625 0.4614798027777778 0.01463648437499998 0.01683674444444444
0 0.454038565625 0.4622451048611111 0.014636485937499943 0.021428579166666628
0 0.444137409765625 0.46530633402777777 0.018941332031250036 0.024489806944444414
0 0.43122286679687494 0.4683675583333333 0.02066327578124999 0.027551033333333308
0 0.41314249843749995 0.46989817083333335 0.01894133593749997 0.030612258333333364
0 0.4049632875 0.4737247034722223 0.018080367187500057 0.03520409583333334
0 0.39387269744410636 0.47926321281730033 0.029272972656250007 0.03520409722222223
0 0.30336885546875003 0.5008281414692184 0.042187520312500004 0.05573748849399218
0 0.262903274609375 0.5043369618055555 0.054241096093750024 0.07193880694444438
0 0.649355711328125 0.4459550131944444 0.03013394140625003 0.03520409583333334
0 0.5654111589843751 0.44442440069444444 0.010331636718749926 0.02295919583333328
0 0.5757427957031249 0.44825092916666665 0.020663274218749916 0.01836735555555552
0 0.61405595078125 0.4428937847222223 0.018080365624999928 0.022959191666666656
0 0.896671749609375 0.42571278194444445 0.13272743515625018 0.08939118333333329
0 0.97978360390625 0.40331650555555554 0.0387436390625 0.08724493611111112
0 0.9461288164062499 0.57526864375 0.1060532125 0.2882388625
0 0.36383369609996336 0.4866549936931204 0.042613557800073254 0.04432359571957417
0 0.20841991249999997 0.5148997854166667 0.08481855468749996 0.0885682819444445
0 0.5910557507812499 0.45377890416666666 0.02496812343749999 0.033673480555555524
0 0.622481144921875 0.4599013520833333 0.0361607304687499 0.05204083472222221
8 0.92984735546875 0.1913266125 0.057684976562500045 0.09183677499999998
8 0.931569295703125 0.24948990833333332 0.04390946015625008 0.02448980555555552
8 0.0462370171875 0.4419412618055556 0.025022385937500002 0.05995702361111116
8 0.80963736484375 0.3529727791666667 0.015231017187499973 0.0406160444444445
