9 0.600035646484375 0.16651706805555555 0.02942758671875001 0.10590740833333334
9 0.9291221824218749 0.3981097736111111 0.030145332031250027 0.10973538611111111
9 0.522616953125 0.5314111541666666 0.005024221875000068 0.010207944444444395
9 0.48385867109375 0.5033393125 0.005024221875000068 0.01020794444444445
8 0.699378214453125 0.2181549048611111 0.07679882109375002 0.039555779166666666
8 0.934537896484375 0.4631455375 0.03373406015624991 0.0165879083333334
9 0.929154802734375 0.49185537708333327 0.024403363281250146 0.038279787499999995
8 0.38542959609375 0.48419941736111116 0.025838854687500024 0.08166354027777772
0 0.432899518359375 0.5461249479166668 0.010048444531249923 0.015311915277777755
0 0.423927693359375 0.5499529277777777 0.009330697656250053 0.017863899999999933
0 0.41244375781250003 0.55122891875 0.015072664062499963 0.025519856944444363
0 0.23659599179687502 0.5659028368055556 0.045217997656250036 0.05741967916666668
0 0.095200031640625 0.5856807256944445 0.09546021640624999 0.07911155694444438
0 0.178817438671875 0.58249074375 0.08756501171875 0.0778355652777778
4 0.357177315625 0.5301750347222223 0.07249234375000002 0.11866733611111113
0 0.44797218359374996 0.5454869499999999 0.012919426562500003 0.01658790555555545
0 0.445818946875 0.5301750368055556 0.010048443749999914 0.014035920833333382
0 0.4684279453125 0.5333650173611111 0.010766189062499931 0.015311915277777866
0 0.476682025 0.5359170034722223 0.008612951562500026 0.015311915277777755
0 0.48708934101562495 0.5391069854166667 0.013637174218749937 0.021691879166666705
0 0.50898059375 0.5505909222222223 0.01722590312499994 0.021691877777777813
0 0.533025083984375 0.5531429090277777 0.017943649218749913 0.029347837499999918
0 0.570347875 0.5652648416666667 0.03086307656249998 0.04083177222222223
0 0.5441501472656249 0.5690928194444445 0.03014533046875012 0.04083177222222223
0 0.614130381640625 0.5777695743055555 0.02512111171875009 0.04338375694444452
0 0.6277675535156251 0.583511542361111 0.030863077343750045 0.052315709722222326
0 0.6654492203125 0.5854255312500001 0.0645971406250001 0.07145559861111106
4 0.7465545160156251 0.5994614527777777 0.11771034140625003 0.12249531388888879
0 0.47058118359375 0.5978026590277778 0.07392783593750002 0.10590740694444445
4 0.03099358046875 0.4150637972222222 0.061726156250000004 0.4517014777777777
8 0.069002303125 0.46828938263888886 0.014354918749999994 0.022967870833333293
8 0.07079666679687499 0.4950852333333333 0.01076618984375001 0.015311913888888862
