8 0.204388257421875 0.4012916347222222 0.10870087109374996 0.11057209166666665
8 0.3165029141682025 0.40844272316202634 0.10213221114890492 0.10310007132405263
8 0.4062039196497975 0.41708071593684887 0.056477487737095045 0.055053467984808924
8 0.4219813734375 0.38615176319444444 0.026792467187499946 0.020413309722222217
8 0.3825581703125 0.5528604534722222 0.00918598906250001 0.01905242083333336
8 0.50388977578125 0.5549017847222222 0.012247985937499983 0.020413308333333435
8 0.502741526953125 0.5698715458333334 0.00995148828124992 0.009526211111111071
8 0.491641791015625 0.5800782006944445 0.009185989843749964 0.02993952083333329
0 0.222951610546875 0.5759955381944444 0.05817793203125002 0.059879040277777795
0 0.27883304453125 0.5814390861111112 0.059708929687499995 0.05171371666666669
0 0.3414125953125 0.5875630798611111 0.0329164609375 0.025856856944444395
0 0.38083579765625 0.5916457416666666 0.019902976562500008 0.017691533333333398
0 0.42293824765625 0.5950479583333332 0.021433975000000105 0.019052422222222254
0 0.448965216796875 0.5923261854166666 0.026026969531249944 0.0217741958333334
0 0.402652522265625 0.5930066270833334 0.016075482031250032 0.01769153472222229
0 0.536806237109375 0.5909312826388888 0.015309982031250113 0.010819070833333333
0 0.1565445640625 0.5753831416666666 0.05741243124999998 0.05171371666666669
0 0.511429947265625 0.59770170625 0.025873860156249984 0.027217745833333362
0 0.5532644675781251 0.6055608215277778 0.020285725781249986 0.01571823194444444
0 0.528194372265625 0.59838215 0.010716986718750099 0.02313508333333336
8 0.831842360546875 0.4797127625 0.024495971093750013 0.04490928055555565
8 0.8188288761718749 0.43276215208333335 0.027557966406249967 0.04627016527777783
8 0.806580890625 0.47290832638888886 0.01684097968750009 0.03130040833333336
8 0.8176806277343751 0.5944809368055555 0.020668475781249973 0.050352829166666724
9 0.5324046179687499 0.5678302159722222 0.006123992187500038 0.012247984722222216
0 0.5377631121093749 0.6045741701388889 0.016840980468750044 0.01769153472222229
