9 0.314830304296875 0.39683378055555557 0.00645971484375002 0.022967872222222296
9 0.320213399609375 0.39683378125 0.005741967968749984 0.020415887500000007
9 0.072232159765625 0.45233947291666665 0.009330697656249998 0.019139895833333365
9 0.203579675390625 0.3949197916666667 0.00789520546875 0.019139894444444472
9 0.393423490625 0.41788766388888887 0.008612953124999989 0.0165879083333334
9 0.082639476171875 0.39619578541666667 0.0057419679687499975 0.02169188194444449
2 0.10740171406250001 0.5001892055555556 0.012201684375000008 0.043383758333333355
2 0.400242076171875 0.4867912798611111 0.009330697656250053 0.03955577638888885
2 0.6660049542968751 0.4976410145833333 0.021208358593750032 0.09443106805555551
2 0.5963667957031249 0.5013450680555556 0.02117476171874999 0.09673519999999997
2 0.08804350585937501 0.4942345722222222 0.01148393515625 0.03827978611111105
0 0.314851244921875 0.48998126319444446 0.014354921093749973 0.02551985694444442
0 0.31054476875 0.49253324722222225 0.008612953124999989 0.028071841666666597
0 0.295113229296875 0.4995512076388889 0.026556602343750013 0.05741967916666668
0 0.354686146484375 0.4887052680555556 0.01076618984374994 0.02041588333333333
0 0.20061000390625 0.48232530347222224 0.019379142187500004 0.03572780138888887
0 0.17369452890624998 0.4918952486111111 0.034451804687500004 0.03700379166666673
2 0.34679093437499997 0.49083192847222223 0.009330696874999989 0.02551985694444442
0 0.37127976210937497 0.4904369791666667 0.020096888281250003 0.021691883333333384
2 0.02547998359375 0.49508523263888893 0.016508157812500004 0.042107765277777764
0 0.24977560312500002 0.5171437014743707 0.09043599531250004 0.13324607482903628
