9 0.2497610375 0.2502656006944444 0.010091354687499998 0.04485046527777778
9 0.23462400546875 0.25228387430555554 0.010091356250000016 0.04260794305555557
9 0.16272309921875 0.40701798541666667 0.015137032812500006 0.020182709722222192
9 0.454741685546875 0.3442273340277778 0.0037842585937499784 0.0426079430555556
9 0.459787363671875 0.3397422840277778 0.008829936718749987 0.0426079430555556
9 0.6420624625 0.38122896944444445 0.012614193750000058 0.044850469444444485
9 0.559439494140625 0.3745013972222222 0.006307097656250038 0.04036541944444444
9 0.17659871328125 0.32965092916666666 0.007568517187500012 0.026910280555555555
9 0.663632742578125 0.45186845416666666 0.021444130468749933 0.03363784999999997
9 0.473032265625 0.3386210263888889 0.002522839062500004 0.03588037499999991
8 0.484385040625 0.34086354722222223 0.02018271093750007 0.026910280555555555
8 0.510874846875 0.34646985625 0.0227055484375 0.029152804166666657
8 0.56595685390625 0.4219681534722222 0.017659871875000066 0.011212618055555512
8 0.46092263359375 0.46876213958333335 0.00756851562500005 0.029750787499999987
8 0.015767742578125 0.32494163541666665 0.03153548515625 0.024667756944444452
8 0.167138067578125 0.36194327083333333 0.013875613281249977 0.013455141666666726
2 0.156416003125 0.45612926944444443 0.012614193750000002 0.02242523611111108
2 0.920205436328125 0.6054813013888889 0.031535485156250154 0.15697663333333334
2 0.58454173125 0.5357388465277778 0.015137032812500006 0.06951822361111115
2 0.73893949375 0.5761042645833334 0.020182710937500126 0.0874584097222223
2 0.9142767875 0.6332886111111111 0.0403654203124999 0.1794018666666667
2 0.967130251953125 0.6355311333333333 0.04162683984375004 0.17491682222222216
2 0.6226366117187501 0.5346175840277778 0.022705548437499945 0.05830560694444442
8 0.695357430859375 0.5370843388888888 0.008829935156249968 0.026910280555555555
0 0.72132166015625 0.5718434513888888 0.05676387187499987 0.09418598055555549
0 0.28571148984375 0.5012039652777778 0.036581162499999986 0.07400326944444446
0 0.22011768124999997 0.5101740597222222 0.11731200156249996 0.2040696222222222
0 0.482913378515625 0.5475494493055555 0.05676387265624999 0.12333878472222215
0 0.54581618046875 0.5341690527777777 0.06685522656250009 0.11212616944444437
0 0.6599746328125 0.5879896124999999 0.12866477656250008 0.17043177500000006
0 0.10995371875 0.5641814958333333 0.21654366562500002 0.4085130027777777
8 0.701979883984375 0.353197425 0.021444130468750044 0.035880375000000075
8 0.701979883203125 0.40029041666666665 0.029012646093750094 0.008970094444444465
8 0.709548399609375 0.4137455555555556 0.013875613281250088 0.00897009444444441
0 0.3670188382366888 0.6041573453777638 0.21402666982108048 0.3654971044563607
