0 0.34898120781249997 0.5072466715277778 0.08578309062500006 0.10571249583333331
8 0.6905839499046216 0.24816440833333334 0.03035385956575687 0.08318360555555554
8 0.686752128125 0.4015341784722222 0.02242057968750011 0.0329268430555556
8 0.780333681640625 0.3547434020833333 0.01852134921875015 0.057188726388888944
8 0.784720315625 0.4145316138888889 0.021445773437499982 0.04505778333333332
9 0.795443201953125 0.21177158055555556 0.04289154609375001 0.06931966944444445
9 0.7471902136718749 0.22823500416666664 0.03021904296875 0.07451864444444445
9 0.29146754609375003 0.18577670902777776 0.021445773437500038 0.07278565416666666
9 0.49666459765625004 0.12945447638888888 0.022420579687499942 0.08145061111111111
9 0.664331546875 0.34521194791666665 0.024370195312500065 0.038125818055555594
