0 0.215432533984375 0.4249298265923718 0.05653885546874998 0.07347935874029898
0 0.37968765546875 0.424370956279576 0.12964944218749996 0.2040689903369297
0 0.7953111971405185 0.33228830433820744 0.2615125135314629 0.2417266281208594
2 0.9582361125000001 0.27467918888888887 0.04484116093750001 0.1784981472222222
9 0.38992313828125 0.30154056111111116 0.00584884687499998 0.013863936111111086
0 0.62192740546875 0.34126211267627293 0.12867463593749995 0.15222875590810142
0 0.5551530683593751 0.3508671022276642 0.07116097265624999 0.11598300167755071
0 0.514698542578125 0.3630617666666667 0.031193850781249977 0.07105266111111108
0 0.48350469140624996 0.34486535416666664 0.05069000781250005 0.08318360555555554
1 0.279282448046875 0.3812581798611111 0.07895943515625004 0.13863933749999996
0 0.045815968750000005 0.4939026423611111 0.09163193750000001 0.12824138750000003
0 0.108203670703125 0.47137375000000004 0.06433731796874999 0.07971761944444444
0 0.147195984765625 0.4351083935335037 0.06628693359375 0.09679259626632591
0 0.18375127929687501 0.43151493958333337 0.020470964843749995 0.05892171805555557
