9 0.19935329296875 0.34549739999999995 0.01799465625000002 0.085308
9 0.48666797304687504 0.4308054013888889 0.014395724218750072 0.05971559999999998
9 0.200552937890625 0.6494071527777778 0.013196080468749982 0.023459699999999972
9 0.6689350243711403 0.6120849006944444 0.014238128429780672 0.02985779861111104
8 0.056280196484375 0.3188386527777778 0.11219785234375002 0.04478670000000001
8 0.577241077734375 0.45853050069444445 0.06358111953125001 0.029857798611111097
8 0.660616317578125 0.5299759513888889 0.026392163281250047 0.01919430000000011
8 0.6504193449218749 0.5513029506944445 0.027591805468749953 0.01919430138888889
8 0.418288278515625 0.6579379520833333 0.014395724218750017 0.01066350138888883
9 0.43508329218749997 0.6611370027777779 0.007197862499999985 0.017061602777777796
9 0.5034629859374999 0.6654024020833333 0.009597149999999999 0.017061601388888903
2 0.30252265625 0.7155208527777778 0.015595368750000005 0.05331750000000013
2 0.27792996015625 0.7197862534722224 0.01679501250000004 0.06611369861111116
2 0.25933548164062503 0.7187199027777778 0.010796796093750005 0.046919400000000056
2 0.24733904375 0.7048573541666667 0.0131960796875 0.0362558999999999
2 0.160364872265625 0.6995256013888889 0.014395725781250007 0.03412320000000002
2 0.13757164101562502 0.7208526034722222 0.014395725781250007 0.05971560138888887
2 0.592236623828125 0.7219189527777778 0.023992875781249978 0.08317529999999984
3 0.688208123828125 0.7517767534722222 0.08397506171875002 0.0959714986111111
3 0.742192091796875 0.7496440541666667 0.06478076328124993 0.09170610000000012
3 0.86515557734375 0.7635066020833334 0.08517470625000012 0.11090039861111112
7 0.6846091917968751 0.7283170527777778 0.03598931171875008 0.1300947
7 0.7337945859375 0.7101891027777778 0.047985751562499956 0.12369660277777772
7 0.86155664609375 0.7293834034722222 0.041987531249999877 0.1620852041666666
2 0.6582170296875 0.6931275027777778 0.019194301562500016 0.06398100000000007
2 0.643221483984375 0.700591951388889 0.01799465546875001 0.08744070000000004
2 0.836364126953125 0.7016583034722221 0.01799465546875001 0.07677720138888888
2 0.893347205859375 0.7144545020833333 0.02639216328125016 0.15781980138888885
2 0.98086344921875 0.7965634520833333 0.03827310156249997 0.27085289861111117
0 0.20715097890625 0.7549758027777778 0.1151658015625 0.17488140000000008
0 0.461475454296875 0.7176535520833334 0.05518361328124993 0.10876769861111113
0 0.0861806546875 0.7763028020833334 0.172361309375 0.4436016013888888
0 0.3937729435204163 0.7603075520833333 0.1525094792283327 0.2836491013888889
9 0.225745455859375 0.34656375069444445 0.020393944531249986 0.08744070138888888
9 0.5052624511718751 0.42867270208333336 0.015595369531249959 0.0554502013888889
