9 0.554937864453125 0.45017206874999993 0.010152075781250103 0.02165776250000001
9 0.44478783554687507 0.45674675138888887 0.007106453906250032 0.02346257777777777
9 0.438696589453125 0.4585515638888889 0.005076038281250028 0.02346257500000004
2 0.418900040234375 0.5373187923611111 0.006091244531250095 0.01443850972222216
4 0.35037352499999996 0.5743174722222222 0.12893137187499998 0.20394393888888895
0 0.2590048359375 0.6396774944444445 0.06801891249999997 0.11550806944444447
0 0.15139282578125002 0.6632690097222222 0.14720510781249999 0.15701878055555563
4 0.627525212109375 0.524298363888889 0.05989725078125008 0.11731288333333334
0 0.7701618871093749 0.5811499916666667 0.0873078585937499 0.16604285000000008
0 0.8697051210937501 0.6163438444444445 0.21319360625000006 0.2328209555555556
0 0.6773232734375 0.5991981131944444 0.12284012499999997 0.20574874861111103
0 0.5306257664062499 0.6280751305555556 0.18070696093749994 0.33208570000000004
