0 0.41167174335937506 0.5131787895833333 0.02313327734374998 0.032185431944444454
0 0.39306454296875004 0.5015562722222222 0.020115893750000058 0.03039734999999999
0 0.37898341796875 0.5078145513888889 0.01609271562500003 0.028609272222222204
0 0.363896496484375 0.5144633633612531 0.026150661718750023 0.05107323438860489
0 0.3306471805406197 0.5292715041666667 0.060463867043760666 0.06437086111111112
0 0.23716636953125 0.5364238208333334 0.07040562656249999 0.10013244722222214
0 0.16424625664062498 0.5462582576388889 0.11767797578124999 0.1269536375
0 0.06494539765625 0.5724992868055556 0.10908599062499999 0.17228337916666658
4 0.1625705984375 0.4795841083333333 0.15657003593750002 0.07434167777777784
0 0.632443673046875 0.5092258776476434 0.07241721640624998 0.05081972803804652
0 0.7093869648437501 0.5292715027777778 0.07945777812499999 0.14304634999999993
0 0.797896894140625 0.553410575 0.20015313828124992 0.23781455833333331
0 0.9115688413343803 0.6508711788354155 0.17396817670623954 0.29322447010694686
2 0.5534887921875 0.5230132249999999 0.0191100984375 0.06615893611111112
8 0.902499540625 0.4398675333333333 0.015086920312499918 0.028609269444444474
8 0.8979734640624999 0.2592715131944444 0.032185428124999915 0.03576158749999997
8 0.8833894417968751 0.19221853541666667 0.03721440234374995 0.0804635708333333
8 0.24018375390625 0.40589402430555555 0.03218542968749999 0.010728476388888963
9 0.27639236171875003 0.4032119055555556 0.012069535937499987 0.03039734999999999
