0 0.4192655328125 0.4391753305555556 0.03363402500000001 0.03711340833333332
0 0.39027068359374995 0.43505161875 0.024355674999999966 0.03298969861111106
0 0.370554184765625 0.4391753298611111 0.02667526171875001 0.04536083194444446
0 0.345618613671875 0.45154646597222226 0.04639176015625002 0.05773196805555558
0 0.254574784765625 0.4443299708333333 0.049871142968749976 0.06804124999999994
0 0.12280726083302279 0.44845368194444446 0.07216903614645444 0.07628867222222219
0 0.044652069921874996 0.44845368263888885 0.06378867109375 0.09690723194444445
0 0.026095365234375 0.4731959548611111 0.05219073046875 0.1463917763888889
0 0.173969101171875 0.45670110694444443 0.12525775390625 0.11340208055555556
0 0.29400778046875 0.45360832291666664 0.06842784687499998 0.07010310694444438
0 0.454059353515625 0.4402062583333334 0.03131443828125002 0.03505155277777777
0 0.4894330703125 0.4391753305555555 0.02087629218749998 0.02474227222222225
0 0.5103093624999999 0.44536089791666666 0.02319587968749992 0.016494848611111113
0 0.532345448828125 0.4432990423611111 0.01855670390624997 0.02061855972222215
0 0.560180505078125 0.4515464659722222 0.025515467968749928 0.020618559722222263
0 0.5810567972656251 0.4515464666666667 0.025515469531249946 0.03711340833333332
4 0.6216495875 0.4340206895833334 0.06726805312500006 0.10515465416666664
0 0.644845467578125 0.47072173333333334 0.05335052578124988 0.05979382500000008
0 0.8395980501703577 0.5662860627022999 0.3175052996592844 0.30865445040459966
9 0.0214561890625 0.37319593749999996 0.0220360859375 0.01237113611111107
8 0.10496135703125001 0.3690722256944444 0.019716496875000003 0.016494848611111057
9 0.517268126171875 0.4175258416666667 0.011597939843750016 0.010309280555555578
8 0.545103182421875 0.42886605 0.011597939843750016 0.016494847222222164
