8 0.5151859464843751 0.19322857708333335 0.01852134921875004 0.03292684305555557
8 0.5127489269531249 0.29027611458333336 0.011697694531250025 0.032926843055555544
9 0.41478073828124995 0.32233646180555553 0.006823654687500014 0.02079589861111114
0 0.4002196414441812 0.37568311154055456 0.030374175373988566 0.047830409722222245
0 0.377738040234375 0.3708602305555555 0.010722886718749991 0.0242618833333334
0 0.36360332578125 0.38472416319444447 0.023395389062499994 0.02772786805555555
0 0.337283514453125 0.38125817916666666 0.017546541406250005 0.02079589999999998
0 0.308039278515625 0.3985880972222222 0.035093082031249945 0.04852376666666658
2 0.272946196875 0.38732365 0.00584884687499998 0.02946086111111118
2 0.28074465937500004 0.3925226263888889 0.007798462499999992 0.025994877777777814
0 0.11730475467751811 0.48159154440185503 0.1975668109175362 0.31923078897406776
0 0.7633410840855249 0.3898140724848571 0.24356888026645018 0.24933267274749188
2 0.9495184960937499 0.3525986861111111 0.03497121718750007 0.23625000000000004
2 0.9899116269165247 0.3543441226575809 0.020176746166950643 0.23168654173764905
