8 0.50577174296875 0.16687487777777776 0.09096673437499991 0.04218746944444443
8 0.63431169453125 0.26648418402777774 0.023730454687499902 0.01640624027777776
8 0.308677152734375 0.15867175902777778 0.08173822421875004 0.08671869027777775
8 0.323838274609375 0.2699998055555556 0.019775377343750067 0.023437483333333342
8 0.30340371796875 0.26765605833333334 0.02109373593749997 0.028124980555555568
8 0.2216654921875 0.16101550833333333 0.081738225 0.06796870277777778
8 0.137290551171875 0.15749988541666668 0.08964837578125001 0.11718742083333335
0 0.35481969804687497 0.31335915277777776 0.01845701796874999 0.021093736111111094
0 0.318564841015625 0.316874775 0.019775377343749956 0.018749986111111117
0 0.30340371796875 0.31453102708333336 0.013183584375000057 0.018749987499999954
0 0.283628341015625 0.316874775 0.01845701796874999 0.018749986111111117
0 0.24473676640625 0.3297653923611111 0.06196284843750005 0.05859370972222222
0 0.14915577734375002 0.33796851111111115 0.0342773203125 0.06562495555555553
0 0.098398976171875 0.3473435048611111 0.11469718671874998 0.09374993472222232
0 0.425351876953125 0.3321091395833333 0.030322244531249987 0.04921871527777777
0 0.625083184765625 0.3360326848393432 0.05273433828124996 0.057065805789797475
0 0.574985562109375 0.3288982892390687 0.03691403671874993 0.04748451181147073
0 0.44512725390624996 0.3239060201388889 0.011865225000000035 0.018749987500000065
0 0.5051125632812501 0.3203903979166667 0.018457018750000054 0.025781231944444483
0 0.472153601953125 0.3332810145833333 0.029003886718749983 0.03749997638888891
0 0.40359896171875 0.3508591263888889 0.050097621875 0.06328120555555561
0 0.884140623046875 0.32976539097222224 0.13842763828124993 0.11484367083333336
8 0.5419931625 0.2712132048611111 0.007798462500000047 0.022528893055555554
10 0.040486584327086884 0.28449744463373083 0.08097316865417377 0.1805792163543442
