0 0.452852677734375 0.36744445625 0.011931027343750011 0.022458404166666668
0 0.464081880859375 0.36682061180555553 0.011931027343749956 0.021210715277777736
0 0.4382026970821371 0.3662132181650681 0.02017623396072582 0.03739777200319716
0 0.41462979859837945 0.3717611303208721 0.02391523782175886 0.05105478008618858
0 0.5199988627514415 0.36516154434364567 0.021889330492718573 0.0642539520406415
0 0.535779542874099 0.3714964410237089 0.029016089257789757 0.07330380444073181
0 0.5508612278095482 0.3860079794832615 0.030672424068403426 0.08952998952207847
0 0.5991832207031251 0.40362744097222225 0.09264091953124998 0.11977815694444444
0 0.3843428097551833 0.3921684375851403 0.05598218044786657 0.06034868316305264
9 0.9504467089843751 0.2595193451388889 0.01614197890624991 0.03867836250000001
9 0.9936592353640377 0.25640012083333336 0.012632853124999954 0.03992605277777775
8 0.55426641015625 0.30506 0.007720076562499845 0.02744916111111112
