8 0.304451563671875 0.45046183958333336 0.01793184609374998 0.022176581944444496
8 0.73945605197677 0.4387434111427021 0.019854268020606414 0.028729690159016996
9 0.48610896367187506 0.5107544243055555 0.010135391406250027 0.018018473611111085
9 0.5252740260016915 0.498665336331509 0.01050096919088317 0.035296476481077976
0 0.8414480247945495 0.6753911506277661 0.3145556941609011 0.4637189873666433
4 0.6881324016727728 0.6125571610132757 0.12221382790445445 0.2327122414709959
0 0.628004441015625 0.5932235916666666 0.04755837421874998 0.15246400555555562
0 0.46346294855547443 0.5902869454917392 0.03671592632655124 0.05234024098347867
0 0.48922754414062497 0.5828283173611111 0.02105042890625003 0.037422984722222274
0 0.5869451417922251 0.589210437426522 0.02937070389695018 0.04464307763082176
0 0.5695310296875 0.5786702069444445 0.01169468125000006 0.034650908333333286
0 0.507159391015625 0.5793632256944445 0.014813264843750007 0.016632437500000097
0 0.5550972702288199 0.5698666343345336 0.014054254854860004 0.02258791033573393
