0 0.6246270046875 0.4819902 0.01439572499999997 0.01706160000000001
0 0.5988346640625 0.4819902 0.010796795312499996 0.01706160000000001
0 0.588637691796875 0.4755921013888889 0.014395725781249924 0.021326999999999985
0 0.5706430351562499 0.4745257520833333 0.009597149999999943 0.01492889861111113
0 0.5754416105468749 0.4905210013888889 0.014395725781250035 0.01706160000000001
0 0.3906964734375 0.49585275138888885 0.014395725000000026 0.049052099999999876
0 0.390696472265625 0.45959685138888895 0.026392163281250047 0.023459700000000028
0 0.34635967382812505 0.4630191611111111 0.04328721796874996 0.021773519444444445
0 0.3507557500547005 0.5037568368967484 0.07028429520309909 0.084428728984281
0 0.29270616356542223 0.44842018642447684 0.04683298617046755 0.051584158680515024
0 0.04095974765625 0.4649286013888889 0.0819194953125 0.059715600000000035
0 0.008803633203125 0.4276063513888889 0.01760726640625 0.019194299999999942
0 0.174160775390625 0.5161134 0.23632981953125 0.24312779999999995
4 0.47827046640625 0.5417058013888889 0.17994656249999996 0.28151639999999994
