8 0.4683951703125 0.33966637847222225 0.024370196874999972 0.010397951388888937
8 0.524866978515625 0.33360090625 0.010588792968749927 0.019062906944444458
8 0.493740174609375 0.3595957833333333 0.018521349218749927 0.01906290833333335
9 0.325098416015625 0.35353031041666666 0.004874038281249993 0.02079590138888887
9 0.439638337890625 0.33966637847222225 0.005848847656249934 0.020795901388888816
9 0.330947263671875 0.3543968076388889 0.004874039843750011 0.019062906944444402
9 0.31973697343749996 0.3543968076388889 0.0058488468750000355 0.019062906944444402
9 0.444999781640625 0.3413993708333333 0.004874039843750011 0.01732991666666661
0 0.05097391935596 0.5506771190354545 0.10194783871192 0.23961669116487883
0 0.86401430546875 0.643576375 0.27197138906249996 0.4969085222222222
0 0.356292268359375 0.5788192354166668 0.27782023671875 0.39512211250000007
0 0.13257386640625 0.5233635013888889 0.1754654125 0.18023113888888886
0 0.21689474531249997 0.486970675 0.08285866562499997 0.11091146944444441
0 0.24126494257812497 0.43324793055555555 0.06531212578124998 0.04159180000000001
0 0.6945505902343749 0.502955265460029 0.2934171617187501 0.33542506630216423
0 0.5465700601462763 0.47195890907868937 0.09723348778882546 0.19800273876997176
0 0.49329829830628646 0.439676699913095 0.08002529973757283 0.12924778628492112
4 0.38456169609375 0.37086022916666667 0.05946327812499996 0.027727866666666712
