9 0.47355817187500004 0.1386609875 0.009438556250000063 0.016779658333333336
9 0.590682092578125 0.1386609875 0.010296610156250052 0.019830505555555544
9 0.5460634566406251 0.21569487013888888 0.006864405468750001 0.012203387499999996
9 0.5053918523437501 0.22156775347222224 0.006864403125000029 0.010677962499999999
9 0.4998145234375 0.2169914840277778 0.007722456250000009 0.010677962499999999
9 0.359523236328125 0.2154660625 0.007722457031249963 0.013728813888888858
9 0.5802567750000001 0.12470336597222223 0.0068644046875000475 0.015254234722222218
9 0.67893260390625 0.21851690763888892 0.008580506249999953 0.01983050416666668
9 0.6596264632812501 0.19639826805555555 0.006006353124999975 0.01830508055555552
8 0.37990194062500005 0.1605508159722222 0.012012709375000041 0.012203387500000024
8 0.36746020625 0.16512708680555555 0.01458686250000002 0.009152540277777788
8 0.37175046015625 0.17733047430555557 0.018019067187500015 0.009152540277777788
8 0.345150887890625 0.1887711486111111 0.019735166406250004 0.01067796388888892
8 0.60921598515625 0.21622876944444444 0.009438556250000119 0.01677965555555555
8 0.610074035546875 0.19639826875 0.006006353906250039 0.013728812499999993
0 0.21751584921875 0.2756821486111111 0.1312817546875 0.09312710555555559
0 0.11892581953125 0.2858643486111111 0.178131334375 0.12447455000000002
0 0.45486537818066614 0.26606566056265624 0.020311262480452785 0.030407504064303537
0 0.57060370546875 0.2664406229166667 0.013728810937499891 0.03050846805555557
0 0.580042262890625 0.2679660465277778 0.018877114843749876 0.03355931527777778
0 0.589909844921875 0.2694914715277778 0.014586860156249992 0.033559318055555565
0 0.5976323019531249 0.27025418194444445 0.016302963281250027 0.03813558611111112
0 0.6189170413147256 0.2701507421910625 0.03141482012945118 0.04444416284009717
0 0.6346332735474047 0.3068906324051659 0.0472751648466464 0.08913835796000669
0 0.6808632187499999 0.3083897756944445 0.09352752343750004 0.1449152291666667
0 0.7643838095430626 0.3344861167121819 0.17646514341387476 0.20524350842436387
0 0.88050302890625 0.41567788680555556 0.2359639390624999 0.34016942361111113
0 0.016646178125 0.2939490909722222 0.0326059265625 0.08999998472222226
0 0.42867453971902963 0.2670158950646658 0.02886337299853814 0.041810318088417425
0 0.49192044765625 0.2619151986111111 0.021451268749999974 0.025932200000000016
