0 0.13874735625442794 0.6174758634210114 0.14611263749999998 0.1515467412056607
0 0.9508893616927452 0.7151722576315174 0.09822127661450963 0.17743772354913656
0 0.8476690238562217 0.6245987814147009 0.28289788586802267 0.15299183222661505
0 0.502793778515625 0.5700387534722222 0.032474232031250105 0.05773196805555558
0 0.447278558160789 0.5531884622779296 0.05611921984414392 0.05509548614881132
0 0.4154497469059014 0.554305262672838 0.025965609181618776 0.03648214623367241
0 0.5513066153768869 0.5470371891956065 0.03903597294127381 0.04059482283565741
0 0.5252762571095118 0.5479767271016908 0.024088665781523688 0.034248545443855694
0 0.5840168065123785 0.5654732666219213 0.04648681643805941 0.05732908693862804
8 0.375216437890625 0.49581193611111113 0.011597939843750016 0.024742269444444465
0 0.41021474505476857 0.5494657942949018 0.03727321318006571 0.04169388140991126
