8 0.48657016484375004 0.18635707367500853 0.029824395312499974 0.016787341538871875
8 0.399677940625 0.22279077152777776 0.02007411250000002 0.013255287500000018
9 0.19912801484374998 0.2528700756944444 0.009750282812499983 0.010196373611111115
9 0.30179275546875 0.15243579166666665 0.012044465624999945 0.03772658333333331
0 0.3481543828125 0.3461668972222222 0.03900112968749997 0.06423715555555554
0 0.30628552109375 0.31863668819444446 0.039001129687500025 0.05811933194444446
0 0.746571371484375 0.41070882708333334 0.040973503906249986 0.05962105694444447
0 0.42776974999999995 0.3941535840277778 0.11413566250000001 0.12847431249999997
0 0.1106625125 0.2930961833333333 0.015485743749999989 0.032628397222222216
0 0.148803323828125 0.2925863659722222 0.028677300781250026 0.039765856944444455
0 0.07573993203125001 0.30023364444444445 0.052192689062500006 0.05302114722222223
0 0.179838538671875 0.3114496583333333 0.04014822265624998 0.04894259444444449
0 0.225148676171875 0.32725403680555554 0.04014822421875 0.0560800569444444
0 0.259433980078125 0.32062639375 0.021794749218750048 0.026510570833333358
0 0.017971097265625 0.30584165 0.035559853906249994 0.06831570555555555
0 0.610029940234375 0.4762910416666667 0.3125825898437499 0.26216010833333336
9 0.29103709919450604 0.14932408331785096 0.00974069881326578 0.03862977990901986
