9 0.34128821679687504 0.5637336729166667 0.006459713281250001 0.01786389861111115
9 0.3692803109375 0.5605436902777778 0.0064597140625000105 0.014035922222222275
8 0.474071224609375 0.4772213340277778 0.013637172656249974 0.025519859722222205
8 0.469166641796875 0.4978498909722222 0.01004844296874996 0.0114839347222222
8 0.480291705859375 0.5023158659722222 0.01220168203125005 0.02041588472222222
0 0.371433549609375 0.5952506729166667 0.010766191406250014 0.016587906944444453
0 0.37861100898437494 0.6016306375 0.009330697656249998 0.024243863888888884
0 0.387941706640625 0.6035446284722222 0.01794364921874997 0.02807184583333333
0 0.361385106640625 0.5978026590277778 0.010766189843749996 0.016587906944444453
0 0.322985694921875 0.6032256277777779 0.012919428906249975 0.029347836111111136
0 0.33877610664062496 0.6051396173611111 0.025838855468750033 0.03827978750000005
0 0.241880398046875 0.6153475590277777 0.03732279140624997 0.0331758152777778
2 0.243315890234375 0.6300214791666667 0.01579041328124997 0.05231570833333332
5 0.242957016796875 0.6395914229166666 0.03229856953125004 0.03317581250000001
0 0.29032825234375004 0.6261934993055556 0.06962136093749999 0.09059549305555559
0 0.209581828515625 0.6408036354166666 0.040193775781249996 0.07911155694444438
0 0.18388414063215383 0.6482074875431707 0.04334709532680764 0.09391926119745253
0 0.1273999125 0.6599435270833334 0.094024725 0.13270325972222208
0 0.404808737109375 0.6114557979166666 0.02296787109374998 0.05103971527777784
0 0.42311126015625 0.6197497520833333 0.0466534890625 0.06762762361111119
0 0.057269643749999995 0.6914649666666666 0.112465821875 0.16306303333333327
9 0.7414316046875 0.4185256590277777 0.058137424999999965 0.06762762083333335
