8 0.323944059765625 0.10377428888888889 0.02524239296874997 0.01682826388888889
8 0.39264425195312497 0.15691321597222221 0.04350344453124999 0.040834615277777764
8 0.33814290703125005 0.15238927152777776 0.026294160937499977 0.050484790277777775
9 0.24085451249999998 0.12995158472222224 0.027345928124999974 0.046745172222222214
9 0.13199668671875 0.03552633333333333 0.03260475937499997 0.06357343611111112
9 0.756745945703125 0.08040169791666667 0.017880028906249956 0.056094209722222226
9 0.463723827734375 0.21502780347222222 0.005258832031249994 0.018698070833333302
9 0.531983462890625 0.014958454861111112 0.014724730468750002 0.029916909722222225
9 0.7420212164062501 0.07479227847222222 0.01367296406250007 0.044875370833333324
0 0.4154477394531251 0.24961923194444444 0.012621197656249972 0.016828261111111076
0 0.421758337890625 0.2505541347222222 0.008414130468750003 0.014958455555555528
0 0.437534834375 0.25242394305555554 0.012621196874999963 0.02243768333333329
0 0.44331955078124996 0.2561635569444444 0.013672965624999978 0.01869806944444441
0 0.44647484921874997 0.2570984604166666 0.01788002968750002 0.01682826249999997
0 0.448578382421875 0.2786012402777778 0.02419062890625001 0.03365652499999999
0 0.532719696484375 0.2879502770833333 0.028397694531250073 0.04113575416666665
0 0.552177373828125 0.29075498611111106 0.03786359296874997 0.05048478888888891
0 0.48328667382812496 0.27579653055555553 0.015776497656249944 0.028047105555555563
0 0.46803606171875 0.2561635576388889 0.014724729687500049 0.011218840277777753
0 0.472243126953125 0.2795361458333333 0.023138860156250052 0.039265947222222264
0 0.623697491796875 0.29075498611111106 0.03996712578125006 0.05796401666666667
0 0.43217083515625 0.2767314326388889 0.01998356250000005 0.029916909722222218
0 0.58309931796875 0.31132286388888886 0.06941658437499998 0.08788092777777773
0 0.5033891888814949 0.28234085555555555 0.04251889651298968 0.0635734361111111
0 0.45324648359375 0.28625207152777776 0.034788931250000044 0.041478959722222264
0 0.6984081754911096 0.3544082442184838 0.17760869160721893 0.2077082134369676
0 0.716358121484375 0.24656352963160133 0.06415775078124997 0.02293966573679726
8 0.39234380273437497 0.1935381513888889 0.042902546093749994 0.03622881666666669
