8 0.163023797265625 0.46090742430555554 0.03996712578125003 0.07105266805555555
8 0.152506133203125 0.5749656458333332 0.023138861718749987 0.04674517222222219
8 0.33603937460937505 0.56374680625 0.01788002890625001 0.03178671805555555
8 0.39904017617187504 0.5996470972222222 0.008414132031250021 0.009349038888888828
8 0.40009194492187505 0.5865584444444445 0.008414132031250021 0.01682826111111113
8 0.38957427890624996 0.6052565173611111 0.006310598437499981 0.01682826527777781
8 0.568374571875 0.5753396027777777 0.012621196875000074 0.020567877777777688
8 0.15292683828125 0.61273574375 0.014724731250000012 0.024307490277777788
8 0.30648474687500005 0.5949726069444445 0.010517664062500043 0.022437686111111188
0 0.45068191484375 0.6146055777777778 0.009465898437500009 0.01682826111111102
0 0.462777228125 0.6164753854166667 0.012621196874999963 0.016828262500000024
0 0.42824423632812497 0.6155404805555555 0.008063532031249987 0.018698066666666624
0 0.426491287109375 0.6155404805555555 0.011569430468749975 0.018698066666666624
0 0.3665406 0.6043216402777778 0.03260475937500007 0.04861498333333336
0 0.24400981249999998 0.5912329916666668 0.014724729687500021 0.02617729999999996
0 0.224552133203125 0.5874933798611112 0.02208709453124999 0.02991691250000006
0 0.19825797148437502 0.5874933784722223 0.03050122578125003 0.026177301388888963
0 0.128841387890625 0.5828188583333334 0.024190628906249984 0.03552633055555554
0 0.09834016132812501 0.5856235729166668 0.03470829296875001 0.03365652638888894
0 0.06363186875 0.5828188583333334 0.03260475937499999 0.03552633055555554
0 0.022612978515625 0.5772094104166667 0.04522595703125 0.05048479027777775
0 0.9283591886718751 0.7552297515083759 0.13672963515624992 0.18289654468341854
0 0.5758421203124999 0.6619116729166667 0.016828264062500042 0.0430055597222222
0 0.5900409679687499 0.6656512861111111 0.011569431249999984 0.05048478611111107
0 0.614757476953125 0.66752109375 0.03996712421875004 0.06170363194444439
0 0.811087232421875 0.7292247243055555 0.09781427734375014 0.11592803194444445
0 0.4112406734375 0.6154781409722223 0.02734592812500003 0.04300556249999998
0 0.478553725 0.6500695708333334 0.0567953859375 0.07853189444444442
0 0.33498760742187494 0.6210875597222223 0.04522595546875002 0.05796401666666673
0 0.68785524453125 0.6984920027742286 0.14724730000000008 0.1566786861040128
8 0.807756618359375 0.49643375486111113 0.03996712578125006 0.06918285972222227
1 0.534647944921875 0.6282551458333333 0.06731305078125005 0.11592803333333324
