0 0.05754849423179301 0.4044897388888889 0.08730738028641397 0.05614368611111109
0 0.17429108111956987 0.3923678076388889 0.0639782440108603 0.052315709722222214
0 0.22817145546875 0.3936437979166667 0.035169553125 0.03700379305555551
0 0.26621199375000004 0.39747177777777776 0.023685617187500008 0.026795850000000065
0 0.45375902226562503 0.40448973819444445 0.020958147656250092 0.03572779861111114
0 0.513619055078125 0.39619578611111117 0.021532380468749945 0.039555780555555586
0 0.49029231015624997 0.40257575 0.05813742499999991 0.05231570833333332
0 0.8967518554687499 0.39491979097222224 0.02009688750000016 0.03955577916666664
0 0.837968441015625 0.4000237638888889 0.03660504453125002 0.04721173611111107
0 0.70690804140625 0.4006617604166666 0.015072665624999981 0.025519856944444475
0 0.69650072421875 0.4012997569444444 0.010048443749999914 0.02934783611111108
0 0.688605518359375 0.4051277347222222 0.01435491953125001 0.03189982222222226
0 0.6807103128906251 0.4051277361111111 0.014354917968749992 0.03445180833333339
0 0.6713796140625 0.407041725 0.022967870312500027 0.03317581388888885
0 0.6548714570312499 0.4121456972222222 0.0157904109375 0.03827978611111105
0 0.636425376171875 0.4146976826388889 0.026556600781250106 0.04848772916666666
0 0.595872728125 0.40895571458333335 0.03445180781250001 0.042107765277777875
0 0.33769948710937503 0.40129975763888887 0.038040538281250036 0.06252364861111115
4 0.58065650390625 0.39013481944444445 0.03588729843750005 0.05231570833333332
4 0.5279021734375 0.3933248020833333 0.015072664062499963 0.061247656944444506
0 0.38320458007812497 0.42745761111111114 0.06962136328124996 0.09697545833333332
0 0.54943455390625 0.3961957840277778 0.04378250468749989 0.08804350694444446
0 0.6129550734375 0.42235363888888894 0.0531132031249999 0.05614368611111109
0 0.7775342203125 0.45233947152777776 0.049524473437499994 0.0778355652777778
0 0.7344694613281251 0.40321374722222225 0.022250125781250074 0.02296787222222224
0 0.7190379230468751 0.4019377534722222 0.011483935156250014 0.022967870833333293
0 0.7506187453125 0.3853498458333333 0.011483935937499967 0.012759927777777735
0 0.769639013671875 0.40385174166666665 0.048088982031250005 0.029347836111111136
2 0.88562679296875 0.4178876645833334 0.016508157812499924 0.08038754861111114
0 0.8670371535156249 0.41023170625 0.03588729921875 0.051039712500000056
8 0.675997103125 0.1552458 0.016508157812500035 0.030623830555555537
8 0.5019437015625 0.3141069131944445 0.0157904109375 0.042107765277777764
9 0.44026538515625 0.3579159986111111 0.008612953124999934 0.016587905555555504
