0 0.6325199167968749 0.5432130306028772 0.18247453828124993 0.1980713834279766
0 0.40811132421874996 0.4884703034722222 0.024563879687500012 0.026201470833333296
0 0.35987792941466146 0.4972041277777778 0.030563561954322804 0.04366911944444446
0 0.33806918320312496 0.4848520138888889 0.011931027343750011 0.014972269444444464
0 0.339472832421875 0.4723751229166667 0.010527375781250015 0.009981512499999956
8 0.5758475347656251 0.43981042708333334 0.030178480468750046 0.056146012500000064
8 0.404251286328125 0.46601189930555553 0.00701825234374992 0.016219959722222177
8 0.372669155078125 0.4641403652777778 0.0070182523437499755 0.012476891666666656
8 0.305644853125 0.4691311215277778 0.006316424999999959 0.012476893055555549
8 0.194756479296875 0.4603972993055556 0.028774832031250003 0.04990756805555557
8 0.32599778203125 0.45259923958333337 0.004912776562499999 0.011229201388888888
