9 0.26560396289062504 0.1766946625 0.017588746093749996 0.0693353388888889
9 0.49043401015625 0.12027472708333334 0.014529832812499921 0.08700905694444444
9 0.24686812734375002 0.1705768388888889 0.018353473437500045 0.07613291944444445
9 0.47781599804687497 0.12775206944444445 0.009176736718749967 0.08021147499999999
8 0.12146430273437502 0.2902567798611111 0.02982439609375001 0.01767371527777778
9 0.7532858113281249 0.30453170486111114 0.03135385078124997 0.05709969305555557
0 0.38789874648437495 0.41859514305555556 0.02370656953125 0.04214501388888886
0 0.39981373554687505 0.42815849375000004 0.024471297656250057 0.03951944583333333
0 0.41434356953125007 0.4411206284722222 0.03517749062500003 0.046223556944444466
0 0.45953204140625004 0.4309242576388889 0.029059665624999953 0.03942597916666668
0 0.6824155011718751 0.3935375527777778 0.048942597656249975 0.06797582777777772
8 0.12384345898437502 0.4167909444444444 0.02982439765625 0.05709969444444446
8 0.6271812832031249 0.3214831722222222 0.011470917968749994 0.032628397222222216
8 0.64591712265625 0.33235930625 0.009176737500000032 0.027190329166666694
8 0.28371410703125 0.40060420208333336 0.013765106250000048 0.027190329166666694
9 0.444804078125 0.36179129652777775 0.013917528125000023 0.020618559722222207
