8 0.40151680546875 0.3219389125 0.049936246875000034 0.11632658333333334
0 0.40322083984375 0.4301022333333333 0.04649236874999996 0.11326535833333334
0 0.38858435390625 0.39489813611111113 0.03443879062499999 0.04897961388888883
0 0.34811877382812495 0.4201532506944445 0.06715564140625002 0.09948984305555553
0 0.284407012109375 0.4433561629779481 0.09126279609375001 0.1132881351552148
0 0.18109063828125002 0.4709185861111111 0.15325262031250003 0.16224497222222223
2 0.077104615234375 0.39671042222222225 0.020663274218749986 0.04744900277777775
0 0.0654815234375 0.49627303447733295 0.1300064359375 0.21017965506577707
0 0.9366095199218751 0.5232145125 0.12484061640625 0.3015307472222221
0 0.9034621843749999 0.4193113828293583 0.1721939546875001 0.21852055100795004
4 0.620203128125 0.3012756368055555 0.40121191406250006 0.5984696541666666
