4 0.40659460078125004 0.48738202569444444 0.021525596874999997 0.044645681944444515
4 0.39164626953125004 0.49588596527777773 0.02032972968750002 0.038267727777777816
0 0.3814814046875 0.5065158888888889 0.011958664062500013 0.02976379166666665
4 0.34201781171875 0.4895080104166667 0.07175198906250002 0.11480317916666666
0 0.2846162203125 0.519459365965124 0.04544292499999997 0.06840665137469243
0 0.2583071578125 0.5354112264137327 0.038267728124999956 0.05353870560524321
0 0.22422496328125002 0.5403107553473405 0.05142225781250001 0.06758973291690329
0 0.1584523078125 0.5479725930555556 0.10164865156250003 0.1084252277777778
0 0.04962845859375 0.5766733881944444 0.0992569171875 0.14456696805555558
8 0.452037526953125 0.4459253201388889 0.014350397656250014 0.010629923611111147
9 0.464594124609375 0.44592532083333336 0.0059793320312500065 0.019133863888888936
0 0.5459130453125001 0.4905710006944444 0.015546264062500037 0.03614174305555562
0 0.5620572421875001 0.4926969875 0.03348426093750001 0.04464568333333335
0 0.617067100390625 0.50545289375 0.04305119296874993 0.06590552916666681
0 0.6672934917968749 0.5065158881944445 0.08610238515625002 0.11055121249999994
0 0.7348599480468749 0.5224607770833334 0.11121558203125004 0.12118113749999992
8 0.868199059375 0.3204922152777778 0.02630906250000009 0.03614174166666667
9 0.810199535546875 0.3874607368055556 0.0107627976562501 0.02125984861111102
0 0.4702934261246273 0.49907494097222227 0.055047730374254644 0.09566931805555551
0 0.8717866593750001 0.5240552631944444 0.23797742968750002 0.22960636249999994
0 0.9766812332031249 0.6092465131944445 0.04305119296875004 0.20409454305555563
8 0.860590355859375 0.07759844652777778 0.053813991406249984 0.09566931805555556
9 0.43565796171875004 0.44854425138888887 0.004912776562500054 0.012476891666666656
0 0.5974765758091993 0.4974446337308347 0.024914821124361053 0.07155025553662692
