8 0.40047574453125 0.4862771583333333 0.013198871875000018 0.025028972222222168
8 0.540053823046875 0.4051564680555555 0.015838646093750075 0.032850522222222234
8 0.351749923828125 0.5021437319444444 0.008799247656250009 0.017207419444444427
8 0.37330808085937506 0.49510433263888887 0.009679172656250012 0.02190035138888885
0 0.31457310312500003 0.5267816243055555 0.009679173437500022 0.015643106944444485
0 0.32073257578125003 0.5299102458333333 0.01143902187500001 0.01877172777777769
0 0.32865189882812496 0.5291280909722222 0.013198871093750009 0.014078795833333269
0 0.33921099570312496 0.5377317986111111 0.03431706484375002 0.037543455555555605
0 0.39376633125 0.5236530034722222 0.030797365625000017 0.02815759305555554
0 0.369128437890625 0.53694964375 0.03079736640624997 0.04536500972222224
0 0.5770295257386606 0.49296085836290937 0.052393248352321176 0.06688918617026302
0 0.508156550390625 0.5040991201388889 0.10119134765625004 0.17050986527777773
0 0.25671804921874997 0.536167488888889 0.01143902187500001 0.012514486111111167
0 0.21624151054687502 0.5408604222222222 0.014958721093749988 0.015643108333333267
0 0.20480248906249998 0.5463355076388889 0.021998120312500008 0.017207415277777804
0 0.16476591171875 0.5533749069444445 0.05103563593750002 0.018771730555555588
