0 0.52141077265625 0.630233963888889 0.02293942812499994 0.021093736111111094
0 0.5177193671875 0.6278902125 0.0092285109375001 0.02109373888888877
0 0.7631977078125001 0.6665620645833333 0.019775376562500058 0.02812498194444446
0 0.790883237890625 0.6665620659722222 0.03559568046875006 0.04687496805555558
0 0.864711310546875 0.6707808006944445 0.09360345234375012 0.07874992638888889
0 0.9569964046875001 0.6689057930555555 0.08569330156249999 0.10124992500000007
0 0.14906514179687502 0.6745307930555555 0.12901785859375 0.09749995
0 0.24969709570312498 0.6447651972222223 0.03691403828124995 0.04921871666666666
0 0.532484976171875 0.66820268125 0.05141597890625005 0.07734369583333334
0 0.71375926640625 0.6951557840277778 0.1107421125000001 0.11718741805555544
9 0.51547816015625 0.5976558388888888 0.007910151562499967 0.018749986111111228
9 0.53723107578125 0.5976558388888888 0.006591792187499945 0.018749986111111228
8 0.62437457890625 0.5976558402777779 0.010546867187499975 0.009374994444444451
8 0.40605440859374997 0.6234370722222222 0.009228510937500045 0.02578123055555559
