9 0.18936565390625 0.45753802222222223 0.011476707812499987 0.05270783888888886
9 0.20466792812499998 0.45668789444444446 0.015302274999999976 0.05100758333333333
9 0.2524875375 0.6505167243055555 0.007651137500000016 0.020403034722222158
9 0.23335969374999999 0.6530671034722222 0.011476706249999996 0.025503793055555612
9 0.7529675874999999 0.5629537055555556 0.012433098437499956 0.02550379166666672
8 0.08081513984375 0.6637786756944444 0.016258667187500006 0.040806068055555644
0 0.40455389609375 0.7171434545706071 0.13580769062499998 0.10546201863656357
0 0.80509096171875 0.6474562638888889 0.06694745312499994 0.10881617777777786
0 0.924639985546875 0.6500066430555556 0.06503466953124992 0.08331238611111114
3 0.07698957070312501 0.7840999423611111 0.04877600078125001 0.03570530972222241
