0 0.27532591702847686 0.7329400174952696 0.031704971318872566 0.032329444831884824
0 0.014679612109375 0.7039660645833334 0.02932933671875 0.03967253194444453
0 0.36374753242187496 0.7158058375 0.019127827343750015 0.019269516666666653
0 0.4482287734375 0.7141055861111112 0.009563914062499956 0.01586901388888895
0 0.48393405312500004 0.7039040777777779 0.00828872656249996 0.009068008333333322
0 0.49509195117187504 0.6976698215277778 0.006375941406249974 0.00793450694444453
2 0.62420479296875 0.7169393375 0.012114292187499931 0.03740553055555562
2 0.6047581679687499 0.7180728375 0.005100754687500042 0.02833752222222219
2 0.6404634460937499 0.7175060875 0.007651131249999943 0.03853903055555552
0 0.44759117929687503 0.6999368236111111 0.0044631601562500345 0.010201508333333331
0 0.45651749921874996 0.7022038243055555 0.00828872656250007 0.007934504166666634
