0 0.1305394890625 0.7932329173611111 0.259675284375 0.40964541805555554
0 0.12843400234375 0.5705058659722222 0.1558051828125 0.05489832361111102
0 0.34740344921875 0.6185418972222223 0.0350912578125 0.07111828055555558
0 0.619711607421875 0.6319545569444445 0.033687607031249955 0.11104433611111109
0 0.528614711328125 0.6112429090277778 0.008421902343749954 0.016219956944444336
0 0.303656351953125 0.6203094826388889 0.07439346640625 0.09357668472222225
0 0.388928118359375 0.6240525506944444 0.07649894140625002 0.10106282083333329
0 0.543493412890625 0.6077493951388889 0.023862055468749976 0.036182984722222145
0 0.69789494609375 0.6343251590277779 0.14317233124999995 0.22458404861111114
0 0.5614601195312501 0.6183547520833333 0.014036503124999933 0.014972268055555515
9 0.523210648828125 0.5335118902777778 0.004912775781249934 0.014972269444444408
9 0.55233639296875 0.5235303770833334 0.005614601562500043 0.022458404166666668
9 0.510577796484375 0.5952725041666667 0.004912775781250045 0.013724583333333373
9 0.554441868359375 0.5871625229166667 0.004210950781249889 0.014972268055555515
8 0.575496623046875 0.5452401618055556 0.011229202343749911 0.027449162499999957
8 0.459835846875 0.5809240784722223 0.0084219015625 0.00748613472222226
