9 0.5589425156250001 0.3477968590277778 0.015210910937499933 0.008320501388888846
9 0.524425444921875 0.34363661041666665 0.01404084140625006 0.012480748611111148
9 0.48932334023437496 0.3477968590277778 0.009360561718749938 0.008320501388888846
9 0.447785850390625 0.3519571069444444 0.012870771093750066 0.0124807472222222
0 0.50558732578125 0.3642298395833333 0.010530632812499996 0.014560870833333295
0 0.448838923046875 0.3652699034722222 0.011700700781250017 0.012480748611111092
0 0.5974378351562499 0.3694301506944444 0.014040842187499902 0.016640998611111124
0 0.46053962460937503 0.3902313986111111 0.056163367968750044 0.07488449166666666
0 0.374629646875 0.35674139097222224 0.047972876562500044 0.0436826208333333
0 0.200874226953125 0.36714201597222224 0.035102105468750006 0.04368261805555551
