0 0.111813515625 0.4855749402777778 0.049030526562499996 0.04251969444444442
2 0.03946359375 0.4953544680555556 0.016742131249999997 0.07653545555555558
2 0.099256917578125 0.48578753750000003 0.014350397656250014 0.07440946944444443
2 0.14111224453125 0.4953544673611111 0.014350398437499995 0.0722834819444444
2 0.15546264179687502 0.49535446805555555 0.011958664843749994 0.059527575000000055
9 0.157854375 0.4156300361111111 0.014350398437499995 0.023385833333333328
8 0.261296824609375 0.3167717409722222 0.00837106640624996 0.029763787499999972
8 0.2714616890625 0.3624804145833333 0.009566931250000021 0.027637801388888827
8 0.2553174921875 0.3826772708333333 0.01315453124999999 0.008503938888888896
8 0.2648844234375 0.39543318124999993 0.017937996874999973 0.012755909722222236
9 0.29836868515625004 0.31251977152777777 0.008371065625000007 0.034015756944444475
9 0.428120197265625 0.3157087472222222 0.00956693203124992 0.023385833333333272
9 0.306739749609375 0.3135827638888889 0.01076279765624999 0.040393713888888905
9 0.4358933300781249 0.31783473333333334 0.008371066406250016 0.031889772222222224
9 0.39511429414062504 0.3975591652777778 0.009566932031249975 0.012755908333333343
9 0.25758964023437503 0.42307098263888887 0.014350397656250014 0.017007879166666684
0 0.39810396015625005 0.4390158701388889 0.01793799687500003 0.010629926388888877
0 0.46399619257812497 0.44433083125 0.014350397656250014 0.0170078763888889
0 0.471769323046875 0.4538977638888889 0.010762797656250045 0.023385833333333272
0 0.32109014765625 0.4666536736111111 0.027504929687500068 0.036141741666666616
0 0.48611972109375 0.4496457930555555 0.02511319687500002 0.03614174166666667
2 0.50764531796875 0.44433083333333334 0.00597933281249996 0.02976378888888892
2 0.52079984921875 0.4507087861111111 0.00597933281249996 0.02976378611111108
2 0.52618124765625 0.4517717784722222 0.009566931249999966 0.03188977083333333
0 0.533954380078125 0.4911024972222222 0.03707186015624986 0.08078742222222218
0 0.49090318750000006 0.4624017027777778 0.02989666093750004 0.040393711111111064
1 0.43290366328125 0.4294489381944444 0.05261812499999996 0.11905515138888884
1 0.358162008984375 0.44007886249999995 0.058597457031249967 0.09779530277777776
0 0.398223534765625 0.4964174604166667 0.07892718671874999 0.1126771958333333
8 0.8030243375 0.4368898854166666 0.014350398437499967 0.07228348472222218
4 0.6722264417968751 0.4002166465277778 0.27295652421875005 0.4379528763888889
2 0.733066148046875 0.52671274375 0.045442925781249977 0.24874022638888893
8 0.5351502480468749 0.3824646763888889 0.020329730468749974 0.010629924999999985
8 0.520201916015625 0.4071260972222222 0.0071751992187499836 0.02763780277777783
0 0.979579069140625 0.7396301291666667 0.03826772578125004 0.3082678
