8 0.33582130234374996 0.5285624763888889 0.020470964062499986 0.017329916666666723
8 0.927042261328125 0.42025049375 0.02534500390624994 0.012130943055555565
8 0.9172941828125001 0.4592428076388889 0.02339538749999992 0.01732991805555556
8 0.9090083164062499 0.43498092361111107 0.012672501562500105 0.010397950000000045
9 0.319249569921875 0.5874841951388889 0.010722886718749991 0.017329918055555615
9 0.47180699765625 0.4488448576388889 0.00584884687499998 0.03465983472222223
9 0.8081157042968751 0.35179732083333337 0.013647310156249981 0.04852376944444442
9 0.792031374609375 0.35179732013888887 0.012672502343749947 0.051989751388888894
9 0.90120985390625 0.4653082784722222 0.010722887500000056 0.046790776388888955
9 0.9328911085937499 0.5060335840277779 0.01754654062500005 0.02079590138888887
8 0.5868343234375 0.5692877826388889 0.007798462499999936 0.019062909722222132
8 0.608767499609375 0.55369085625 0.03606788984374998 0.025994876388888866
2 0.04825298828125 0.7122595993055556 0.039967121875 0.16983319027777777
2 0.5653885507812499 0.6680683097222222 0.05069000781249999 0.17849814722222224
2 0.1954489734375 0.6576703604166667 0.018521349999999992 0.046790776388888955
2 0.37188919296875 0.6386074506944444 0.012672501562499994 0.05025675972222221
2 0.4186799703124999 0.6498718972222222 0.01657173437499998 0.06931966944444445
0 0.675054433203125 0.6238770222222223 0.17644021953125 0.13170737222222229
0 0.466445554296875 0.6368744583333333 0.026319811718749975 0.03639282500000007
0 0.39382236992187497 0.6559373687500001 0.03509308359374996 0.05025675972222221
0 0.42745323984374994 0.6412069381944445 0.014622117187500006 0.04159180138888885
0 0.43866353046874995 0.6403404423611112 0.007798462499999992 0.03292684305555549
4 0.4537730515625 0.6143455666666666 0.02047096406250004 0.01906290833333346
0 0.44889901289062495 0.6377409548611112 0.010722886718750047 0.03465983472222223
0 0.53858133515625 0.6186780465277777 0.016571734375000036 0.027727868055555605
0 0.584884707421875 0.619544542361111 0.013647310156250092 0.029460859722222232
0 0.577086244921875 0.6212775340277779 0.009748078906250068 0.0225288930555555
