0 0.2674641947028633 0.37675339196422464 0.010749757107674895 0.023660841041231506
0 0.25627790295817543 0.37544992033295665 0.016741758337736445 0.026267784303767472
0 0.24217919268849875 0.3777250012023059 0.017296946314497436 0.03263801073794509
0 0.22759810625 0.3813278555555555 0.022412093749999973 0.035156224999999985
0 0.3790569113444407 0.3744783110948755 0.011773543498882044 0.024570873388971126
0 0.3863409692061015 0.37747710241219157 0.017681155599703124 0.0276736142317357
0 0.39634799062500004 0.3823438292938773 0.02241209531249999 0.032500678032199026
0 0.161021003515625 0.38249972986111114 0.026367169531250012 0.0515624652777778
0 0.134653834375 0.38484347916666667 0.04218747187500001 0.0656249527777778
0 0.08785210859375 0.3836716041666667 0.06987299843750001 0.08203119444444446
0 0.206442674270948 0.38208198803050586 0.03306059740404993 0.036664489949900625
0 0.4196100351980674 0.3850052599842233 0.03202214852113472 0.047198528301779896
1 0.51961450703125 0.38015598125 0.09755852656250003 0.14999989861111107
0 0.6184913929687501 0.45398405763888894 0.12919912968750003 0.14296865138888887
0 0.03091216216216216 0.391147823292042 0.06182432432432432 0.09698363269519517
0 0.779990305078125 0.4410934395833333 0.30454080703124997 0.18281237361111102
0 0.2743747528435114 0.3749333272687453 0.010237863912071321 0.018200646954793454
