9 0.49746476640625004 0.40592389236111115 0.007197862499999985 0.025592401388888908
9 0.60903163515625 0.4208527902777778 0.009597150000000054 0.02985779999999999
8 0.642621662109375 0.4379143902777778 0.014395725781250146 0.03838860000000005
0 0.52565639609375 0.4944309395833333 0.010796793749999978 0.019194301388888835
0 0.517258890234375 0.4954972902777778 0.010796794531249931 0.0170615999999999
0 0.50166352109375 0.4901655395833333 0.017994657812500092 0.031990498611111196
0 0.443480798046875 0.4944309409722222 0.01439572578125009 0.023459701388888865
0 0.42188721015624997 0.4944309402777778 0.02879144999999994 0.04052130000000004
0 0.38082756328125 0.5039092368055555 0.06663653281250004 0.0637432902777777
0 0.34391036640625 0.5050944395833333 0.03359002499999997 0.04905209861111115
0 0.288126930859375 0.49869634027777776 0.06598040546875 0.06611370000000005
0 0.197553828125 0.49869634166666665 0.1079679375 0.08744069999999993
0 0.121376449609375 0.5040280902777778 0.07557755703124999 0.08104260000000002
0 0.591036980078125 0.5200233409722222 0.06957933828125007 0.11729849861111119
2 0.45127848125000003 0.4944309402777778 0.005998218750000006 0.027725100000000058
