9 0.41148685703125 0.3692221409722222 0.014040842187500013 0.035362120833333344
9 0.5565755578125 0.36090164305555555 0.016380981249999982 0.035362122222222236
9 0.104928473046875 0.44826688125 0.009360561718749993 0.018721123611111168
9 0.720385380859375 0.4732283784722222 0.014040841406249949 0.027041620833333335
9 0.450684208984375 0.4690681298611111 0.005850350781249958 0.018721123611111168
9 0.478180857421875 0.4773886277777778 0.011700700781250017 0.018721122222222164
0 0.460629804296875 0.4721883145833333 0.01404084140625006 0.012480748611111148
0 0.4588747 0.4805088152777778 0.022231332812500004 0.0124807472222222
0 0.43605833124999993 0.4929895638888889 0.025741543749999984 0.037442244444444495
0 0.39545588968538853 0.5133665415165165 0.03814227468327702 0.06155520525525521
0 0.3332487134396115 0.5192694461148649 0.07488448984374996 0.08528511250000004
0 0.5624259089843751 0.5397923701388889 0.03510210546875003 0.10608636250000003
0 0.4296229453125 0.4617876909722222 0.017551053124999938 0.016640998611111124
0 0.43956854140625 0.46698800416666664 0.014040842187500013 0.018721122222222164
0 0.018532202343750002 0.5855551145833333 0.037064404687500004 0.16432985416666657
0 0.5015822605468749 0.5959557395833334 0.14742884140625 0.23505409583333337
0 0.762507907421875 0.6396383590277778 0.26209571640624996 0.2891373375
8 0.597528014453125 0.3598615784722222 0.016380982031250046 0.012480748611111092
8 0.597528014453125 0.3889833256944445 0.011700700781249962 0.04160249305555558
0 0.327826840625 0.46178769166666667 0.015210912499999951 0.024961494444444454
0 0.3442078234375 0.4586675069444444 0.01755105312500005 0.022881372222222196
8 0.594017804296875 0.5262715597222223 0.009360561718749993 0.020801247222222208
