8 0.5192831578124999 0.46377571944444446 0.022385214062499936 0.033673486111111095
0 0.419152366796875 0.46071449305555556 0.009470667968750068 0.021428583333333362
0 0.401932971484375 0.4660716381944444 0.009470667968749957 0.016836743055555548
0 0.4221657609375 0.49515328541666664 0.01205357812500002 0.026020420833333335
0 0.4385241859375 0.48214307500000003 0.01721939687500007 0.006122455555555573
0 0.459617947265625 0.4997451229166667 0.01808036640624988 0.02908164583333328
0 0.496639646484375 0.5051022694444445 0.04390945859375006 0.06428574444444446
0 0.5676696535156249 0.5119900256944444 0.046492367968750004 0.047449001388888856
0 0.351135755859375 0.48137776736111115 0.02324618359374997 0.022959190277777763
0 0.297755629296875 0.482143075 0.007748728906250002 0.021428580555555576
0 0.3067958109375 0.4852043013888889 0.01894133281249999 0.024489808333333307
0 0.32487617734375 0.4844389951388889 0.027551031250000024 0.026020420833333335
0 0.26891314140625 0.47984715625 0.04304848750000001 0.0505102291666667
0 0.20339335 0.49147981458333334 0.08351406718749999 0.06275512916666665
0 0.148291284765625 0.48765328333333335 0.02669006328125001 0.06122451666666656
0 0.105242794921875 0.49377573611111114 0.10589928359374999 0.08877555277777782
0 0.032603850390625 0.4774104610923423 0.06520770078125 0.1478817805180181
0 0.53348915625 0.5748982222222222 0.1300064359375 0.16530619722222223
0 0.43850756210937497 0.5042891368055556 0.028412002343749965 0.045918387500000046
0 0.392015194140625 0.5134728131944444 0.052519157031249986 0.0704081958333333
8 0.058814378515625 0.37058848819444445 0.03126840390625 0.0582353347222222
