9 0.31941418710937497 0.3715460569444444 0.011990132031250045 0.040855263888888826
9 0.156548233203125 0.36000000555555556 0.013988488281249989 0.04263157777777776
9 0.08560662031249999 0.41684211041666663 0.011990131249999994 0.03552631805555556
9 0.23598285468750002 0.45503289930555557 0.008992598437499971 0.019539473611111136
9 0.28294420390624997 0.43194079305555555 0.010990954687499999 0.01953947500000003
9 0.32590884296875 0.43549342569444444 0.008992598437499999 0.01953947361111108
9 0.409340176171875 0.4505921097222222 0.011990132031249934 0.02131578888888891
8 0.42782496210937504 0.38812500277777773 0.016986019531249952 0.012434208333333363
8 0.402845519140625 0.4121052645833333 0.016986019531250007 0.0071052625000000424
8 0.38635908984375 0.44763158125 0.013988487500000035 0.01776315694444447
2 0.677119780859375 0.5133552666666666 0.045962171093750004 0.18118421388888883
2 0.58619461640625 0.4978123111111111 0.02597861874999996 0.11812461666666674
8 0.5372349121093749 0.28065789513888895 0.01998355390624995 0.03907894861111111
8 0.549225044921875 0.3188486847222222 0.019983553906250062 0.019539474999999973
8 0.529741080078125 0.31707236944444445 0.014987664843749915 0.015986844444444426
0 0.2444238140625 0.4865836388888889 0.01398848749999998 0.01953947500000003
0 0.2324336828125 0.48577109027777776 0.01398848749999998 0.025019638888888918
0 0.2159472515625 0.49102442916666666 0.018984375000000026 0.024868425000000027
0 0.182474800390625 0.48125469236111107 0.043963814843750004 0.06572368472222218
2 0.12002619765625 0.4963533763888889 0.02098272968749998 0.0710526305555555
8 0.1554970046875 0.4421757423611111 0.01199013124999998 0.023092104166666627
0 0.3613275984375 0.49635337777777777 0.08393092187499995 0.04618421388888888
0 0.31104398671875 0.4769407895833333 0.018984374999999942 0.023092104166666683
2 0.4834459459459459 0.4882882882882883 0.016216216216216273 0.06846846846846849
