0 0.09782422109375 0.4963963963963964 0.193941253125 0.48468468468468473
0 0.2211403000105574 0.5151629427740241 0.07648387421875 0.1602519291666667
0 0.27059583046875 0.48665248611111106 0.0942390578125 0.12140297499999997
0 0.3237268121516047 0.4817963666666667 0.053534705384290504 0.10197850000000003
0 0.355274406640625 0.48543845555555554 0.02048675234374997 0.055845366666666674
0 0.36338499609374997 0.4811029986111111 0.025781664062499987 0.06451628333333337
0 0.388053209375 0.47694024930555556 0.023218318749999967 0.04856119027777783
0 0.6072614578125 0.5036489027777779 0.09014170937499999 0.12625909444444444
0 0.56150771015625 0.49757875416666664 0.03141301874999991 0.08012596388888887
0 0.5321433640625 0.4878665166666667 0.030047235937500028 0.0704137250000001
0 0.5143881800781249 0.4867286720345345 0.021852535156250075 0.05356968295795794
0 0.5048276972656249 0.4866524861111111 0.027315671093749994 0.033992836111111036
0 0.49390142890625 0.47694024722222217 0.021852535937499917 0.029136713888888888
0 0.442684548828125 0.46601397986111115 0.02048675234374997 0.021852534722222205
8 0.619553507421875 0.40167040277777777 0.02731566640625005 0.05827342777777772
9 0.4809264859375 0.4004563729166667 0.009560484375000011 0.03156477361111115
9 0.42834382070312504 0.4053124923611111 0.008194700781250008 0.02185253472222226
9 0.518485530859375 0.43757101111111113 0.010926267968749848 0.021852536111111154
