8 0.784752103125 0.3227504520833333 0.027329674999999942 0.06940869861111115
8 0.534094911328125 0.45902373472222224 0.017949444531250025 0.022440402777777757
8 0.50218278203125 0.4364071944444444 0.01073665781250005 0.01908739166666662
8 0.030745884375000004 0.4207902388888889 0.020497256250000002 0.04338043611111114
9 0.36895061601562495 0.4537593680555556 0.0078084789062499715 0.019087391666666675
9 0.479733406640625 0.43120154236111113 0.006832419531249967 0.022557826388888924
2 0.887238384765625 0.48152284930555556 0.02537755546875009 0.10584826527777774
0 0.454843880859375 0.5101539381944444 0.015616958593749952 0.027763481944444335
0 0.470948866796875 0.5179624159722223 0.018545136718750077 0.053791743055555674
0 0.486565825 0.51709480625 0.026353615624999938 0.07982000416666668
0 0.40896906796875 0.5170948076388889 0.015616956250000091 0.031233915277777857
0 0.39823241054687497 0.5214328513888888 0.01952119609374997 0.03991000277777779
0 0.34942941875 0.5240356777777778 0.01952119687499998 0.04164521944444455
0 0.33966882109374996 0.5370498097222223 0.027329674999999998 0.04338043611111109
0 0.3344168631123311 0.5315315315315314 0.030490598099662147 0.05045045045045049
0 0.29281794921875004 0.5014778493055555 0.02342543593749996 0.020822609722222163
0 0.31038702500000004 0.5370498069444445 0.03709027343749999 0.057262177777777756
0 0.2742728109375 0.5396526354166666 0.06051570937500006 0.07982000416666668
0 0.17764288867187503 0.6117117117117117 0.23035011953125004 0.25405405405405407
0 0.375783033984375 0.5283737222222222 0.04489875234374996 0.057262177777777756
0 0.43483465429687496 0.5240356777777777 0.040018452343749955 0.055526961111110995
0 0.518775798828125 0.5301089368055556 0.06734812890625003 0.08849609027777783
0 0.7528804407411318 0.5205057869369369 0.22126614554476343 0.17340284054054061
4 0.56697084453125 0.4380912951388889 0.08058122499999998 0.14568357083333333
8 0.27059583046875 0.45387368194444444 0.015023618749999967 0.012140297222222207
