0 0.6767400078125001 0.6306560277777777 0.04819918281250002 0.08306248055555554
0 0.571640425390625 0.6274997756944445 0.05906247890624994 0.11999995694444443
0 0.6096091609375001 0.6181872777777777 0.03585936249999999 0.08812496944444448
0 0.5312459210937499 0.6191247784722222 0.013710931250000002 0.018749995833333366
0 0.521226394140625 0.6125622791666667 0.010546872656249984 0.016874991666666617
0 0.5101521792968751 0.6144372798611111 0.009492185156250055 0.01312499305555559
0 0.49011312421875003 0.6125622791666667 0.00949218437499999 0.020624991666666648
0 0.501187338671875 0.6134997791666668 0.008437496093749997 0.018749991666666577
0 0.4669100058593749 0.6144372798611111 0.00949218515625 0.01312499305555559
0 0.45636313359375 0.6134997791666668 0.01160155781249994 0.014999994444444442
0 0.42155845742187503 0.6125622791666667 0.01792968203125006 0.020624991666666648
0 0.346464721484375 0.6191247770833334 0.01582030703124998 0.02999998749999988
0 0.10549998515624999 0.6701247631944445 0.2086005625 0.21524992361111106
0 0.325370978515625 0.6184373027777779 0.022148428906250073 0.03937498611111112
0 0.392343612109375 0.6231248006944445 0.03796873671875001 0.048749981944444465
0 0.44261703750000003 0.61281230625 0.014765621874999968 0.020624990277777755
0 0.48023421640624997 0.6146873041666667 0.012656243750000018 0.016874991666666728
0 0.89173796953125 0.6460935208333334 0.21410148750000002 0.3453123749999999
2 0.6154099402343751 0.6299997777777777 0.015820307031250036 0.08999996666666654
7 0.6423044628906249 0.6374997770833333 0.033749988281249976 0.17999993749999998
3 0.6389294820312501 0.67462476875 0.031640612500000054 0.14249994861111115
9 0.14607416757812502 0.26831240347222224 0.02847655234374999 0.07687497361111109
9 0.651691172265625 0.37799986527777774 0.009492185156249944 0.05249998055555555
9 0.630597429296875 0.3761248652777778 0.011601558593749894 0.05249998333333333
9 0.123925737109375 0.2671874076388889 0.015820307031250008 0.08437497083333331
9 0.641144299609375 0.3721873708333333 0.009492182031250018 0.05437498055555556
8 0.10441402578125 0.4049998583333333 0.029531239062499992 0.037499986111111105
8 0.08964840625 0.44737485416666667 0.0189843703125 0.007499999999999951
8 0.10705074414062501 0.4614373479166667 0.007382808593749998 0.016874995833333295
8 0.09808590234375 0.47456234375 0.027421865625000014 0.016874990277777724
9 0.08437496875 0.5443123159722223 0.016874992187499993 0.031125001388888962
8 0.74344898515625 0.45993734444444445 0.026367178125 0.016874994444444513
9 0.7593220125 0.5449685618055555 0.01360549062500005 0.025687484722222265
9 0.51626935 0.5549998069444444 0.00421874843749992 0.016874994444444513
9 0.420820165625 0.5418748104166666 0.004218750000000104 0.026249990277777746
