9 0.5570615671874999 0.27562490347222224 0.011601557812500052 0.04124998472222219
9 0.20374137890625 0.19312493194444447 0.017929681249999996 0.06374997777777777
9 0.22272574570312498 0.19406243194444445 0.011601558593750033 0.061874977777777784
8 0.145206242578125 0.2221874222222222 0.08859371953125002 0.035624988888888875
8 0.097217978515625 0.2718749048611111 0.028476552343750017 0.01874999305555558
8 0.097217978515625 0.32624988541666666 0.041132799218750016 0.06749997638888883
9 0.075596892578125 0.35343737708333334 0.016874994531249993 0.03187499027777779
9 0.5607529726562499 0.3843748652777778 0.00843749843750008 0.02624999166666664
9 0.581846714453125 0.38812486458333334 0.014765619531249996 0.0337499902777777
8 0.567608437890625 0.3046873930555556 0.024257803906249986 0.016874994444444458
8 0.37196397578124996 0.3862498652777778 0.021093742187499986 0.014999994444444498
8 0.35719835546875 0.3768748673611111 0.014765618749999987 0.018749995833333366
9 0.24962026835937498 0.3946873618055555 0.010546871093750021 0.01687499305555551
0 0.32552134897207274 0.4444702897597298 0.035932148930854446 0.04894087396390401
0 0.3693272578125 0.46218733819444446 0.055898418749999956 0.08062497083333336
0 0.22747183984374997 0.4424998451388889 0.040078110937499994 0.04499998472222222
0 0.18106560507812502 0.4659373368055555 0.08015622265625003 0.08812496805555553
0 0.47275164846646406 0.5144556659406101 0.15758388282215463 0.20119800796687232
2 0.7157919796875 0.5287498152777778 0.03796873593750005 0.19499993333333326
2 0.791729454296875 0.5615623034722222 0.04007811171875009 0.15937494305555555
2 0.83760834453125 0.5381248111111111 0.024257803125000033 0.13874995277777774
9 0.3484938046875 0.41158553541666665 0.006823654687500014 0.029460859722222177
