0 0.10797336848550024 0.606407389734698 0.21594673697100047 0.25460551785917257
0 0.2901030864592191 0.6102724283043408 0.10605854895656178 0.11732475450242952
0 0.4473588151336725 0.6389247200486928 0.06812202329941042 0.10462325035451148
1 0.539068738671875 0.6308089881944445 0.04484116015624995 0.10051352083333331
0 0.367502558203125 0.5948439542453117 0.06823654921875 0.11176705571284573
0 0.21250811054687502 0.5883506909722223 0.031193850781250004 0.10917847916666668
0 0.5731545635858284 0.6679638446756555 0.02735951970334305 0.039649875462422046
0 0.4929401482774055 0.6438631394531321 0.0220710159451889 0.032813412760402505
9 0.036555294140625 0.4193839979166667 0.018521349218750007 0.02772786805555555
9 0.8462420016620198 0.6528822088636609 0.026664743678837532 0.03706130030513188
8 0.014134713671875 0.34053287430555557 0.01462211796875 0.019062909722222188
8 0.035580487109375 0.3422658659722222 0.01852134921875 0.019062909722222188
8 0.013647309765624999 0.4089860472222222 0.021445772656249997 0.013863933333333245
8 0.8819892304321726 0.43115185845150383 0.036618957739345315 0.05819555579189645
8 0.8784821008373417 0.500758499471666 0.042663589886140274 0.056884786514853625
8 0.871965618359375 0.5718872694444443 0.030219042968749887 0.0554557361111111
8 0.6229022132812501 0.5952826583333333 0.015596926562500002 0.03292684444444449
8 0.5931705742187501 0.6212775340277779 0.010722885937500037 0.019062909722222243
9 0.4839920953125 0.5857512041666666 0.004874039062500002 0.013863936111111141
2 0.76376194765625 0.7217910548611111 0.016571732812500017 0.10224651249999994
2 0.716971170703125 0.7096601111111112 0.01657173359374997 0.08145061111111118
2 0.6950379941406251 0.7105266069444445 0.017546541406250005 0.09704753611111105
2 0.6618609862831608 0.6962377856032225 0.021512853996178305 0.1013632954602216
2 0.757425695703125 0.7235240465277778 0.009748077343749939 0.07798462916666682
9 0.042404141015625 0.2937420986111111 0.02047096484375001 0.04679077777777774
0 0.5039636555300313 0.6373681761777917 0.015998846207302575 0.03188995607650891
0 0.41615369591507606 0.6064670054253543 0.020964405892652138 0.041978855295153106
0 0.3148863821710008 0.5580742313389049 0.04702691157904093 0.023271049028803725
