0 0.18158158417328332 0.5510141656587499 0.15663260821593333 0.1401583047936113
0 0.25953458408904273 0.5327631843031642 0.07982811775941459 0.11572281194922718
0 0.30155401033158197 0.5072226797574448 0.06496501187207715 0.10428877527723174
0 0.34058149880697164 0.505929843700289 0.031512878893171725 0.07412260061026382
0 0.36353995725366367 0.5082822168225173 0.02535067075732733 0.055627603089479116
0 0.3900324779931795 0.4947252645382724 0.03442176002177216 0.06205613074347671
0 0.5648077524699244 0.5011894448240513 0.04363321692900701 0.05947045862916511
0 0.5366996367606421 0.4888745202993896 0.02911094835371575 0.04962467948766802
0 0.5242287609375 0.48398403958333336 0.014501943749999913 0.035156226388888934
0 0.4635842703125 0.5123912534104598 0.07514643281250011 0.10603313459869723
9 0.797128962109375 0.3621091291666667 0.014501941406250163 0.04453122222222222
