0 0.31468445234375 0.46637775625 0.011192606250000015 0.019897968055555604
0 0.32415511992187496 0.46561244930555556 0.009470667968750013 0.024489806944444525
0 0.32845996914062503 0.46714306250000004 0.009470666406249995 0.021428580555555576
0 0.37193894296874996 0.468673675 0.020663275000000036 0.033673483333333365
0 0.384853489453125 0.46714306249999993 0.006887758593750015 0.027551033333333363
0 0.39389367148437504 0.4663777548611111 0.019802305468750003 0.03214287083333339
0 0.40078142890625 0.47020429999999996 0.012914546874999988 0.03367350833333338
0 0.412404521484375 0.4732655375 0.017219394531249987 0.03061225833333331
0 0.42488858320312495 0.4747961486111111 0.01808036484375003 0.036734711111111096
0 0.441677494140625 0.4755614576388889 0.030994911718750018 0.041326551388888855
0 0.46432179314338623 0.4741229042062416 0.024625322224272495 0.05338733325418371
0 0.48527410169837587 0.47936759538231566 0.044144726834251746 0.05820407867981331
0 0.2961736015625 0.4686736979166667 0.008609698437500035 0.018367356944444524
0 0.291438269140625 0.4694390055555556 0.009470666406249995 0.02908164722222223
0 0.2449459 0.4747961486111111 0.016358424999999982 0.03061225833333342
0 0.224282625390625 0.4793879895833334 0.03185588203124998 0.0428571625000001
0 0.15798795390625 0.49086758541666675 0.02841200156250001 0.047448998611111126
0 0.13689419453125 0.4939288125 0.02927297343749999 0.050510224999999964
0 0.11226252896888564 0.49486738148331577 0.02994588918777126 0.055448590744409165
0 0.0717899252724481 0.49943031354872314 0.06781450991989621 0.06901327431966853
0 0.188121895703125 0.48635225972222224 0.042187519531249995 0.045918388888888884
0 0.346109848828125 0.4733420486111111 0.03443878984375004 0.05051022500000002
0 0.518781350997955 0.4953554592379159 0.05950103793340983 0.07310846569805407
0 0.767554553515625 0.4671430729166667 0.18855238046875 0.11938780694444445
9 0.377965730859375 0.27206645 0.010331636718750037 0.04132654999999996
9 0.367203608984375 0.27130114166666663 0.011192607031250024 0.0428571611111111
9 0.5810597148204375 0.3730869034722222 0.012914546874999933 0.03214287083333339
8 0.35902439570312505 0.4128828395833333 0.029272972656250007 0.026020420833333335
8 0.459327373828125 0.3906889506944444 0.011192607031250024 0.03061225694444447
8 0.59837399296875 0.33252566041666665 0.012053576562500057 0.024489806944444414
8 0.6013873875 0.28584196527777783 0.019802304687499994 0.016836741666666655
8 0.593638659375 0.2628827715277778 0.007748728125000048 0.016836740277777817
4 0.2692286666296885 0.45735635220055715 0.038290299254000126 0.08367139466614842
