0 0.715606490234375 0.4135040520833333 0.10523624921874997 0.1126771958333333
0 0.6650979637615049 0.46865673703849087 0.11536744903949014 0.15544273425635158
0 0.29119348671875 0.44645681597222225 0.09208171875000001 0.14031499861111107
0 0.13872051093749999 0.4751576131944444 0.27744102187499997 0.38905522638888884
0 0.47236725703125 0.51448833125 0.34440954375 0.4719686347222223
0 0.847749770703125 0.5665749604166667 0.30255421796875004 0.3975591652777777
8 0.312121149609375 0.23598431736111114 0.016742130468750005 0.0297637875
8 0.24276089414062502 0.25618117291666664 0.019133863281250024 0.036141740277777806
8 0.973315752734375 0.3327166284722222 0.02989666171875005 0.01913386527777783
8 0.9015637640625 0.3486615145833334 0.02032972968750002 0.029763790277777813
8 0.31630668164062503 0.3486615138888889 0.027504928906249948 0.04677166666666671
8 0.739643413671875 0.3475985215277778 0.020329730468750085 0.04039371250000007
9 0.114803181640625 0.26043314305555554 0.011958664843750008 0.0361417416666667
9 0.169813039453125 0.2614961361111111 0.011958664843750022 0.04251969444444448
9 0.22362703007812498 0.2614961361111111 0.011958663281250004 0.03826772777777779
9 0.43230572968750003 0.24661424097222223 0.013154529687499916 0.029763790277777785
