0 0.3802855390625 0.3768308138888889 0.009566932812499984 0.017007880555555466
1 0.35038887734375 0.3747048291666667 0.04305119218750003 0.07653545277777779
0 0.32348188125 0.3874607381944445 0.01315453124999999 0.029763787499999916
0 0.3061418171875 0.39064971458333336 0.021525596874999997 0.044645681944444404
0 0.29119348632812503 0.3906497138888889 0.02032973046875003 0.040393711111111064
0 0.26906995703125003 0.3874607381944445 0.0406594609375 0.05952757638888889
0 0.248142293359375 0.3980906618055556 0.058597457031249994 0.06803151527777773
0 0.398821469921875 0.3909686159722222 0.027504928906250004 0.04464567916666662
0 0.419151198828125 0.39522058541666666 0.015546266406250009 0.027637801388888827
0 0.43230572968750003 0.3984095625 0.0227214624999999 0.03826772777777776
0 0.443068527734375 0.40372452430555555 0.015546263281250028 0.04889765138888891
8 0.45323339335937496 0.35270088888888884 0.014350397656250014 0.01913386388888888
0 0.45442926015624996 0.41116547152777777 0.019133864062500006 0.06377954583333334
0 0.46758379101562497 0.41435444791666665 0.023917328906250035 0.07015749861111115
0 0.5039381193482257 0.4184075563897809 0.07797051911604835 0.11653140722400607
0 0.742393927734375 0.53914976875 0.29179141953125 0.2678740902777778
0 0.925258345703125 0.6105828388888889 0.14948330859374992 0.46346469444444444
0 0.061153619140625 0.4383780666666667 0.12197838046875 0.45070878611111104
5 0.1442663375 0.40648829513888884 0.053813990625 0.10629924305555555
