0 0.38992313828125 0.4644417819444444 0.13062425156250002 0.22875490555555555
0 0.2870809109375 0.4618422951388889 0.09455636093750003 0.12997437916666665
0 0.2132990748129444 0.47529623952647615 0.048372705875888794 0.05800870428038096
0 0.08773270625 0.4808283517168137 0.1403723296875 0.10902477287807194
0 0.23785311445312501 0.4618422951388889 0.02144577265625 0.03292684305555549
9 0.171566180859375 0.2322208909722222 0.017546541406250005 0.055455734722222205
9 0.44889901289062506 0.2720797006944444 0.00877327109374998 0.031193851388888916
9 0.34020793828125 0.3968551048611111 0.009748078125000004 0.024261884722222182
8 0.451823436328125 0.24695132083333335 0.01852134921875004 0.012130941666666673
9 0.12331319257812501 0.4133185263888889 0.012672502343750017 0.01906290833333324
9 0.5429679703125001 0.37865869236111105 0.011697693750000071 0.02599487638888892
9 0.691626166796875 0.34399885763888893 0.02242058046874995 0.032926843055555544
8 0.134523482421875 0.36652775 0.023395388281250012 0.01906290833333335
8 0.121363576953125 0.33879988194444444 0.018521349218749983 0.008664958333333361
8 0.533707295703125 0.32320295694444445 0.020470964843750106 0.01906290833333335
8 0.440613146484375 0.3829911715277778 0.009748078906250068 0.017329918055555504
2 0.77107300625 0.4367139145833333 0.04094192968749999 0.13517335416666665
2 0.70283645703125 0.4375804104166666 0.03314346718750005 0.12304241249999998
9 0.18716310625 0.2322208909722222 0.011697693749999988 0.055455734722222205
9 0.5532034523437499 0.37865869236111116 0.010722885937500037 0.022528893055555554
