9 0.303320917578125 0.3218643479166666 0.01458686171875001 0.04576270138888888
9 0.49423719609375 0.3653389138888889 0.012012710937500004 0.022881352777777697
9 0.46334736953125 0.47745753611111114 0.0068644046874999365 0.012203386111111048
9 0.426451191015625 0.47822024930555557 0.006864405468750112 0.010677965277777757
9 0.31662070234375 0.32033892152777776 0.010296609374999988 0.04576270138888888
9 0.239138730859375 0.46372872569444445 0.012870761718749957 0.02135592916666662
9 0.5845041371093751 0.4606778784722222 0.013728810156249938 0.024406773611111154
9 0.6848960671875 0.4217795819444444 0.022309318749999973 0.025932197222222175
8 0.49380816796875004 0.470211775 0.007722456250000065 0.015254233333333367
8 0.6641312312500001 0.4046185680555555 0.020593217187499957 0.03661016388888888
8 0.575322983984375 0.43970330625 0.011154658593749978 0.015254231944444419
8 0.5847615421875001 0.42673720625 0.014586860937500057 0.010677962499999971
0 0.32013933208598716 0.5261090829282719 0.055088096984474255 0.06744263969901199
0 0.473643976953125 0.5262710875000001 0.030889824218749917 0.05186439722222225
0 0.5276927182737309 0.5577419413772309 0.09955078689003827 0.12700949386557286
0 0.6211157341177092 0.5589124927713225 0.08132255342338124 0.12676365815432056
0 0.7576812701783302 0.5604258233020858 0.24544752941916037 0.261792145062495
0 0.40285479765625 0.6104236305555555 0.17075208593749996 0.24559319722222223
0 0.8980680060687974 0.6775931104166667 0.20386398786240512 0.366101626388889
