2 0.38608233789062496 0.35739483055555554 0.012789477343749966 0.052578961111111155
0 0.400870170703125 0.35952641041666666 0.013588819531250018 0.025578956944444398
0 0.3474496903606116 0.375127668647736 0.054945532429119925 0.059101076898549265
0 0.3161431577439949 0.37471927476650113 0.027983527987989754 0.04350901991144218
0 0.2871942955538876 0.3857986964210851 0.03139744710235426 0.04760920083494241
0 0.20942768632812497 0.4035790541666667 0.10551318515624997 0.08526318333333327
1 0.17743581391910374 0.3595264097222222 0.19458369645299223 0.11936845277777774
0 0.4828072455539104 0.3504879243884669 0.024311301113650874 0.03376569599118179
0 0.466416240234375 0.34602640625000003 0.02318092734374999 0.029842112500000073
0 0.4327673385587585 0.36089290933715384 0.06489977600748309 0.09958281465902563
9 0.44003794375000005 0.29842112986111113 0.008792765624999976 0.025578951388888937
0 0.118702333203125 0.5130001333333333 0.23740466640625 0.3012632388888889
1 0.544352115625 0.3133421875 0.08952633906250002 0.1747895194444444
2 0.6415178858400308 0.34212844095557365 0.029484308007438287 0.1399538625332971
2 0.7107253175382156 0.3464292481399655 0.04178580070143123 0.17559520461326428
2 0.7692247617991099 0.3136268421342687 0.02886967007246033 0.1412535564907597
2 0.936829191796875 0.3168948194444444 0.0543552773437499 0.2330526916666667
2 0.877278189453125 0.35384219791666666 0.08233225859374993 0.3240000819444445
2 0.8173275156250001 0.3174794814931221 0.04076645781249999 0.1892517759026447
2 0.679840637890625 0.31902639930555554 0.018384872656249995 0.08100002083333335
2 0.6650528046875 0.32186850624999996 0.015986845312500053 0.07247370416666665
2 0.62228799140625 0.32328955833333334 0.013588818750000065 0.08952633888888895
2 0.607899830859375 0.32044745208333336 0.01678619140625004 0.05826317361111116
