8 0.11892655625000001 0.235686875 0.03314346718750001 0.020795900000000034
8 0.143296752734375 0.27814517222222224 0.03899231484374999 0.025994874999999973
8 0.7827706999999999 0.22095644444444446 0.05069000781249999 0.029460858333333312
9 0.118926557421875 0.3760592048611111 0.017546541406250005 0.038125818055555594
9 0.153532235546875 0.37865869305555555 0.010722886718749991 0.039858808333333384
9 0.8139645507812501 0.3465983451388889 0.02339538749999992 0.045057784722222216
9 0.7930061828125001 0.35093082430555556 0.00877327031249997 0.0467907763888889
9 0.5634389343749999 0.024261884722222224 0.02339538750000003 0.04852376944444445
9 0.5912209582031249 0.02252889236111111 0.02242058046874995 0.04505778472222222
9 0.568800377734375 0.3873236513888889 0.004874038281249993 0.019062911111111136
9 0.639473946875 0.3968551055555556 0.0038992312499999127 0.01732991666666661
8 0.6662811625 0.4289154506944444 0.006823654687500014 0.015596926388888877
9 0.60828009609375 0.41245203055555557 0.0038992312499999127 0.013863933333333356
0 0.13744790625 0.5701542763888888 0.2748958125 0.32233646111111103
8 0.304627451953125 0.45577682291666666 0.006823655468750023 0.017329918055555504
0 0.456210071875 0.4843131307933882 0.05069000781249999 0.05547785673768457
0 0.67213001015625 0.48003870694444445 0.04776558593750002 0.06585368611111109
0 0.5756240324218751 0.4627087909722223 0.01657173359374997 0.020795901388888927
0 0.49471498164062505 0.4644417826388889 0.012672502343750058 0.024261884722222182
0 0.58975874765625 0.45837631319444444 0.013647309375000027 0.019062909722222243
0 0.6063304796875 0.4514443444444445 0.009748078124999893 0.012130941666666561
0 0.6540960640625 0.4601093027777778 0.02924423437500001 0.03639282777777775
