9 0.46292509296875006 0.25242169375 0.007910151562500023 0.025781231944444455
9 0.41612336640625003 0.24187482638888888 0.009228509374999971 0.023437483333333342
9 0.385141943359375 0.2699998069444445 0.010546867968749984 0.023437483333333342
0 0.47990426875776027 0.31517980838543963 0.02341148439052043 0.03620241100689858
0 0.369321641796875 0.3227341451388889 0.03691403671874999 0.08203119305555556
0 0.32713417031249997 0.3567184986111111 0.07910150781250003 0.09374993611111104
0 0.42667023515625 0.35085912708333333 0.09096673437500002 0.15234364583333337
0 0.5395404382053967 0.31880393100571236 0.07250971562500008 0.1301603029771466
0 0.788559634765625 0.4680465451388889 0.42187471015625 0.41953095972222215
4 0.070622812890625 0.3321091388888889 0.14124562578125 0.5976558416666667
