9 0.3972774671875 0.4220338229166667 0.008580507812499916 0.03966100972222225
9 0.388696959765625 0.3999151854166667 0.010296607031250016 0.028983043055555546
9 0.192374962109375 0.4499999159722222 0.00858050546875 0.021355929166666676
0 0.24154126796875003 0.6460168243055555 0.019735165624999995 0.025932195833333394
0 0.26771181289062496 0.63991513125 0.017161013281250026 0.02593219861111118
0 0.2037870375 0.6505930972222222 0.02488347187499998 0.02898304444444444
0 0.3252012109375 0.6673727541666666 0.060063549999999966 0.08084744444444447
0 0.12452459335937499 0.6675906763888889 0.06435380078125001 0.04118643333333338
0 0.066177146484375 0.6752177944444444 0.04719278828125001 0.03203389166666659
0 0.02086135 0.6736923680555555 0.0417227 0.04118643333333338
0 0.666567482421875 0.6487408041666667 0.1072563367187499 0.07016947777777782
0 0.7974202125000001 0.6228086076388888 0.11497879218749996 0.07016947638888882
0 0.8776479500000001 0.6395882687500001 0.08151481562500007 0.0793220180555555
0 0.928861426171875 0.7851482868055555 0.14024862265625004 0.3132962986111111
