8 0.290146813671875 0.14234700416666668 0.023246185156249988 0.04285716111111111
8 0.2785528384361097 0.20190566154070982 0.055452798127780534 0.08542039627248244
8 0.3427469389592889 0.20862411967450056 0.07637928104357783 0.08733995573927975
8 0.4584576260889026 0.22238402732007723 0.06758216500969488 0.05727298702651232
8 0.45819157648182485 0.2603988559839328 0.06791895921364982 0.027940350856754503
8 0.51635586171875 0.3711736354166667 0.02066327499999998 0.03214287361111112
8 0.5583119778008929 0.35739811875 0.010794444398214198 0.02908164583333339
8 0.37283246442999946 0.37729608680555554 0.01325841020250107 0.026020420833333335
8 0.37730924414062506 0.3688777166666667 0.011192607031249968 0.021428580555555576
8 0.1561512411052373 0.35212505584730636 0.024745666227025398 0.024321646638720773
8 0.298960994921875 0.2571429722222222 0.06285079453124998 0.027551033333333308
0 0.360377348828125 0.4227771618055555 0.03960461015624994 0.05357145416666664
0 0.47058147968749997 0.4641037097222222 0.11709189062499997 0.13622455
0 0.246941793359375 0.4614002108515476 0.19113528984375003 0.4191731671857937
0 0.9589219023437501 0.5158464527777777 0.07834824843749999 0.11020413055555561
8 0.86183074375 0.3313777006944445 0.04563139687499995 0.12397964861111116
0 0.929847355859375 0.42015325000000003 0.023246185156249988 0.021428580555555576
0 0.914780384375 0.4209185548611111 0.018941334374999896 0.013775515277777872
0 0.89928292890625 0.42091855625 0.018941335937500137 0.019897968055555548
0 0.882494018359375 0.4109695722222222 0.018080366406249992 0.03979593611111115
0 0.7899397679687501 0.4209185548611111 0.04132655000000007 0.02908164583333328
0 0.64142248203125 0.4132654923611111 0.02410715468749991 0.029081645833333336
8 0.43992734536536116 0.4017656869165566 0.0056400940137300015 0.015040250703279745
8 0.41998558438824474 0.40104948450211475 0.006042957871853494 0.016472655532163538
8 0.3925908420358424 0.40140758570933566 0.005237230155606343 0.017188857946605407
8 0.46631492807245456 0.39746847242990524 0.006042957871853438 0.005013416901093304
