9 0.449610717578125 0.6694245069444444 0.011192607031250024 0.035204097222222175
9 0.30988761992187497 0.7092204416666666 0.009470667968750013 0.032142875000000126
9 0.34260447109375003 0.7522962784722222 0.0060267890625000375 0.019897968055555548
9 0.370155502734375 0.7660717951388889 0.006026788281250028 0.01683674027777793
9 0.39211023359374997 0.7392860701388888 0.0034438796874999844 0.015306129166666627
9 0.38436150546875003 0.7576534243055555 0.005165818750000051 0.015306131944444412
9 0.359823865625 0.7706636340277777 0.006026787500000019 0.016836743055555492
0 0.381409609375 0.7816840430555555 0.006887756249999988 0.026020419444444443
0 0.38786688359375 0.7801534291666666 0.006026787499999964 0.026020416666666657
0 0.395185126953125 0.7816840423611111 0.010331636718749981 0.029081643055555495
0 0.40766918906249994 0.7855105756944444 0.012914546874999988 0.027551034722222312
0 0.422305673046875 0.7878064958333333 0.014636485156250045 0.03520410000000007
0 0.45416155625 0.8314289631944445 0.07146049062499998 0.1132653569444445
0 0.36031585117187503 0.8100003812500001 0.03529976171874999 0.045918384722222205
9 0.51583927578125 0.7544391159722221 0.008609698437500146 0.02295919583333328
8 0.42026861596792653 0.7390309590277778 0.00665702587664696 0.019897968055555548
8 0.5124205285156249 0.7114615742180642 0.011192608593750042 0.010750990452760512
8 0.503380345703125 0.7359697333333334 0.018941335156250072 0.010714288888888923
8 0.8370607252957345 0.6640341689834665 0.026723559715235656 0.031143468522488504
8 0.8277614860136311 0.7776538330484677 0.016010721722737764 0.026311203347509138
