9 0.27663627109375 0.3744804451388889 0.00956391562500003 0.03655541249999994
9 0.332585180078125 0.3579029909722222 0.010520307031250009 0.037405537499999975
9 0.44209201875000004 0.4135862361111111 0.005738350000000059 0.024653650000000027
9 0.48560783710937494 0.41571154999999993 0.004781958593750024 0.023803524999999992
9 0.318956599609375 0.46841935416666663 0.007172936718749967 0.023803525000000048
8 0.30652350859375 0.3723551305555555 0.02151881093750002 0.01360201388888893
8 0.47030557070312495 0.42123736805555556 0.015302264843750024 0.011051636111111096
9 0.590093619140625 0.44631608125 0.007172936718749967 0.03400503472222216
2 0.23359864921875 0.5279281645833334 0.012433090625000004 0.06120906250000008
2 0.863143422265625 0.5576825701388889 0.017693244531250096 0.09691434861111103
0 0.22553507109374998 0.5188318340277778 0.052123342187500005 0.033154909722222126
0 0.208798217578125 0.5375346027777778 0.04734138359375001 0.05185767777777772
0 0.1597831484375 0.5396599180555555 0.05929627968750001 0.06801006944444443
0 0.428768290625 0.5154313298611111 0.013867678125000005 0.05525818194444454
0 0.409640458203125 0.5188318340277778 0.040646642968750035 0.06375944027777769
0 0.528711216796875 0.5069300722222222 0.014824071093749946 0.03315491111111113
0 0.086363373828125 0.5508788090277779 0.10380192734375 0.07820607083333331
0 0.39338179726562506 0.5293722817501239 0.05212334296875004 0.06682209205530804
0 0.340302063671875 0.5168765277777778 0.020562419531249987 0.025503774999999895
0 0.465828468359375 0.5045497041666667 0.011476699218750053 0.016152391666666654
0 0.4952375109375 0.5113507111111111 0.018649637500000038 0.029754405555555585
0 0.5452089714843751 0.5109256479166666 0.02390978984375003 0.03910579027777772
4 0.7251334984375 0.5096670631944444 0.27974454375 0.30009443194444446
