2 0.7727713320312499 0.5198589395833333 0.01684097968750009 0.09526210972222227
2 0.8374560054687501 0.5212198243055556 0.025261470312499923 0.11703630416666672
2 0.4753749359375 0.5379587381944444 0.01913747812499994 0.09988912638888892
8 0.17205759072557386 0.4233218303804993 0.037313873236352296 0.06242903646122355
8 0.144401833203125 0.4708669951388889 0.016075480468749986 0.04354839305555558
8 0.11722661406250001 0.4683036350916606 0.010716987500000011 0.024812797961098976
8 0.07129666875 0.4871976430555556 0.010716987499999997 0.010887097222222253
8 0.050628193749999995 0.500126073611111 0.012247985937500004 0.017691533333333342
8 0.490790176953125 0.35995468472222225 0.013778983593750016 0.03946573055555558
8 0.629728262109375 0.3885333166666667 0.01760647890625 0.014969761111111146
8 0.632407508984375 0.37220266874999997 0.0076549914062500335 0.017691534722222235
8 0.4980624171875 0.42935993333333333 0.013013484374999995 0.012247986111111109
8 0.49308667421874997 0.44364925 0.01684097968749998 0.010887097222222253
8 0.6328668058593749 0.3184476229166666 0.009185988281250057 0.054435490277777776
9 0.01771173359375 0.4946825236111112 0.018371978125 0.02041330833333338
9 0.0280459703125 0.45249501875 0.006889492187499999 0.028578634722222218
9 0.10268213125 0.38921376041666667 0.010716987499999997 0.05443549305555556
9 0.27491942734375 0.3830897666666667 0.007654990624999969 0.04218750555555556
9 0.4360569859375 0.3538306909722222 0.008420490624999999 0.04354839305555552
9 0.488493673046875 0.4014617458333334 0.0076549914062500335 0.029939522222222237
9 0.16928055273437498 0.46270167152777775 0.007654991406250006 0.016330645833333324
8 0.173490798046875 0.5606855576388889 0.016075482031250005 0.02721774583333325
8 0.17425629609374998 0.5885837458333334 0.013013484375000023 0.025856858333333288
8 0.146315579296875 0.5647682201388888 0.007654991406249978 0.02449597361111111
0 0.253485452734375 0.513054501388889 0.01224798515625003 0.021774194444444395
0 0.25960944609375003 0.5253024875000001 0.016840979687500035 0.029939519444444396
0 0.268029935546875 0.532106925 0.01377898359374996 0.03266129444444443
0 0.281426169140625 0.5491180145833333 0.028323466406249997 0.0721270263888889
1 0.30247739453125 0.4987651847222222 0.029088965624999963 0.025856858333333343
1 0.336924853125 0.49672385486111115 0.015309982812500011 0.02449597083333327
4 0.325059616796875 0.49400207916666666 0.02066847578125003 0.02993952222222218
4 0.364865570703125 0.48719764444444447 0.03904045390625005 0.040826616666666704
4 0.2286067328125 0.5144153895833333 0.04057145312500002 0.08709678472222215
9 0.486579926171875 0.4763105458333333 0.006889491406249948 0.021774194444444506
9 0.49997615976562504 0.47494965763888886 0.013778983593750072 0.02449597083333338
2 0.45060146875 0.5239416 0.01301348437500005 0.029939519444444507
10 0.6357757015625001 0.4752218416666667 0.20515375624999999 0.2721774555555556
0 0.00516711875 0.5817793104166666 0.0103342375 0.12928429027777777
0 0.356339826953125 0.628729920138889 0.17759578984375002 0.2558468069444445
