9 0.530161373828125 0.1832811166666667 0.013183585156249844 0.05624996111111111
9 0.685068494921875 0.17742174583333334 0.017138660156249874 0.06796870277777778
9 0.8979833875000001 0.3203903979166667 0.018457018749999943 0.030468729166666653
9 0.310654689453125 0.32507789444444446 0.017138660156249985 0.03984372222222221
9 0.39305209375000005 0.12234365972222222 0.018457018749999998 0.046874969444444456
9 0.8874365195312499 0.3239060215277778 0.013183584375000001 0.02812498194444446
8 0.279673265625 0.2711716805555555 0.026367168750000003 0.02578123333333332
9 0.3792093296875 0.34851537916666664 0.009228507812500009 0.02578123333333332
8 0.70352551328125 0.3121872784722222 0.0250488109375 0.032812476388888956
8 0.70352551328125 0.3496872527777778 0.022412093750000084 0.03281247777777774
2 0.8874365195312501 0.4211715798611111 0.03427732031250008 0.11953116805555558
2 0.9868131105468749 0.4237207 0.024729863281250042 0.184745375
4 0.212449957752479 0.3841448450001452 0.10077413237814448 0.09530168832395203
4 0.152557427734375 0.3937357152777778 0.07700981953124998 0.0935815527777778
0 0.4866555453125 0.40124971875000004 0.044824187499999946 0.03749997361111107
0 0.623105646875 0.41999970347222226 0.061962848437499995 0.08437494027777775
0 0.41216829140625 0.47156216875 0.15424794218749993 0.21093735416666665
0 0.124775404296875 0.4197305909722222 0.07408539609374999 0.05545573472222226
