8 0.6207567148437501 0.2952324868055556 0.011527515624999984 0.026897537500000013
8 0.74791962265625 0.2670541138888889 0.016570803125000033 0.02433586666666665
8 0.6767140804687499 0.34317230625 0.013688924999999963 0.026897537500000013
8 0.441120478125 0.34445314236111113 0.012247985937500094 0.01921252916666666
8 0.45084681953125005 0.2893772340277778 0.01008657656250006 0.02177419861111113
9 0.2566673421875 0.3118833423611111 0.018732212499999956 0.02305503194444447
9 0.393916826171875 0.34710630625000005 0.01368892421875001 0.019212526388888873
9 0.47575018671875 0.29459206875 0.008645635937499951 0.025616701388888885
9 0.468905725 0.29138998055555554 0.007925167187500026 0.024335866666666706
9 0.524742129296875 0.35030839444444445 0.007204697656249981 0.014089186111111096
9 0.6011119203124999 0.29843457361111114 0.008645635937500007 0.025616702777777778
9 0.5953481632812501 0.29779415555555555 0.0072046984374999345 0.02433586666666665
9 0.65730856015625 0.33942129583333336 0.0072046984374999345 0.020493361111111164
9 0.6039937996093749 0.3560721513888889 0.008645636718750072 0.017931688888888908
8 0.265583144140625 0.27528804652777783 0.018732213281249965 0.019212526388888873
8 0.51676978984375 0.34893606458333337 0.01224798749999989 0.015370020833333331
9 0.50308086328125 0.3739123479166667 0.0050432859375000305 0.019212526388888873
0 0.61340792578125 0.41370973055555554 0.010086576562500005 0.017931691666666638
0 0.621693327734375 0.41563098333333337 0.007925166406249962 0.01408918611111104
0 0.6285377902343751 0.39898012708333336 0.014409394531250008 0.01921252638888893
0 0.634301548046875 0.4207543236111111 0.023055032031249922 0.032020877777777734
0 0.60692369765625 0.40858639027777777 0.008645635937500007 0.023055030555555578
0 0.599358766015625 0.4092268076388889 0.019452682031249946 0.029459206944444483
0 0.5932347734375001 0.41370973125 0.027377850000000037 0.033301712500000025
0 0.5799060832031251 0.4060247201388889 0.00936610703124996 0.023055031944444415
0 0.576303735546875 0.3976992916666666 0.012247986718749937 0.026897536111111175
0 0.5683785671875 0.4002609638888889 0.013688925000000074 0.024335869444444436
0 0.55504987734375 0.40858639027777777 0.028818789062500016 0.038425052777777746
0 0.5291129664062499 0.40218221458333336 0.011527514062500077 0.015370020833333331
0 0.5107409890625001 0.40346304999999993 0.029539259375000015 0.0384250527777778
0 0.35944235703125 0.40039447438821696 0.05979898906250003 0.06276091944444445
0 0.20706300078125 0.397058875 0.16570803750000004 0.1255218388888889
0 0.145102604296875 0.35094881180555554 0.059078517968749994 0.035863381944444384
