8 0.48935353867187503 0.4237164770833333 0.033143466406250044 0.036392826388888855
8 0.52785844765625 0.42025049375 0.03606789062500004 0.03985880972222228
8 0.568800378125 0.4921696506944445 0.012672501562500105 0.006931968055555571
0 0.31535033828125003 0.5597563291666667 0.10430443906250003 0.10051351944444442
0 0.4333020875 0.5233635006944444 0.028269428124999996 0.04159180138888885
0 0.48642911484375007 0.528562475 0.029244235937500085 0.045057786111111
0 0.541733641796875 0.5241988965277777 0.03457404140624998 0.03992100972222212
0 0.512748926953125 0.5172980291666667 0.013647310156249981 0.02252889444444439
0 0.416242950390625 0.5233635027777779 0.013647310156250037 0.0277278666666666
0 0.471319593359375 0.5181645256944445 0.010722886718750102 0.013863931944444463
0 0.37676323203125 0.5190310222222223 0.016571732812500017 0.015596924999999984
