8 0.121591206640625 0.37742596875 0.016843802343750006 0.01996302638888886
8 0.6626983972656251 0.42234278125 0.012632853906250019 0.03743067638888886
8 0.102291016015625 0.4054989763888889 0.011931027343749984 0.033687608333333285
0 0.379511950390625 0.4204712451388889 0.0077200757812499465 0.00873382361111108
0 0.37424826093749997 0.42171893402777777 0.011229199999999995 0.006238445833333328
0 0.403023091796875 0.4360673590277778 0.011229202343749967 0.014972268055555571
0 0.008597358203125 0.4466727194444444 0.016843802343750002 0.09108131111111106
0 0.37319552265625 0.428581225 0.010527376562500024 0.009981513888888904
0 0.368633658984375 0.4454250270833333 0.011229200781250004 0.013724581944444425
0 0.35529898242187496 0.45291116249999996 0.01684380390625001 0.0212107138888889
0 0.430745184375 0.4610211430555556 0.01894927968749993 0.024953786111111098
0 0.40197035390625 0.4610211430555555 0.03017847968749998 0.039926052777777776
0 0.45460724140625 0.4691311222222222 0.0329857812499999 0.04616449999999994
0 0.30336392109375 0.4659281737507098 0.032283957812499986 0.04258888583191367
9 0.39275963359375 0.4012071590277778 0.010517664062499987 0.018698070833333358
9 0.40748436328124993 0.4021420625 0.010517664062500043 0.016828263888888917
0 0.04935051107325383 0.47103918228279384 0.09390971039182283 0.08006814310051102
