0 0.31220920234375 0.4327207847222222 0.015982740625000047 0.029106780555555434
0 0.2748958125 0.43411442708333337 0.03899231406250003 0.05718872638888889
0 0.26709734882812497 0.4427793847222222 0.025345003906249997 0.04679077777777774
0 0.45669747578125 0.4410463951388889 0.024370198437500046 0.05372274583333336
0 0.482529883203125 0.45057784930555556 0.04289154453124999 0.0693196708333334
0 0.5142111390624999 0.46784282079902517 0.04971520156249992 0.08305371104249487
0 0.401133429296875 0.41505151875 0.008773271093750035 0.008664959722222199
0 0.4113689109375 0.41071903888888883 0.009748078125000004 0.010397949999999934
0 0.41234371875 0.419384 0.009748078124999948 0.013863936111111086
0 0.42404141328125 0.4193839965277778 0.013647310937500046 0.010397948611111152
0 0.39089794609375 0.4089860472222222 0.009748078125000004 0.010397949999999934
0 0.427940644140625 0.43584741875 0.02144577265625003 0.02599487638888892
0 0.56733816640625 0.48063435991624076 0.10527924687500001 0.10517080316581484
0 0.33289687890624997 0.43844690694444444 0.030219043750000008 0.0415918027777778
0 0.382612079296875 0.4696407576388889 0.07506020390624996 0.10397950416666668
0 0.2367931701920517 0.4453788736111111 0.0586587424283965 0.07278565277777782
8 0.8011945914062499 0.24348533958333332 0.04386635312499998 0.05372274583333331
8 0.8041190164062499 0.3171374861111111 0.030219043749999952 0.09704753611111105
8 0.33962306328125 0.37952518749999997 0.00974807812500006 0.006931966666666678
8 0.23531862265624998 0.3708602277777778 0.009748078124999976 0.027727866666666712
8 0.28951792929687503 0.3708602305555556 0.01169769453124997 0.006931966666666678
8 0.30755187500000003 0.35526330486111113 0.020470964062499986 0.010397948611111096
4 0.351905633203125 0.4011875833333334 0.01949615703124996 0.03639282500000002
4 0.385536502734375 0.4055200638888889 0.014622116406249996 0.024261883333333345
9 0.40600746718749997 0.3413993701388889 0.006823654687500014 0.02079590138888887
9 0.35726707578125 0.37259322083333335 0.006823654687500014 0.017329916666666723
9 0.32997245585937496 0.35093082291666666 0.004874041406249974 0.019062909722222243
9 0.32363620390625003 0.3491978326388889 0.0058488468750000355 0.022528893055555554
9 0.26699986875000004 0.3944289270833333 0.006823654687500014 0.01732991805555556
9 0.286983430078125 0.39616191944444445 0.007798463281250001 0.013863933333333356
3 0.892339126171875 0.5590631409722222 0.08968232265624998 0.14210532083333333
8 0.5758190062499999 0.38403097847222223 0.024370196874999972 0.058921718055555516
0 0.00341182734375 0.5586010159722221 0.0068236546875 0.10051351805555553
8 0.146060137890625 0.4209449986111111 0.00956693203125003 0.02976378888888892
