0 0.52278050078125 0.6079590555555555 0.019630096874999947 0.01836734166666676
0 0.49850116953124995 0.6052039513888889 0.02066326093750004 0.020204077777777774
0 0.45562490234375 0.5969386472222222 0.0216964234375 0.033061216666666726
0 0.35427546667842313 0.5849998750000001 0.04255859945565377 0.0642857
8 0.871285191015625 0.6180036951388889 0.017563772656249865 0.01836734305555554
8 0.8501053484375001 0.6124934916666667 0.018596934375000096 0.022040811111111003
0 0.5504880664062499 0.6115751263888889 0.01653060937500006 0.02387754722222213
0 0.8183038742187501 0.6470814986111111 0.009298467187499937 0.01653060833333342
0 0.8033230101562501 0.6351427243055556 0.012397956250000064 0.014693873611111186
0 0.8888599584213959 0.672938745138889 0.015475453469708245 0.014693873611111075
0 0.8413234636718749 0.6609999701388889 0.011364792968749815 0.02020407638888888
0 0.81807729375 0.6628367048611111 0.014464282812500118 0.012857140277777734
8 0.9084790617187499 0.6545714 0.0216964234375 0.022040811111111114
0 0.981317055859375 0.6876326180555555 0.02479591328125008 0.029387749999999935
0 0.6672354894531249 0.6375101256944444 0.03512754296874998 0.04302029027777776
