8 0.578940637890625 0.18515612152777777 0.03691403671874993 0.08906243750000001
8 0.314609765234375 0.26835919027777777 0.009228510156249925 0.03046872777777776
8 0.13465383359375 0.2308592173611111 0.010546867187499975 0.0210937347222222
8 0.137290550390625 0.1957029909722222 0.010546867968750012 0.025781231944444455
8 0.290220133203125 0.21914047430555555 0.026367169531249957 0.016406237500000004
9 0.259238709765625 0.21210922777777777 0.006591792968749954 0.02578123333333332
9 0.253306096484375 0.20390610972222223 0.005273433593749988 0.023437483333333287
9 0.08851128750000001 0.22145728055555558 0.00791014999999999 0.03521011111111111
9 0.35613805585937497 0.27070293888888886 0.010546867968749984 0.01640623888888887
8 0.157065928515625 0.27187481180555556 0.010546867968749984 0.009374993055555558
9 0.23616743632812498 0.26484356736111114 0.00527343359374996 0.02343748194444445
0 0.26055706796875 0.31757790694444443 0.0250488109375 0.044531219444444436
0 0.212436983984375 0.30468729027777774 0.007910150781249986 0.01874998611111106
0 0.197935040234375 0.31640603333333334 0.026367167968749994 0.04218747222222219
0 0.23089400195312498 0.31673355769212563 0.036914036718750015 0.06159250982869585
0 0.2927479680253141 0.32929664722222224 0.03449508426187187 0.1054686777777778
0 0.33899939609375 0.34562312883186636 0.08964837656250002 0.12906567844737837
2 0.452378225 0.33515601875 0.01054686718750003 0.0656249541666667
2 0.44183135742187496 0.33632789444444444 0.01318358515625001 0.0726562
2 0.95002035234375 0.38660687083333334 0.05676580468749992 0.19196413888888897
2 0.812290087109375 0.3632810006944444 0.03955075390624996 0.14531239861111112
2 0.741757909375 0.3738278666666667 0.03559567968749999 0.17578112777777782
2 0.12278860781249999 0.31054666180555557 0.007910149999999977 0.06328120694444445
4 0.286289349609375 0.2932975888888889 0.030421824218750004 0.04576274444444439
8 0.41499706796875 0.1924115388888889 0.011700701562500027 0.02288137222222225
8 0.41382699804687495 0.2121727236111111 0.028081683593750018 0.016640997222222204
