8 0.04261768671875 0.03082677986111111 0.08251478593749999 0.057401590277777775
0 0.18146305223661097 0.5538190513888889 0.14923360021427812 0.18496068055555548
0 0.22977079140625 0.6130736882003596 0.18416343593749998 0.1844148041784971
0 0.327233908984375 0.5527560583333333 0.07773132109375003 0.059527575000000055
0 0.34457397265625 0.5601970034722222 0.0526181234375 0.04464567916666673
0 0.384635498828125 0.5506300722222223 0.03707186171875004 0.046771666666666656
0 0.44263502304687496 0.5283072340277778 0.01674213046875006 0.02338583472222222
0 0.45937715390625 0.52618125 0.021525596875000053 0.02763780277777783
0 0.477913084765625 0.50917336875 0.01554626484374999 0.023385834722222165
0 0.46296475312499996 0.5144883326388889 0.009566931250000021 0.021259848611111187
0 0.503624214453125 0.50917336875 0.016742132031249968 0.023385834722222165
0 0.509603544921875 0.5219292791666668 0.019133863281249996 0.027637805555555617
0 0.5131911449218751 0.5389371569444444 0.019133863281249996 0.02763780277777772
0 0.5179746109375001 0.5474410951388888 0.01913386406249995 0.0403937124999999
0 0.5401165422992973 0.5570080277777778 0.04189212834859446 0.05952757777777773
8 0.57178860234375 0.4911024986111111 0.01913386406249995 0.029763786111111135
9 0.693169049609375 0.44645681597222225 0.01554626484374999 0.03401575972222226
8 0.75953963828125 0.37098435555555553 0.04783465937499998 0.027637805555555506
8 0.715890512109375 0.3348426118055555 0.020329730468749863 0.014881893055555595
2 0.9395175429687499 0.6186615875000001 0.060989190624999856 0.2168504527777778
9 0.7852507679687499 0.4400788625 0.025113195312500003 0.042519697222222264
