8 0.4598434375 0.3747653673611111 0.010546867187499975 0.021093737499999987
8 0.661947795703125 0.36187475 0.011865227343750062 0.018749986111111117
0 0.5635982453125 0.4042965958333334 0.04192378281250009 0.039843719444444425
8 0.442572933203125 0.36796849722222225 0.01450194140624994 0.03281247777777779
9 0.72114208203125 0.32578102430555556 0.010546867187500086 0.014062490277777728
9 0.574672448828125 0.32812477500000004 0.011865225781250044 0.014062491666666677
2 0.4270163 0.4228122131944444 0.006591792187500056 0.02812497916666662
0 0.46617156210937494 0.42093721666666667 0.03427731953124996 0.018749988888888902
8 0.9800676785156249 0.3539060111111111 0.013183583593749937 0.05812495833333331
8 0.7835004609375 0.37593724652777777 0.006591792187499945 0.018749984722222224
8 0.8738080156250001 0.3759372451388889 0.007910151562500078 0.02343748472222218
