8 0.69237892109375 0.17163190069444445 0.033141607812499974 0.056356745833333305
8 0.85034728671875 0.29340271875 0.02089362343750001 0.09350095972222222
8 0.566636579296875 0.3427148694444444 0.008645636718750072 0.017931691666666694
8 0.088296129296875 0.23064180069444443 0.016570803906249987 0.024335865277777757
8 0.077489083984375 0.2729093590277778 0.04394865390625 0.03202087916666668
8 0.050831703515625 0.18773382708333333 0.04250771484375 0.0204933625
9 0.093228783203125 0.14025144444444443 0.01585033359375 0.06276092222222222
9 0.0532427140625 0.30419833333333335 0.022334560937499998 0.03458254722222226
9 0.07701821523437499 0.3093216715277778 0.020893624218750004 0.0345825486111111
9 0.76542706171875 0.3349383736111111 0.02017315156249999 0.021774197222222236
9 0.600439471484375 0.10182639027777778 0.017291275781249893 0.07556926944444445
9 0.5831481968750001 0.10887098055555555 0.017291273437500032 0.06916509166666666
9 0.41491851562499993 0.3650379972222222 0.006484228124999991 0.017931688888888797
9 0.396546537109375 0.37528467708333335 0.005763758593750001 0.015370018055555601
9 0.39078277734375 0.37528467708333335 0.005763757812500048 0.015370018055555601
0 0.3975835015625 0.4164548137043347 0.02521643906249993 0.042449661480219614
4 0.49520715156250006 0.4184671194444444 0.07348791406250005 0.09478179722222224
0 0.521504296484375 0.44728590625 0.05547616953125001 0.07556926805555558
4 0.762449978515625 0.46073467777777777 0.38112848828125 0.238235325
0 0.09591252226562501 0.4331967236111111 0.19092447890625 0.1754744055555556
