0 0.29292975781249997 0.5077665756944445 0.1920371453125 0.21142499027777772
0 0.59219576640625 0.4852376840277778 0.07506020624999998 0.1317073763888889
0 0.8707279031250001 0.5240240840277778 0.14967141406250006 0.22661008750000006
0 0.03460567890625 0.44711186458333335 0.0692113578125 0.09704753750000006
0 0.968958998828125 0.5146985444444445 0.06043808671874995 0.09011556944444454
0 0.158406274609375 0.4514443444444444 0.11600213359375001 0.09878052777777768
0 0.051177410937499994 0.4185175020833333 0.0867578984375 0.08491659583333333
0 0.51859777421875 0.4705072548611111 0.0428915453125 0.060654709722222144
0 0.712584535546875 0.486970675 0.04484116171874997 0.05892171944444452
1 0.659457506640625 0.4635752875 0.03996712265625002 0.07451864166666661
0 0.6921135703125001 0.4817717020833333 0.025345004687500006 0.05198975416666668
0 0.686752128125 0.46704126944444446 0.018521349999999992 0.025994874999999917
0 0.6360621191406249 0.46444178125 0.016571732031249953 0.024261884722222238
0 0.623877020703125 0.46010930347222223 0.009748077343750161 0.022528893055555554
0 0.5376065269531249 0.4687742618055556 0.012672502343750058 0.04332479305555553
0 0.548329412890625 0.4713737493055556 0.014622116406249885 0.04852376805555558
0 0.5605145101562501 0.4653082784722222 0.013647307812500009 0.036392826388888855
8 0.34313236132812497 0.23222089097222223 0.01949615546875 0.024261884722222238
8 0.336796109765625 0.256482775 0.02437019453125 0.02079589999999998
8 0.34946861289062503 0.30240705625 0.030219042968749943 0.02599487638888892
8 0.79495579765625 0.4089860465277778 0.024370195312499843 0.013863931944444408
8 0.8865877363281249 0.33446740277777776 0.016571735156249878 0.02426188333333329
8 0.7978802218750001 0.37432621388888887 0.010722885937500037 0.02079589999999998
8 0.340207937890625 0.3595957833333333 0.017546539843749986 0.012130941666666617
8 0.710147515234375 0.4133185277777778 0.008773271093749924 0.012130944444444458
8 0.71502155546875 0.4297819479166667 0.008773271874999988 0.010397951388888882
8 0.7145341503906251 0.43931340416666664 0.00974807734375005 0.012130944444444458
8 0.992354386328125 0.31280500763888885 0.01364731015624987 0.029460862499999962
