8 0.384125621484375 0.5267231298611111 0.01101874296875005 0.029383312500000036
8 0.38366650625 0.5552902430555555 0.011936970312500017 0.011426844444444417
8 0.37677979140624995 0.5626360729166666 0.016528114062500043 0.009794437499999975
8 0.43462819570312494 0.6009976222222222 0.009182285156250025 0.014691658333333413
0 0.31112644843750004 0.6652055993055556 0.04866611562499995 0.07998791250000004
0 0.250064246875 0.6741838326388889 0.11202388750000003 0.12732769583333325
0 0.51191243671875 0.6311971333333333 0.01377342968750006 0.02938331388888893
0 0.525685864453125 0.6287485243055555 0.02295571484375003 0.037545345833333355
0 0.618886066796875 0.6564994326388889 0.05509371484375003 0.08325272638888892
0 0.479315322265625 0.6230351006944443 0.01101874296874994 0.01632406249999996
0 0.469214806640625 0.6279323215277778 0.009182285156250025 0.02285369027777784
0 0.097638301953125 0.7166263979166667 0.19466446015625 0.2187424541666667
0 0.01912975703125 0.8121221708333334 0.035810915624999995 0.1681378555555555
0 0.438525679370777 0.6296434163851351 0.031056749366554004 0.052079625563063114
8 0.557976908203125 0.5822249423611111 0.01285520078125002 0.009794437500000086
8 0.5547631085937499 0.5944679909722221 0.01010051406250001 0.011426845833333421
0 0.5510901945312501 0.6350060791666667 0.030301543749999937 0.04897218888888888
0 0.6471408050992399 0.6751067734046545 0.0759886600717905 0.08762429102852842
0 0.84798409765625 0.7696796069444445 0.22863891718749996 0.21058042222222217
