9 0.40063794296875 0.2908164576388889 0.005165818750000051 0.02448980694444447
9 0.456170493359375 0.28852053819444445 0.004304847656249944 0.019897968055555548
8 0.25886491640625 0.22423479444444444 0.022385214062499992 0.04438777500000002
8 0.6531890859375 0.20561233541666668 0.015497454687499967 0.04591838749999999
8 0.6523281167968751 0.24005112569444442 0.013775516406249966 0.01989796805555552
0 0.49434016367187494 0.33775526180555554 0.014636488281249915 0.02448980694444447
0 0.510698588671875 0.3446430201388889 0.021524244531250014 0.029081645833333336
0 0.23791464882812502 0.33775526180555554 0.02410715390625004 0.012244904166666681
0 0.28139362343749996 0.33392872916666666 0.024968123437500045 0.013775516666666654
0 0.5354002078125 0.34635584027777777 0.027551032812500043 0.036734711111111096
0 0.62149718515625 0.35171298749999996 0.05338012656250002 0.06581635833333332
0 0.38184009570312505 0.33717216250000004 0.014636488281250026 0.01836735555555552
0 0.8195202332031251 0.4684768951388889 0.35816342578125004 0.5433675902777777
