0 0.28494515625 0.5436792979166667 0.043064759374999984 0.016375234722222243
0 0.6596085640625 0.5489959319444444 0.022967871875000045 0.059333669444444515
0 0.485555161328125 0.5419141666666667 0.022250125781249963 0.008931950000000022
1 0.074286709765625 0.5381965118055555 0.14857341953125 0.20470381805555554
0 0.6860318796875 0.5947038361111111 0.0737637765625 0.10226175000000004
0 0.622285770703125 0.5528239097222223 0.02727434765625003 0.033175813888888905
0 0.5924993132812499 0.5572898854166667 0.029427585937499945 0.03700379305555557
8 0.712174486328125 0.5103971479166667 0.03804053671875007 0.04338375972222219
8 0.76152849296875 0.5033791861111111 0.02870983906250002 0.043383758333333355
8 0.8433515359374999 0.49317124375 0.024403364062499988 0.04593574305555559
0 0.4747889703125 0.5257090625 0.005024221875000012 0.012759930555555576
