8 0.7506020421874999 0.7252570381944444 0.015596924999999984 0.03985880972222211
8 0.756938292578125 0.6888642118055556 0.01852134921875004 0.04332479305555559
8 0.2739210046875 0.6325419812499999 0.02534500468750006 0.02079590138888887
8 0.27587061953125 0.6879977145833334 0.011697693750000016 0.027727868055555493
8 0.608767499609375 0.7356549888888888 0.008773271093750146 0.01906290833333324
9 0.587321727734375 0.5320284597222222 0.02437019609375002 0.06931966944444445
9 0.752064253515625 0.6464059145833334 0.01852134765625002 0.031193848611111075
9 0.47863065195312493 0.7252570381944445 0.011697692968749951 0.015596926388888988
9 0.7593753117187501 0.7642493513888889 0.013647310937500046 0.027727866666666712
9 0.7720478140625 0.7668488388888889 0.013647309375000027 0.025994875000000084
9 0.468395170703125 0.78677824375 0.0048740398437500665 0.013863934722222249
9 0.5697751859375 0.5363609395833333 0.02047096406250004 0.0606547097222222
0 0.3400073046875 0.7807127729166667 0.025746268749999968 0.036392826388888744
0 0.311938510546875 0.7824457652777779 0.02144577265625003 0.022528891666666717
0 0.28513129492187506 0.7867782423611112 0.02631981171875003 0.02079590138888876
8 0.268559560546875 0.8015086743055556 0.012672502343750003 0.015596926388888877
0 0.253450040625 0.7997756812500001 0.027294620312500018 0.03985880972222222
0 0.226155419921875 0.7911107222222222 0.01949615703124999 0.022528891666666606
0 0.212020706640625 0.7876447409722223 0.02437019609375002 0.0329268430555556
0 0.13647309921875 0.7919772194444444 0.05069000781249999 0.04159179999999996
0 0.23292030838260133 0.829046702515015 0.06726749134290538 0.07163632469969983
0 0.07554760703124999 0.82317106875 0.0984555921875 0.08664958472222217
0 0.1593911234586149 0.838296546996997 0.09067721254222974 0.08917267177177168
0 0.572212205078125 0.8673623583333333 0.24760119296875 0.26168174999999994
8 0.022420580078125 0.43758040902777773 0.04484116015625 0.05718872638888889
