0 0.374044612109375 0.5169109972222222 0.014040841406249949 0.014560874999999918
0 0.36292894609375004 0.5158709361111111 0.017551053124999993 0.016641000000000128
0 0.345377892578125 0.5200311840277778 0.01989119296874997 0.0208012486111111
0 0.323731595703125 0.5158709354166666 0.035102103906250015 0.03328199305555557
0 0.304425436328125 0.5200311854166667 0.03159189453125005 0.041602493055555634
0 0.29272473515624997 0.5137908111111111 0.03159189374999999 0.04576274722222223
0 0.26581312109375 0.5179510597222222 0.03627217656249998 0.0540832444444444
0 0.23948654414062498 0.5189911229166666 0.05382322890624999 0.052003118055555464
0 0.18683338515625 0.5241914340277778 0.06552392968749998 0.06656399305555555
0 0.151731282421875 0.5231513736111111 0.13104786015625003 0.08528511388888887
0 0.12072442109375 0.5387523076388889 0.10881652500000001 0.07904473750000007
0 0.06222091171875 0.5366721833333333 0.1228573671875 0.10816648611111107
0 0.4191992833614865 0.5467731044481982 0.06768251435810813 0.09924658389639635
0 0.39101062890625005 0.5148308722222222 0.015210910937499988 0.027041619444444498
0 0.4967576965371622 0.5264698692192192 0.030133255574324336 0.04615936066066073
0 0.688793487109375 0.5689141180555556 0.18487108515624995 0.22257334722222227
0 0.8575514296875 0.6568116159722223 0.28369265781249997 0.3130343152777777
8 0.40095622734374997 0.36922214166666667 0.011700703124999934 0.031201872222222204
8 0.41382699765625 0.3983438875 0.009360560937499984 0.022881372222222196
8 0.656031521484375 0.3671420208333333 0.016380980468749917 0.022881372222222196
8 0.47504848750000006 0.48189556527777777 0.004680279687500011 0.016640997222222176
