0 0.48251936171875 0.4943748208333333 0.01792968281250007 0.026249991666666694
0 0.45760135135135127 0.5054054054054054 0.03141891891891896 0.04864864864864854
0 0.5118243243243243 0.5162162162162162 0.04054054054054046 0.055855855855855896
0 0.6198425887880067 0.5514131945382883 0.04950401161317575 0.05753397128378379
0 0.5672602540962837 0.5758107163663664 0.0756146269425676 0.09162181051051044
0 0.34066394296875 0.5149998159722222 0.016874996874999992 0.0224999930555555
0 0.2793147808382601 0.563963963963964 0.08191097886402027 0.10810810810810823
0 0.19086428067989863 0.5872475046546546 0.11286603323479727 0.1114319462462462
9 0.39708970429687496 0.49906232152777774 0.01582030703124998 0.01687499583333335
0 0.421874851953125 0.4709373291666667 0.012656242968749953 0.028124988888888924
0 0.552656056640625 0.5112498159722223 0.033749988281249976 0.03749999027777784
0 0.36281237187500004 0.5056248194444445 0.021093743750000005 0.033749991666666646
9 0.38126939882812505 0.4831248263888889 0.00949218515625 0.014999994444444387
9 0.383906115625 0.46437483402777774 0.008437496875000061 0.018749995833333366
9 0.0896484046875 0.42968734583333335 0.014765621874999996 0.028124988888888924
8 0.5020310738281251 0.4521873347222222 0.008437496093749997 0.016874991666666617
8 0.489902171484375 0.4587498361111111 0.007382810156249975 0.022499991666666663
0 0.445077969921875 0.46218733680555557 0.01687499453125002 0.02812499027777776
8 0.731952869140625 0.2803124020833333 0.06749997578124989 0.03187499027777779
2 0.03091216216216216 0.5873873873873874 0.023310810810810805 0.14054054054054044
