0 0.1297515125 0.5022639194444444 0.23319396250000002 0.10842522777777769
0 0.266080290234375 0.4926969875 0.03707186015625 0.038267725000000086
0 0.3408219453125 0.4895080090277778 0.035875995312499964 0.02763780138888894
0 0.3868628046875 0.4852560388888889 0.051422257812500094 0.03188977222222228
0 0.44187266210937504 0.48206706180555553 0.03468012734374998 0.02551181805555558
0 0.507645317578125 0.4810040708333333 0.03468012734374992 0.031889772222222224
0 0.568036574609375 0.47887808541666665 0.07175198828125007 0.0531496208333333
0 0.61407743359375 0.47781509375 0.03468012656249986 0.029763790277777757
0 0.64098442890625 0.4661221743055556 0.04544292656250004 0.031889770833333275
0 0.661314159765625 0.4767521 0.04544292578125009 0.031889772222222224
0 0.7079529527343751 0.47143713819444444 0.031092528906249917 0.029763787499999972
0 0.7650555761718749 0.46399619166666667 0.03468012734374992 0.031889772222222224
0 0.806910902734375 0.47143713958333333 0.08251478671875001 0.055275606944444444
4 0.880714581522595 0.4571197458637172 0.06748430367018987 0.06138850965459297
0 0.9638840464724513 0.45788995925757303 0.03770113356990268 0.03559829815152055
8 0.41709871689108813 0.3483293284722222 0.0205733587821762 0.04251969583333326
0 0.9302131671807006 0.4556527201304652 0.01867429193838288 0.033198741223791906
0 0.6824870131855892 0.4691397087526307 0.02509357979220206 0.03112381989730484
