0 0.18444258945312497 0.5754217597222222 0.26806189765625 0.35137002222222224
0 0.37088564140625 0.5377241673611111 0.07761792343750001 0.10242364861111114
0 0.47050864609375 0.5291888611111111 0.0672155203125 0.11095895555555557
0 0.552927678515625 0.5206535583333334 0.04641071796874996 0.07681774166666666
0 0.05161191875 0.5697315569444444 0.1016234640625 0.18066393888888888
0 0.5041164078125 0.5192310069444445 0.01120258593750001 0.0256059111111111
0 0.514518809375 0.51638590625 0.01600369531250001 0.02560590972222221
0 0.533323151953125 0.5149633541666666 0.016803878906249903 0.03698631944444436
0 0.57493275859375 0.5050055013888889 0.012002771874999874 0.022760811111111057
0 0.61534208984375 0.5021603979166667 0.012802956249999942 0.011380406944444366
0 0.6045395953125 0.500026575 0.016803881249999986 0.012802958333333336
0 0.5885359000000001 0.5035829479166667 0.01360314062500001 0.01422550694444441
4 0.6197431078125 0.49220254444444445 0.015203510937500053 0.014225508333333303
0 0.8922060218750001 0.6899370930555555 0.21444951875000007 0.4865123416666666
8 0.2195275194331568 0.29077252247700935 0.03145360488368645 0.12415695427471546
8 0.5809341453125001 0.3933352708333333 0.00800184843750007 0.0184931611111111
8 0.58133423671875 0.4104058784722222 0.023205359375000012 0.021338259722222253
8 0.5809341453125 0.4260539368055556 0.03520812968749998 0.015648056944444433
8 0.6953908591884077 0.3552565635815285 0.020744215998184545 0.054819150614720646
0 0.300069289453125 0.5341677895833334 0.012802957031250006 0.02987356250000006
8 0.3723228552692729 0.4317902977026121 0.028156620244875474 0.05671367047116632
0 0.6439137228753644 0.49534630624001164 0.008998383303642665 0.011292088851629856
