8 0.49582971841122536 0.6515789451131979 0.010517865640532031 0.024341181995826466
8 0.9896093019531249 0.40359346527777784 0.01977537890624992 0.06093745833333336
0 0.32567747656910573 0.7001585536486177 0.02345378126321157 0.044369384369431275
0 0.29735814647739023 0.7048524946173884 0.04327991170478046 0.06310648020966769
0 0.2673276828887151 0.7180386355425177 0.030679892339930126 0.06485918447052008
0 0.229217383053344 0.7130652824594332 0.05729125048168801 0.09355587674780019
0 0.20544640374346873 0.730500743499905 0.036116462174437425 0.09149743244463449
0 0.523569582421875 0.7117867107690663 0.03427731953125002 0.0843749416666667
0 0.5396551464325443 0.7189085411486177 0.03374679463491137 0.0818693593694313
0 0.5633602218367598 0.7271181036451662 0.04434441570148029 0.10763769826522318
0 0.4843565960030892 0.7024990796920101 0.02832835018132146 0.044375829504868514
0 0.617173033203125 0.7318217137059817 0.11074211015625002 0.14041795314359207
0 0.019176791037950787 0.6824995243055555 0.038353582075901574 0.08906244027777777
0 0.10696830624999999 0.7668744659722222 0.21357407187499997 0.2109373541666666
0 0.9045751804687501 0.7657025909722222 0.18984362031250002 0.2695310624999999
0 0.46723427120102884 0.6978409410071293 0.00723103262786573 0.030384945183759116
0 0.46066060517569635 0.696087963400374 0.00723103262786573 0.026878989970248512
0 0.4531008892465639 0.6990095927449662 0.006573666025332547 0.0233730347567378
0 0.4455411733174316 0.7001782444828031 0.009860499037998738 0.02337303475673791
0 0.42877832495283363 0.6990095927449662 0.021035731281064063 0.02804764170808538
0 0.2872691952764129 0.7124880332775062 0.024979930896263658 0.053757979940497025
