0 0.519842352087035 0.5144891271069081 0.00932089270092995 0.010614065230628467
0 0.4885718713089352 0.5102880503777611 0.014235123867870403 0.01843259810278919
0 0.5396511797180226 0.5123984646169171 0.024884007438765288 0.04517853443716302
0 0.5830272209042007 0.5243879986111111 0.01889829337090143 0.02755103333333342
0 0.65149583828125 0.5190308548611111 0.09212376562500002 0.1545919069444444
4 0.3631778561995075 0.4793068324491217 0.13710797802401498 0.1314116840108429
0 0.145216899609375 0.47242836166301305 0.28928584453125006 0.7173889183406403
0 0.8795274834509512 0.6224478235739033 0.23954287997309764 0.3050993054811398
8 0.7091808140625 0.5004312211204337 0.023246182812500127 0.012403318870243762
0 0.5958337336726595 0.5216600768784158 0.009084637636374682 0.020363632189748015
0 0.6033384343287951 0.5220111739851356 0.0059247636758965605 0.012639495841912596
