9 0.35887669881586276 0.5728853249697171 0.006351799979041783 0.015056118468839808
0 0.35949467806337054 0.6124966862886396 0.01288092512325889 0.03217235242272054
0 0.31680618342636346 0.6152325193079253 0.04285433091522689 0.058338708060295175
0 0.257111291796875 0.6307088472222222 0.07414372109375006 0.07228348611111113
0 0.101648650390625 0.6473624 0.19612210078125 0.17362210555555546
8 0.5808349084077478 0.5056300673611112 0.01044900275299554 0.010629923611111147
9 0.5775903431455232 0.5492660333782713 0.008469066638722489 0.014115111064537333
8 0.858831463671875 0.3592914381944444 0.034680127343750033 0.03826772638888887
8 0.5830207912150083 0.536997579453995 0.012429037117516417 0.015926410536454494
8 0.3408799322085776 0.5758205698984759 0.008469066638722433 0.013398549091937273
0 0.5688762439546228 0.5998476014992369 0.03436633165924552 0.07292323355402941
0 0.5721959098382929 0.6174890701902018 0.029844266551585896 0.06587051830117452
0 0.61826296640625 0.6190159305555556 0.08371065312500003 0.09992128611111117
0 0.757980044140625 0.6569293152777778 0.22123529765624994 0.19559060277777773
4 0.45686672161467795 0.5472733804325391 0.19063284322935592 0.38088672246825506
