0 0.378457712890625 0.5188778062499999 0.010331636718749981 0.021428576388888954
0 0.36366655328619524 0.5219390326388889 0.020972621552609483 0.03367348472222231
0 0.34660183046875004 0.5311227118055555 0.015497454687500023 0.030612259722222146
0 0.32840396129127913 0.5288267951388889 0.0260641039799418 0.0443877791666667
0 0.32097228357369334 0.5365384887425899 0.021062362459886685 0.03814805584815362
0 0.307858190234375 0.5357145506944444 0.015497453906250014 0.045918390277777776
0 0.160632359375 0.5632655833333333 0.05165818750000001 0.09795922777777788
0 0.420214748046875 0.5168005631944443 0.014636486718749953 0.02908164583333328
0 0.40557826093750005 0.5290454666666666 0.03357782031250006 0.05051022499999991
0 0.08093115859375 0.5931125111111111 0.1592794078125 0.15153068055555552
0 0.243223962890625 0.5617349451388889 0.14808680234375 0.18367354861111113
1 0.61946775234375 0.4132654909722222 0.39604609374999994 0.7071431791666667
2 0.8684673325402973 0.5816329124999999 0.028914342731905185 0.13775516388888887
9 0.375361131325592 0.45517873262896713 0.005041111094477635 0.011650567862792782
0 0.33553635367921875 0.5335960163208415 0.01512333328343285 0.03764029617209963
