8 0.9275289191673175 0.24940673194444446 0.036675778852865104 0.056440666666666695
0 0.53485670234375 0.4009684534722222 0.01887711562500005 0.03661016249999993
0 0.551588690234375 0.4002032881718599 0.026599571093749996 0.0411815263437198
0 0.5786172859375 0.4017902465504793 0.02917372343750002 0.05045713754540293
0 0.6052168585937501 0.41317184097222226 0.03432202656250005 0.06101693749999998
0 0.6425420621093749 0.41545997777777777 0.05920549765625005 0.07474574999999994
0 0.709899041015625 0.415459975 0.09610167734374997 0.1266101444444444
0 0.7987072878906251 0.4497820041666667 0.15187497265625005 0.15559319166666669
0 0.3946883608202688 0.4108837069444444 0.03150197992196219 0.044237280555555536
0 0.3541757390625 0.4167674756944444 0.05491524375000001 0.08389829305555557
2 0.9561595875 0.3976996819444444 0.03432202656250005 0.06406778611111114
