9 0.005756349559832437 0.4235885270833333 0.010663022557164876 0.03806646249999995
9 0.15756433823010613 0.4595950738168692 0.011671432461489328 0.043573347856226796
9 0.49947895196682146 0.47788695666738495 0.006419287853819122 0.013759631109674597
9 0.5493743257396884 0.47878809608687395 0.004668572984595776 0.00933714596919144
9 0.5955004000329746 0.4793068264184957 0.005883548371550917 0.010374606632434946
8 0.8320665937499999 0.5010809701388889 0.02370656874999999 0.040785495833333296
8 0.09601584492187501 0.4614284083333333 0.01223565078125001 0.028549847222222202
2 0.8515671585937499 0.5776670722222222 0.01988292968749994 0.05438066111111106
0 0.00785969921875 0.5339422210066378 0.0157193984375 0.06569744132005761
8 0.9862662945816055 0.6184950883461497 0.025737654586788894 0.06009480664103384
0 0.08452037265625 0.5556569091179995 0.03211857812499999 0.05894180990266562
0 0.189670479296875 0.569010775 0.08794372578125004 0.0856495416666666
0 0.335351173046875 0.6376663611111111 0.20953548671875 0.3398791333333333
8 0.9078977281338567 0.5229920110278661 0.03190143964003089 0.049049660948035756
8 0.09541396037267538 0.4808630174133609 0.00875357434611701 0.009337145969191551
