0 0.296545715234375 0.5364277055555555 0.23901210859374994 0.20152893888888895
0 0.016560103906250002 0.6214097895833334 0.028681453125000003 0.1383993902777778
0 0.5744826527343749 0.4550877131944445 0.07921544296875005 0.1359713319444445
1 0.348445487890625 0.4259509965277778 0.11882316328125003 0.1456835708333334
0 0.190014605078125 0.5400697944444445 0.12701786328124998 0.18938864166666664
0 0.424929362890625 0.45630174166666665 0.03960772109374999 0.06555760555555556
0 0.45702527421874994 0.44658950416666665 0.035510370312499984 0.046133130555555624
0 0.476829134765625 0.44416144375 0.023218319531249976 0.0412770097222222
0 0.493901428125 0.44173338472222223 0.010926267187500005 0.02670865555555557
0 0.504827694921875 0.4393053256944444 0.008194700781249953 0.02670865416666668
0 0.6140903746093751 0.4295930868055555 0.01638940234374997 0.03642089305555557
0 0.027095149218749996 0.5123205569444444 0.05419029843749999 0.06798566666666672
0 0.06615925580271215 0.49000479069549174 0.0935194633945757 0.06891212694234977
0 0.012717465802444811 0.4744123183737237 0.025434931604889622 0.022399163252552534
8 0.46460823125 0.2562844796229218 0.09150749218749998 0.12568975617934158
8 0.5663591007812501 0.24887610069444444 0.10926267812500001 0.08983820416666666
8 0.6667441863281249 0.2291168409856263 0.09423906015625005 0.10507612080652518
8 0.481680525390625 0.3787772833333333 0.030047236718750037 0.03884895277777778
8 0.510361978125 0.3727071347222222 0.027315668749999966 0.04613313055555557
8 0.721375524609375 0.3265740041666667 0.02868145234374997 0.05584536944444446
8 0.60111543125 0.37374771875 0.009560484375000122 0.021852534722222205
8 0.8285183792968751 0.23413429722222223 0.02458410234374997 0.04370506944444444
0 0.12035964726562501 0.48543845624999993 0.023218317968750013 0.03642089305555557
