2 0.5810308 0.57243304375 0.06393092812500001 0.28413746805555556
2 0.21303813046874998 0.48441972916666665 0.017152200000000034 0.05821353055555556
9 0.26020668203124997 0.38739718055555555 0.005457518750000057 0.027720727777777787
9 0.26722349140625 0.3901692548611111 0.005457518750000057 0.02494865416666664
9 0.06763424804687498 0.3589834347222222 0.010135392968750004 0.03187883888888887
9 0.07698999335937501 0.35621136180555557 0.005457519531249996 0.029106768055555565
9 0.03410948984375 0.4234341277777778 0.005457518750000001 0.019404511111111133
8 0.29568055156249995 0.4012575458333333 0.017152198437499988 0.052669380555555534
8 0.2765792375 0.3402719416666667 0.014813265625000016 0.03603694722222228
8 0.02046569453125 0.4379875111111111 0.010915035937499998 0.006930186111111125
9 0.0352789578125 0.47471747569444445 0.007796454687500003 0.013860365277777786
0 0.199784156640625 0.49481500347222224 0.017152200781250015 0.02633469305555558
0 0.1073961671875 0.49828009236111115 0.0771849046875 0.04435316527777777
3 0.42783046210937503 0.6174792319444444 0.04911766640625004 0.1358315722222223
8 0.4944901515625 0.2356261923611111 0.07796454687500004 0.24810051805555555
8 0.31685889372193 0.3796750329453241 0.008622010713521921 0.016860820950887256
8 0.31341008943652127 0.39270384913464607 0.012070814998930701 0.00919681142775669
9 0.31944549693598656 0.4233598872271685 0.013795217141635063 0.01839362285551338
