0 0.26211053906250004 0.6403322895833334 0.06997261718749997 0.06933534305555555
0 0.5878846875 0.6454304750000001 0.042442404687500046 0.06321751944444443
0 0.401482226171875 0.6403322881944444 0.0596487867187499 0.0815709930555556
0 0.542001005078125 0.6372733770833334 0.030971485156249923 0.04690332361111105
0 0.8545835968750001 0.75606113125 0.2902142968750001 0.3538141819444445
0 0.08384905418900054 0.6586857611111111 0.1676981083780011 0.26714500277777775
0 0.7083293562499999 0.7208836423611111 0.09520864218750003 0.16314198749999997
0 0.5241352676781886 0.6330009761050295 0.02311346151862259 0.03301609778994086
0 0.48296357791336564 0.6225714391795437 0.023017473014231404 0.027695825581309785
2 0.19672629296875 0.6311555534722222 0.017206381249999958 0.08157099305555549
8 0.8837878385204543 0.42111024652777773 0.030113556728408764 0.0713746208333334
8 0.6704764692556011 0.5170583451380353 0.018738151011202353 0.03718232916837405
2 0.3478981322906089 0.6233905357808767 0.012070814998930701 0.03525444380640064
0 0.5104230342404968 0.5958001014976065 0.031901439640031004 0.05364806666191413
0 0.5457732781659366 0.575873676737467 0.03362584178273542 0.041385651424905245
0 0.5729326119135306 0.6065297148299894 0.017244021427043732 0.019926424760139394
0 0.5487909819156693 0.6080625167346155 0.012070814998930701 0.022992028569391643
9 0.49016130906372035 0.5567136529296406 0.0034488042854087797 0.009196811427756746
9 0.5548263894151346 0.5521152472157622 0.006897608570817559 0.009196811427756635
