8 0.6634463703269533 0.10092378715836592 0.0362471531539067 0.05627626876117629
8 0.665306354296875 0.204493025 0.03411827421875002 0.04159180277777774
8 0.58780913125 0.33533389930555557 0.021445773437499982 0.060654709722222144
8 0.5868088126012396 0.2720797006944444 0.013596289264979244 0.031193851388888916
8 0.6813906839843751 0.2668807263888889 0.021445772656249917 0.013863936111111141
8 0.513236330859375 0.37952518888888886 0.006823657031250097 0.013863936111111141
8 0.6653063550781251 0.2400193548611111 0.02437019609375002 0.015596926388888904
9 0.191062337890625 0.39338912083333333 0.011697694531249997 0.020795900000000034
9 0.200810416015625 0.3985880972222222 0.007798461718749983 0.013863933333333356
2 0.05361443203124999 0.4791722125 0.023395389062499987 0.09184856111111117
2 0.176440219921875 0.4583763111111111 0.017546541406250005 0.06065470833333336
2 0.207146666796875 0.46184229513888886 0.012672502343750003 0.05025675972222221
2 0.22274359296875001 0.46184229513888886 0.01072288593750001 0.05718872638888889
8 0.19389977691072735 0.2244224284722222 0.017372572571454664 0.03639282638888888
9 0.6833403 0.3336009076388889 0.025345004687499895 0.03985880972222222
9 0.39430977343749996 0.38472416319444447 0.006823654687499958 0.02079590138888887
9 0.38163727187499996 0.3916561298611111 0.006823654687499958 0.013863934722222193
9 0.496177193359375 0.37865869236111116 0.005848846093749915 0.0190629097222223
0 0.6804158765625 0.4757062284722222 0.13842271406250006 0.18196413194444444
0 0.414293333984375 0.4453788736111111 0.05069000703125004 0.06585368611111109
0 0.286593506640625 0.44104639375 0.05653885546874998 0.06412069305555551
0 0.321199185546875 0.43844690694444444 0.020470964843749995 0.058921719444444465
0 0.3455704265577616 0.4410068424557622 0.028267337509476798 0.03300594842180882
0 0.472781805078125 0.4289154520833333 0.01949615703124996 0.029460859722222232
0 0.529808064453125 0.4297819479166667 0.038017507031250064 0.04852376805555558
0 0.74475319453125 0.4211169909722222 0.04289154531250006 0.05545573472222226
0 0.627776252734375 0.42284998263888884 0.02729461953125001 0.05892171805555563
0 0.599994229296875 0.42025049375 0.01852134921875004 0.02599487638888892
0 0.5600271078125 0.4289154520833333 0.014622118749999968 0.029460859722222232
0 0.8383347476562499 0.41071903819444444 0.1364730984375001 0.08318360138888892
8 0.6613082217271302 0.14822194534678051 0.03707464606814426 0.038320047615652914
0 0.5105615673572415 0.4350966035753915 0.02457845619662874 0.02648183832633394
