9 0.6417771195312499 0.3093748923611111 0.0052734359374999595 0.029999990277777777
9 0.5943161988281249 0.3084373923611111 0.005273436718750024 0.03187499027777774
9 0.531562313671875 0.3046873930555556 0.006328122656249935 0.02437499166666668
9 0.600644320703125 0.30843739166666667 0.007382808593749957 0.02437499166666668
9 0.5405271546874999 0.3103123916666667 0.0073828109374999284 0.024374991666666623
9 0.52048809921875 0.30749989166666664 0.0052734359374999595 0.033749988888888915
9 0.5099412277343749 0.3056248930555555 0.007382810156249975 0.037499986111111105
9 0.42873031875 0.2962498951388889 0.007382809375000021 0.02999998749999999
9 0.415546729296875 0.2990623958333333 0.010546871093750021 0.03937498611111112
9 0.39498033046875003 0.29906239444444443 0.007382809374999966 0.024374988888888893
9 0.35384753281250003 0.29062489999999996 0.007382810937499984 0.033749991666666646
8 0.8076371640625 0.3328123826388889 0.019490728124999968 0.016874993055555565
8 0.7635934828125 0.35437487638888887 0.025312490625000073 0.014999994444444498
8 0.8247653363281251 0.3361391049913639 0.021093744531249903 0.046028429427172224
8 0.718769279296875 0.3553123743055555 0.015820305468750018 0.024374987499999945
0 0.570058393359375 0.388392725 0.009492182031250018 0.011249997222222252
0 0.5937888546875001 0.42214271319444446 0.01898436875000009 0.03374998750000002
0 0.581659953125 0.44651770277777775 0.02636717968749991 0.10124996388888885
0 0.48199201875 0.40339271875 0.02320311718750001 0.014999995833333335
0 0.47566389609375 0.42214271319444446 0.02742186562499993 0.03374998750000002
0 0.456152184375 0.44370520277777775 0.04324217343750003 0.0881249666666667
0 0.398651559765625 0.44276770555555556 0.10129031796874999 0.15374994722222218
0 0.6180466589843749 0.42249984375 0.023203117968749964 0.03749999027777784
0 0.65179664765625 0.42999983888888893 0.05273435625 0.08249996944444443
0 0.802110548046875 0.3981443923611111 0.031640613281249896 0.03187499027777779
0 0.730391824609375 0.4422068763888889 0.13499995390625008 0.15749994444444448
0 0.531055955859375 0.46845686736111114 0.11601558359374986 0.1649999430555556
0 0.012128902343750001 0.46406233680555553 0.0221484296875 0.08437496805555561
4 0.191425715234375 0.47999983055555556 0.34699206640624997 0.3412498805555556
0 0.8887137542962704 0.4900367700784045 0.22115457480183687 0.31422439044835393
