8 0.104052002734375 0.42029362847222224 0.06519422890625001 0.035912940277777805
8 0.677944869921875 0.4733468340277778 0.039483832031250055 0.0669286569444445
8 0.10405200351562499 0.47497924027777777 0.052339028906249974 0.07672309722222226
8 0.10542934609375 0.521502825 0.038565600000000005 0.02611850277777794
0 0.459332375 0.5999093416666667 0.015609885937500012 0.040810158333333346
0 0.44234514609375 0.5990931388888889 0.01836457187500007 0.05223700555555555
0 0.4221441171875 0.6023579506944444 0.03672914218750001 0.062031443055555524
0 0.37852826054687505 0.6113361868055556 0.07437651640625004 0.0930471625
0 0.357409001171875 0.6309250638888889 0.056011942968750006 0.093047163888889
0 0.5463905820952767 0.5851595843888362 0.02161782720517058 0.02553512288899429
0 0.5607976027663883 0.5905813166666667 0.028814041342223207 0.050604597222222214
0 0.581173108984375 0.5930299277777777 0.037647374218749974 0.08162031944444448
0 0.286946433984375 0.6472491291666667 0.12120617265624994 0.1583434194444444
0 0.49446609335937497 0.5697098243055556 0.027546857031249983 0.03917774861111112
0 0.645514694921875 0.6007255458333334 0.11294211484374994 0.14038694722222222
