9 0.3755637039455362 0.4438321183941082 0.005323481171427613 0.014236406232660814
9 0.42915545615302797 0.44481911389193407 0.007318454881443948 0.012262415237008939
8 0.473993264476935 0.4468977222033604 0.007325160108630102 0.020367613851165256
0 0.53663171875 0.4921696513888889 0.024370195312499954 0.04505778611111105
0 0.562464126953125 0.4904366583333334 0.029244235156250076 0.07278565277777777
0 0.403083044140625 0.4800387076388889 0.022420580468750062 0.024261881944444452
0 0.38146885458173513 0.4793554688486922 0.01885818458652977 0.022895404364050964
0 0.32364172681697134 0.4780915722033604 0.04288050261605719 0.042020086148834734
0 0.27306767835921225 0.47752536170753235 0.03485012140657551 0.05008447658493531
0 0.23451869140779585 0.4819579364496637 0.04569665678166612 0.06201522987845032
0 0.16864175781250001 0.4904366583333334 0.06043808749999999 0.07278565277777777
0 0.114539921484375 0.5008346083333333 0.06336250859374999 0.08664958611111112
0 0.04240414140625 0.5017011048611111 0.0848082828125 0.12304241249999998
0 0.601142679316675 0.4947691375 0.08056176480415012 0.09184856111111117
2 0.20606605605317357 0.4846719634122131 0.014657418212987244 0.061312076185044695
0 0.4729172876366765 0.4793071567460217 0.03448804285408763 0.0321888399971485
0 0.5069742299550881 0.4839055624599 0.030177037497326586 0.041385651424905134
