8 0.35883370078125 0.3140988368055556 0.011700701562499971 0.029121745833333323
8 0.3987861384186337 0.3431637373781334 0.011360590350232624 0.02923543635484427
8 0.34245271640625 0.3172190222222222 0.016380979687499964 0.014560875000000029
8 0.012681851171875 0.27353640347222224 0.02536370234375 0.19345160138888895
0 0.09322777226562501 0.3921035138888889 0.016380982031250005 0.022881372222222196
0 0.0434997890625 0.4014640756944444 0.010530629687500008 0.0208012486111111
0 0.07713550313509876 0.39569838479003017 0.014618268770197493 0.017590366802282487
0 0.059880773828125 0.4004240111111111 0.026911616406250005 0.03120187222222226
0 0.00839768515625 0.41394482638888885 0.015210914062499999 0.016641000000000017
0 0.33502134190634625 0.3554319450379253 0.007842330249807516 0.008961975279071333
0 0.355323491015625 0.3557013347222222 0.00936056484375003 0.012480752777777826
0 0.367024191796875 0.3555831430333043 0.009360561718749993 0.012244369399941946
0 0.26990836640625 0.39834388888888894 0.030421821874999977 0.03952236944444448
0 0.30969075351562503 0.4129047611111111 0.04914294921875001 0.07280436666666662
0 0.32782345457003204 0.3531914512181574 0.005545222203925393 0.008065777751164238
