9 0.502237064453125 0.2811806858822784 0.007919324218750023 0.022201978235443176
9 0.44674199552722604 0.2949286399086304 0.006279088633047936 0.014679793706149746
9 0.708139458203125 0.1765226840277778 0.014958719531249942 0.059443806944444455
9 0.7477252509940756 0.23986824258923864 0.018500066761848677 0.03283247406736617
0 0.48375864414062497 0.33999315208333336 0.01495872109374996 0.03597914583333334
0 0.4432821046875 0.33842884027777775 0.02551781874999992 0.03597914722222223
2 0.46308041171875003 0.3478147041666667 0.02639774374999998 0.1235805444444445
0 0.4073900062139101 0.351318197709741 0.037936847139496466 0.06437767999429689
8 0.18480592131916934 0.05685291666666667 0.03476045982583867 0.020336038888888887
8 0.8762050886718751 0.19764088055555556 0.051915560156249874 0.08603708888888892
0 0.055995216015625 0.2914995201388889 0.11199043203125 0.19241021527777782
3 0.7225244977931358 0.48803667353584856 0.0801846996357537 0.20292806403941394
7 0.7227923144675783 0.37753660833333336 0.0824447351273433 0.33006955555555556
2 0.9424002512849508 0.39798965719295637 0.06463611975740147 0.30793518561408717
2 0.8849181207031249 0.40804066666666666 0.05560769140624988 0.2690614388888889
9 0.16695361679687498 0.16570300416666667 0.017138660156250013 0.05390621388888889
