0 0.034998180078125 0.6201957576388889 0.06828917265625 0.09712238194444445
0 0.9125140632812501 0.7549530611111112 0.17345450156250009 0.2695146055555555
0 0.41058863671875 0.5704205388888889 0.03004723749999999 0.04613313055555568
0 0.2104134944132462 0.5862029263888888 0.04251501273600758 0.05341731111111103
0 0.34912838007812497 0.5764906888888889 0.02185253515625002 0.01942447777777767
0 0.09236108671875001 0.5971291937500001 0.09287327656250001 0.09469432083333318
0 0.15382134296875 0.5959151625 0.040973504687499995 0.06798566666666672
0 0.24218217850376061 0.5855552052311548 0.026485488257521173 0.047265752128976435
0 0.2566414169229418 0.5783054710025423 0.010153641154116433 0.02973880991187494
4 0.29517993203125004 0.5607083006944444 0.0669233890625 0.09469432083333329
0 0.7732041488281249 0.6615296292880001 0.20077017109375006 0.18950235857600006
0 0.646186285546875 0.6396202354166667 0.09970219296875005 0.11169073750000003
0 0.5915549468750001 0.6274799368055555 0.06419182343749996 0.09226625972222224
0 0.55399590078125 0.610483520138889 0.05736290468749994 0.07769790694444445
0 0.5211692496088147 0.6023252790082874 0.043800766407370406 0.06405282134865353
0 0.48707251015624997 0.5854849764457142 0.03277880312499998 0.05198141122476163
0 0.47095980696978723 0.5834782942972473 0.010294203431033655 0.0285435663722724
0 0.366609761015609 0.5758930671190876 0.013110226718717977 0.01576359909515801
0 0.43312406367187495 0.5777047194444445 0.012292050781250008 0.016996416666666625
0 0.4471854518539682 0.5788773711931553 0.01421651035456356 0.017157005718389406
8 0.6315933037884551 0.40409846250000003 0.02407959195191023 0.06312954722222214
9 0.232353893359375 0.4210948791666667 0.006828917968749987 0.03884895277777778
9 0.430147000988667 0.4539099609031815 0.004588341772666038 0.026636097638081446
9 0.13606615781249998 0.5168728098757945 0.00819470156249999 0.015348086418255802
8 0.1441188480344704 0.4310641491110353 0.0154413051465504 0.04421913433318175
