0 0.8416251257812499 0.4395153430555556 0.10998510156250008 0.12921921111111107
0 0.91431093203125 0.4650191347222222 0.10233396406249984 0.11561718888888883
0 0.5178863703125 0.3953087708333334 0.015302275000000032 0.02380353888888892
0 0.20801530078125002 0.4539674923611111 0.10998510156249999 0.1003149152777778
0 0.4633720156250001 0.4021097819444444 0.031560942187499996 0.04420657222222224
0 0.49923672265625 0.3970090243055555 0.02104062812500007 0.03060455138888879
0 0.60061429453125 0.3927583916666667 0.011476706249999968 0.015302275000000087
0 0.6159165695312501 0.3893578861111111 0.009563921874999992 0.015302274999999976
0 0.6632579828125 0.39530877083333327 0.02199702031250006 0.030604550000000008
0 0.9329605804687501 0.5602332909722223 0.13198212343750004 0.3366500513888889
0 0.6909933562499999 0.39700902430555557 0.030604549999999953 0.04080606805555553
7 0.539883390625 0.41571180347222225 0.020084235937499972 0.07141061527777787
5 0.53844880234375 0.43781509027777776 0.019127843749999984 0.05780859444444447
8 0.48536903593749997 0.2711903173611111 0.02199702031250006 0.034005054166666715
8 0.49302017343749993 0.35195232499999995 0.016258667187499964 0.03230480277777775
8 0.60443986328125 0.29584398333333334 0.02677898124999989 0.015302275000000032
8 0.72877084765625 0.31029613194444444 0.029648157812500076 0.027204044444444464
