0 0.19844582460937502 0.5710025241780825 0.10882512890625001 0.10983957386605725
0 0.3532198552273404 0.5155108370544408 0.01930163143318797 0.026307408768197038
0 0.3747285562666862 0.5122166205018378 0.014887492220872434 0.019718975662990967
9 0.2562367154062388 0.37666133730644014 0.009957393312477636 0.036357119057324694
9 0.3911797303792768 0.38622251597222224 0.009007428002154427 0.035563768055555556
9 0.3348492165538648 0.46518362028049876 0.007145442482729636 0.010294203431033655
9 0.3495282368814504 0.4817687258082751 0.006096461262900754 0.011438003812259567
8 0.3214245726357624 0.4638884761397706 0.014902735978475246 0.005416314387125365
8 0.210448594140625 0.43245541319444447 0.016003694531249946 0.011380406944444421
8 0.4383646432753038 0.40098407461582714 0.0317341662381076 0.014575956323901296
8 0.45920184620094984 0.4496197705027982 0.01579526896439959 0.011192914549959132
9 0.203647024609375 0.4815334145833333 0.010402402343750006 0.024183362500000027
9 0.475709847265625 0.4630402548611111 0.005601292968750005 0.018493159722222208
8 0.558313657297929 0.38067903820490695 0.01643432290414204 0.055772926409813905
0 0.6018337734375 0.5072271402777778 0.052784324999999965 0.05758289999999994
