8 0.0906571296875 0.41678451041666664 0.0331434671875 0.022528893055555554
8 0.6291062348488758 0.23655336944444447 0.02215612126025157 0.05025676111111116
8 0.6294067820870991 0.2762109043830613 0.026728233211917862 0.018393622855513436
8 0.630251629470519 0.3291319425868624 0.030142330121462058 0.038398792604053045
8 0.632650291796875 0.42284998125 0.029244235156249965 0.017329918055555615
8 0.6496685072638757 0.44786431361215845 0.01896842356974815 0.015368827224316872
9 0.10332963125 0.3639282625 0.013647309375 0.0554557361111111
9 0.39674679296875004 0.29634158402777777 0.009748079687499966 0.0658536847222222
9 0.10625405468749999 0.507766575 0.0175465421875 0.031193852777777753
9 0.08285866718750001 0.5043005923611111 0.007798464062499996 0.03465983472222228
9 0.41429333437499993 0.29807457708333335 0.02144577187500002 0.06238770138888894
9 0.365552942578125 0.5488036303736183 0.0038992304687500146 0.012754441302792241
9 0.44499978125 0.5332410634694675 0.004874039062500057 0.016289140827823845
0 0.649709429296875 0.705327632638889 0.5507664335937499 0.46444178194444447
2 0.971883422265625 0.6481389048611111 0.05263962421874979 0.2911426097222223
0 0.367502558203125 0.6143455666666666 0.02144577265625003 0.02946085833333334
0 0.42891545195312497 0.5996151388888888 0.011697692968749951 0.01732991666666661
0 0.05980908603735448 0.6165875185069095 0.09288993886279104 0.04923884354173658
0 0.010722886328125 0.6282095013888889 0.019496157031250003 0.03639282777777775
0 0.147683388671875 0.6238770215277778 0.06141289453125 0.02079590138888887
1 0.101380016015625 0.5848847069444445 0.09748078515625 0.03985880833333344
4 0.22766851185511278 0.6065899459476574 0.061311134102274484 0.04150611366024093
0 0.40162083203125 0.6030811215277778 0.019496157812499915 0.020795898611111086
