8 0.38332596992187495 0.42733263958333334 0.021310324218749954 0.03880904583333339
8 0.382286442578125 0.4601355236111111 0.02858701953124998 0.02494867222222219
8 0.448296470703125 0.4356488638888889 0.050417108593749926 0.06468174166666668
8 0.707776825 0.3474044861111111 0.015592920312499925 0.05266941944444442
9 0.4146677171875 0.43798780138888893 0.009355751562499903 0.014784397222222245
9 0.5066659515625 0.45184817499999996 0.005197639062500037 0.00924024722222222
8 0.495491026171875 0.4426079263888889 0.008835988281249985 0.0055441500000000254
0 0.4698720773437499 0.48803915486111105 0.01559292031249998 0.021252570833333373
0 0.48936322812500005 0.4929672833333333 0.024428907812500067 0.019404522222222276
8 0.623808853515625 0.4855750833333333 0.00675693203124994 0.01570842222222224
0 0.583440520703125 0.4934292958333333 0.020270796093750043 0.02956879722222222
0 0.543332054296875 0.5231181273019557 0.08835988046874999 0.10448276206275531
