8 0.9530494856268887 0.5752331310069094 0.02436922750377757 0.03346993145826349
8 0.921855480078125 0.5753954027777777 0.02201087578125005 0.03379447499999999
8 0.744586378951092 0.5825100291666667 0.013643709464684184 0.04090910277777782
0 0.01992893445476661 0.6178320902706356 0.02904895530694794 0.023624672236506883
0 0.14077659587351327 0.6323124131944444 0.04510820669047351 0.03379447638888888
0 0.31920072982634656 0.6504563989630106 0.038506754709210056 0.03843169280919201
0 0.3664897268376571 0.6616454119195783 0.04256009731017951 0.056887340505823225
1 0.408701931640625 0.6216404736111111 0.07503707421874994 0.0586956666666667
0 0.46923183828125004 0.6429843520833334 0.0620306484375 0.11916999027777775
0 0.42470984023437497 0.6971421123903183 0.09104498203125 0.13180311966380776
0 0.507250621875 0.6545456201388888 0.028013840624999953 0.04268775694444449
0 0.525259519921875 0.6678855444444445 0.038018783593749994 0.05513835277777779
0 0.5577755859375 0.6847827819444444 0.08504201718749993 0.08537551666666654
0 0.6158456228623537 0.6823768915032622 0.05510992072470711 0.08412104689541333
