9 0.6531075214843749 0.3188977256944444 0.019133863281249996 0.034015759722222205
8 0.659086854296875 0.23492132708333333 0.040659458593750086 0.019133862499999987
8 0.618427395703125 0.2402362868055556 0.014350397656250014 0.021259848611111104
8 0.62679846015625 0.15838587013888888 0.035875995312499964 0.05314962083333333
8 0.6297881265625 0.07866143888888888 0.03468012656249997 0.038267727777777774
8 0.633973658984375 0.012755911805555555 0.03826772734374995 0.02125984861111111
9 0.46176888671875 0.04783465902777778 0.021525596874999997 0.06590553194444446
9 0.488077949609375 0.04472790858897417 0.014350397656250014 0.07669991162239279
9 0.016906559765625 0.15200791666666666 0.01435039765625 0.061653558333333344
9 0.03006108984375 0.3167717395833333 0.014350398437499998 0.029763787499999972
8 0.011525159375 0.2668110951388889 0.0131545296875 0.02338583472222222
9 0.009133426171875 0.31677174166666666 0.01793799609375 0.042519697222222264
0 0.261809336328125 0.4133521680555555 0.015546263281250028 0.038267727777777816
0 0.292303930859375 0.4209449673611111 0.052618124218750006 0.07228348472222229
9 0.2532374034216948 0.35584602045975466 0.0051471017155168 0.00890219925284269
9 0.3453127366434944 0.334016999967419 0.004002106400511185 0.018355383398495295
2 0.6784010471680892 0.42920654899280886 0.02358182089867855 0.11285824923660454
2 0.773042254296875 0.4229191222222222 0.02391732890624998 0.11267719722222225
2 0.7909802515625001 0.42102783779778374 0.02152559531249998 0.10889462837334529
2 0.8412183449218751 0.44812723333333326 0.0286773898437499 0.06590552777777775
2 0.939609372265625 0.42762956180555556 0.021525596093750154 0.11845350972222218
2 0.9820341578125 0.4389652479166667 0.03223144374999998 0.14537686250000004
2 0.09228102656250001 0.4138583763888889 0.025113195312500003 0.025511819444444472
0 0.324279121484375 0.4092520805555555 0.01076279765624999 0.014881894444444488
0 0.339825386328125 0.4092520805555555 0.010762797656250045 0.014881894444444488
0 0.36135098125 0.4103150743055555 0.015546262499999963 0.02551181805555558
2 0.461205833203125 0.41456704583333337 0.011958664843749967 0.05527560555555561
2 0.4813080514312036 0.41385838055555557 0.01867883723740721 0.05952757777777773
2 0.49161255162156664 0.4089086362882791 0.008364040287714869 0.044608214867812246
2 0.49965489805206165 0.4140557380037959 0.011580978859912827 0.05032721677394203
2 0.40089488388558303 0.40662103552582723 0.010937591145473213 0.03545781181800467
2 0.41826635217545227 0.4089086362882791 0.009650815716593986 0.04003301334290843
