0 0.44601332932469495 0.5059843004404747 0.13242751478811 0.23269211023016173
0 0.5313284011718751 0.48026162083333335 0.04443979296875 0.11226895277777788
0 0.5640735117187501 0.4573920208333333 0.03196546562500002 0.03880901944444448
3 0.14329965023287558 0.6672051912676297 0.2850400098407511 0.2761639452425182
9 0.314976777734375 0.34235099722222223 0.009355746093750006 0.047125238888888865
9 0.683749094140625 0.28552350416666666 0.007796453906250056 0.049897311111111065
9 0.673613703125 0.2792863395833334 0.00779645468750001 0.04019505694444442
9 0.677122108203125 0.31948139652777774 0.014813264843750007 0.02079054583333334
9 0.6720544125 0.40056452708333334 0.012474326562500027 0.024948656944444425
9 0.792899462890625 0.24723541548552092 0.02027078203124999 0.042622958748819606
8 0.8151193593750001 0.23424015555555555 0.017931846874999935 0.036036947222222254
8 0.8989338433746012 0.1663243701388889 0.03430958987420274 0.036036945833333306
8 0.866965783984375 0.19751019097222222 0.02650794609375018 0.018018473611111113
8 0.8868906161759025 0.25578788538930186 0.060120446414304696 0.10936854866584064
8 0.866575962109375 0.1746405888888889 0.028846883593750094 0.022176580555555547
8 0.130200796875 0.31116517708333336 0.026507946875000007 0.031878837500000035
8 0.14033618828125 0.20929150000000002 0.03742298437500001 0.02772072777777776
8 0.2947059953125 0.36522059791666667 0.021830073437499986 0.015246401388888886
2 0.12435345546875 0.4885778402777778 0.019491137500000005 0.09563651388888894
2 0.1418954796875 0.4740244576388889 0.02338936562499999 0.07761804027777774
2 0.624885859375 0.45808503819444446 0.01169468124999995 0.05405542083333342
2 0.59720844453125 0.45392692986111116 0.012474326562500027 0.0651437125
2 0.709867218359375 0.48441973263888893 0.03976191953125008 0.15385004305555566
2 0.8676882157994168 0.4866939831381406 0.03597811996366629 0.1603898337237189
2 0.988590480859375 0.5571866430555555 0.02183007421875005 0.2550307027777778
2 0.29840663359375 0.4985751173611111 0.019735165624999995 0.11593218194444443
2 0.28038756953125 0.49399884652777776 0.016302962500000018 0.09152540694444433
