8 0.5380939308593751 0.1932285770833333 0.027294619531249897 0.029460859722222205
8 0.539068738671875 0.26254824652777775 0.011697694531249914 0.025994876388888866
8 0.719408190234375 0.020795900694444446 0.06043808671875006 0.031193851388888888
8 0.718920786328125 0.10224651180555555 0.022420580468750062 0.1109114708333333
8 0.737929539453125 0.16463421388888888 0.03314346640624999 0.01732991666666664
8 0.963597555859375 0.09964702430555557 0.020470964843749773 0.1230424125
8 0.960185727734375 0.2174904618055556 0.017546539843750097 0.06065470972222223
8 0.263198118359375 0.25128380000000006 0.013647310156249981 0.020795900000000034
9 0.7248752386735254 0.2077283863800075 0.01246129140294916 0.04806252553779275
9 0.7257444410156251 0.2654803438581973 0.014622117968750015 0.021461121049727916
9 0.9475132261718751 0.19149558541666667 0.013647310156250092 0.05372274305555552
2 0.3255858203125 0.4618422944444444 0.21835695781249997 0.5666882944444444
2 0.42696583671875 0.4245829729166667 0.08383347500000005 0.3465983458333333
2 0.07116097304687499 0.3803916840277778 0.029244236718750004 0.11957642916666666
2 0.102842227734375 0.3760592048611111 0.026319811718750002 0.10051352083333331
2 0.47034478515625 0.3699937340277778 0.03996712031249999 0.12304241250000003
2 0.538581334765625 0.37259322152777774 0.03021904296875011 0.10744548749999999
2 0.650196833203125 0.37345971736111105 0.02534500390624994 0.11264446249999999
2 0.669692990234375 0.3578627916666667 0.015596925781250048 0.08491659444444438
2 0.776921853515625 0.3604622791666667 0.021445772656249917 0.09704753611111105
2 0.856368692578125 0.350930825 0.022420580468750062 0.08491659444444444
2 0.8846381199218749 0.35699629583333337 0.020470964843749884 0.09704753611111111
2 0.7978802222656249 0.35353031180555555 0.024370197656249926 0.10397950416666668
2 0.904621680859375 0.34313236180555556 0.011697694531250025 0.055455734722222205
2 0.9553116890625 0.361328775 0.01169769374999996 0.07451864444444445
2 0.981144096484375 0.3483313375 0.01852134765625013 0.08318360277777781
0 0.22420580429687498 0.3881901472222222 0.07213578046875 0.07971761944444444
0 0.261248502734375 0.371726725 0.058488471093749994 0.07105266111111108
0 0.280744659765625 0.36219527152777775 0.01949615703124996 0.05198975416666668
0 0.5307828718750001 0.3636857208372322 0.03801750625 0.05497065278557556
0 0.5030008480468751 0.3639282618055556 0.019496155468749943 0.041591801388888905
0 0.488866134765625 0.35353031180555555 0.018521349218749983 0.03119385138888886
0 0.3714017890625 0.3569962958333333 0.009748078124999948 0.013863933333333356
0 0.38894833046875 0.361328775 0.009748078125000004 0.015596924999999984
