0 0.3083234765625 0.65193321875 0.010422801562499973 0.021176484722222222
0 0.31491749375 0.6532945604166667 0.01042280000000001 0.021176484722222222
0 0.32608478164062504 0.6532945604166667 0.01786766015625002 0.03176472916666673
0 0.353630756640625 0.6599122131944444 0.03424634609374999 0.05029415138888893
0 0.392344017578125 0.6678533930555555 0.05211400703125002 0.06088239444444443
1 0.83393045390625 0.6069331895833333 0.329062725 0.6882357625
0 0.45722063632812504 0.6674374270833332 0.08784932421874997 0.11117654583333325
8 0.8781517911722061 0.20855055972222225 0.048283259995722694 0.12441185000000002
8 0.894233802734375 0.3064918034722222 0.038713261718750114 0.06088239305555554
8 0.5428414805560107 0.561733684936092 0.013623404862021515 0.032878389316628454
