8 0.37189714765625004 0.33126147222222224 0.020352929687499965 0.03618298888888888
8 0.40488292929687497 0.3275184020833333 0.014738327343750024 0.02620147083333335
8 0.659996372265625 0.35559140902777775 0.015440153906249865 0.027449162500000013
8 0.637537967578125 0.35122449722222226 0.016843805468750084 0.023706094444444437
8 0.870894828515625 0.33874760625 0.021756578906250046 0.018715337499999984
8 0.870543915234375 0.3524721861111111 0.03649490703125002 0.021210716666666685
0 0.4792369171875 0.38084049799464637 0.014738328124999978 0.011886279010707212
0 0.424494555078125 0.37493059027777775 0.02456388046874991 0.04366911944444446
0 0.42238907968749995 0.38241672569444446 0.01614197812500001 0.041173743055555545
0 0.3988779375 0.38428826111111114 0.04491680937499998 0.06238446111111112
0 0.36905036874999997 0.3980128388888889 0.05123323593750001 0.07735672500000002
0 0.34869743945312504 0.41444074305555556 0.04842593515624999 0.08359517222222224
0 0.26529721835937503 0.4044677874746519 0.14176868046874996 0.21084235560625164
0 0.13206740625 0.46247677708333335 0.26318443124999996 0.2819777486111111
0 0.5388920539062501 0.3770100680555556 0.011931026562500002 0.026201469444444403
0 0.576796368148143 0.38405845309034387 0.012174283293163501 0.022086218819312164
0 0.592725728860062 0.3862366686027081 0.024977604779876095 0.030206679461250496
4 0.83576409296875 0.43253223541666663 0.12281940156250004 0.06987059027777776
0 0.54906538671875 0.3823275986111111 0.023862054687500023 0.029944538888888927
0 0.517132342578125 0.3792083770833333 0.027371180468749978 0.04117374305555549
0 0.6223559917968751 0.41601520555555555 0.06176061328124993 0.0823474833333333
0 0.9585834937500001 0.5186227979166667 0.07930624062500002 0.13724580694444438
0 0.4423499352584244 0.37583836589359526 0.017467449942365043 0.028230222129074778
0 0.4468491269102457 0.3720743362763853 0.014820866617764272 0.024466192511864826
0 0.4497603685673065 0.37019232146778036 0.017467449942364988 0.028230222129074833
