8 0.70507853359375 0.47466643888888893 0.010722885937500037 0.01906291111111108
8 0.68509497265625 0.45387053541666667 0.02729462187500009 0.04332479305555553
8 0.6231946718750001 0.45213754236111114 0.022420579687499997 0.03985880694444438
8 0.66852323828125 0.47639942916666667 0.011697693750000071 0.01906290833333324
8 0.651464101171875 0.4841978916666667 0.01267250078125004 0.020795900000000034
8 0.616858421875 0.4902633625 0.03899231406250003 0.03292684166666665
8 0.559344759765625 0.513658751388889 0.02534500390624994 0.01039794999999999
0 0.512689021484375 0.5644354138888888 0.04238178515625002 0.06134792499999997
0 0.08773270664062499 0.5691145006944445 0.04484116171875001 0.024261884722222238
0 0.187553032421875 0.5639155215277778 0.03509308359374996 0.02079590138888887
0 0.44266024921875 0.5639155215277778 0.008773270312500026 0.02079590138888887
0 0.431937361328125 0.5604495402777778 0.014622117968750015 0.04159180277777785
0 0.394602219140625 0.5647820194444445 0.07603501015625003 0.0987805277777778
0 0.2571543125 0.5682480048611112 0.05653885468749997 0.05372274583333325
0 0.328315286328125 0.5734469770833333 0.06823654921875 0.07105265972222219
4 0.54167837578125 0.5528243611111112 0.019496157812500137 0.04505778333333332
4 0.4854402841647023 0.5386432083324797 0.04229001448309533 0.08035205555726288
4 0.12738504140625 0.5528243604166667 0.06238770156250001 0.05198975138888884
4 0.050375220312499996 0.5649553020833333 0.042891545312499994 0.034659829166666656
