4 0.287252225 0.50193410625 0.019891192187499962 0.0436826208333333
0 0.3065583828125 0.5112946680555556 0.018721123437499987 0.02496149722222213
0 0.32293936640625 0.5175350416666666 0.035102104687500024 0.04992299444444448
0 0.35394622539062504 0.5196151666666666 0.045632736718749956 0.08320498888888883
0 0.26677599765625004 0.5144148541666667 0.03276196406250004 0.05200311666666657
0 0.245714734765625 0.5102546048611112 0.014040841406249949 0.02288137083333336
0 0.1877962609375 0.5206552291666666 0.015210912500000007 0.022881372222222196
0 0.11817708671875 0.5289757291666666 0.023401403125000025 0.03120187222222215
4 0.360966647265625 0.47489248472222223 0.03393203671875 0.04368261944444446
4 0.421225259765625 0.47177229861111114 0.051483086718750015 0.054083244444444456
4 0.455742330078125 0.4780126722222222 0.03159189453125 0.09984598888888896
0 0.5095655578125 0.5102546048611112 0.1017961046875 0.19345160138888884
0 0.40601434765625 0.5612176611111112 0.1240274375 0.14560873055555557
0 0.58445004921875 0.5081744791666667 0.0409524562500001 0.05616336666666677
0 0.63359299609375 0.5185751041666666 0.08307498125000001 0.08528511388888887
0 0.7154979070312499 0.5154549180555555 0.06435385937500004 0.05824349444444438
0 0.9564153468750001 0.4873732326388889 0.02574154375000004 0.0353621208333334
0 0.9254084871093751 0.4977738576388889 0.03159189453125011 0.05200312083333325
0 0.89498666328125 0.50505429375 0.04095245624999999 0.07488449027777783
0 0.8376532257812499 0.5237754145833333 0.09477568437499995 0.12896773472222223
0 0.988592277734375 0.47489248472222223 0.022231333593749958 0.04368261944444446
2 0.568800341796875 0.5302832159722222 0.012870771093750122 0.07696461249999997
2 0.14406487070312501 0.5261229666666667 0.012870772656250001 0.04784286944444438
2 0.087316468359375 0.5313232798611112 0.011700702343750008 0.049922993055555476
2 0.23006502890625 0.5126021569444444 0.009360562500000003 0.037442244444444495
8 0.7759027609375 0.4085959215277778 0.015210910937499933 0.016640998611111124
8 0.7740176806013119 0.43995392105433195 0.025481594015123843 0.045450482891336075
8 0.8712634808593751 0.4325173520833333 0.02106126328125002 0.02704162083333328
8 0.56704523671875 0.4262769805555555 0.0163809828125 0.027041622222222228
8 0.426636815625 0.42211673125 0.011700701562500027 0.031201870833333367
9 0.40382044765624997 0.4553987270833333 0.008190490624999991 0.018721120833333382
9 0.37690883515625 0.44291797847222225 0.005850351562500022 0.02288137361111109
9 0.290908678125 0.44395803958333335 0.00936056093750004 0.02080124583333337
9 0.95258335625 0.3971552326388889 0.010530631249999978 0.027041618055555605
9 0.942637759765625 0.40027542083333334 0.009360561718749993 0.02496149722222224
