8 0.60730528828125 0.27727867638888887 0.054589240624999924 0.03465983611111112
9 0.560514511328125 0.25648277569444444 0.009748078906250068 0.03465983472222223
9 0.5492380579525855 0.27419240285205465 0.013477364148223536 0.0458172057041093
9 0.537119123046875 0.2538832875 0.009748078906250068 0.032926844444444464
9 0.6706677980468749 0.3881901451388889 0.011697694531250025 0.027727868055555493
9 0.6847039064425665 0.3881821534173442 0.014424906635132961 0.02774385427642284
9 0.415755546875 0.43671391388888886 0.004874039062499946 0.013863933333333356
0 0.21810709821402008 0.48471101719813564 0.20615954330304012 0.08770292115928424
0 0.038017505859375 0.45491032777777773 0.07603501171875 0.24781781666666663
0 0.4198284575099631 0.45966379650252465 0.014274756855073789 0.019953920883839626
0 0.46254632265624995 0.4531773368055556 0.008773270312500026 0.015596923611111146
0 0.44158795429687503 0.4557768236111111 0.013647310156250037 0.01732991666666661
0 0.536144315234375 0.46704127013888885 0.03119385078124992 0.032926843055555544
0 0.515673350390625 0.4627087902777778 0.017546541406250116 0.031193849999999967
0 0.936966325390625 0.5629484666666666 0.12202445859375 0.30119535833333344
0 0.3633922996981348 0.4686024348651291 0.04326943226534924 0.017654558884222626
