9 0.455924744140625 0.6581250034722222 0.01298930859374997 0.05861842083333335
9 0.6934835174415384 0.7842838990303957 0.013480315116923158 0.023011157494764234
9 0.017571915448075185 0.6211704645594622 0.018083718810640484 0.06641986800781319
9 0.4394383125 0.6581250034722222 0.015986842187500017 0.05861842083333335
9 0.7046818152662386 0.7825187068030997 0.0070705616550226225 0.02319529971731038
9 0.28353906286117436 0.817326354348606 0.004776831383942748 0.01968940796945473
9 0.38884681663323317 0.8312596628796229 0.0029770957664662645 0.014557962312968353
8 0.5866942046875 0.6637921708517853 0.05695312499999994 0.02850539725912593
8 0.5119763470721916 0.6559331612655779 0.021423661331883448 0.06252422253115586
8 0.6718254512951138 0.5489667557263129 0.028309059435342454 0.048382274658485325
8 0.7382109710128566 0.6225705509918893 0.03368933141178687 0.06062142020497563
8 0.7414620061383952 0.6789989031506367 0.031183973660709685 0.04766008258761534
8 0.7516056588956891 0.7602631618055555 0.01776391528530219 0.024868420833333515
0 0.358382115234375 0.8760253895874384 0.015986841406250007 0.0388212328345825
0 0.34389190386407065 0.8860339886776041 0.0229853594593587 0.06126475806707543
0 0.2010564546670488 0.8955592166666667 0.030884870353402427 0.03730263333333328
0 0.24651861963561789 0.8817879163363216 0.057663178849023417 0.08431486506260899
4 0.54685399453125 0.8445022041666667 0.09666644687500009 0.12994297500000007
0 0.574204483984375 0.8831995406282063 0.025978617968750117 0.08008327570085683
0 0.6488975058045807 0.8594107304639566 0.036460999328338684 0.03499434462764239
0 0.5930890069535323 0.8884539548611112 0.05015858765543535 0.09059210416666674
0 0.4857772640625 0.890998631592278 0.05095805937500003 0.07436567151788931
0 0.40074203419021054 0.9106579020833333 0.09437653953640734 0.1278947374999999
0 0.30242816796874994 0.8875595509105902 0.06594572343749999 0.0994611934878471
0 0.07086900563155452 0.9026644805555556 0.09642115345060903 0.08703947500000009
2 0.622165011328125 0.8713724195299386 0.029975328906249987 0.09988675260678936
0 0.8063347015625 0.8733552715277777 0.3863245765625001 0.2522368430555554
9 0.004045710546874999 0.6224995722222222 0.008091421093749999 0.07968744444444453
9 0.2779092258729561 0.8180968312170847 0.00580043810907338 0.018804034654250956
