9 0.40496668398437496 0.28243421180555556 0.008992599218750008 0.0426315791666666
9 0.6276823799443947 0.13442672820514548 0.012933016070282854 0.05977927428041856
9 0.8963453757812501 0.3196069284722223 0.016552610937500156 0.04999667083333331
9 0.9130485125000001 0.41565789791666663 0.013988489062499943 0.02486842083333335
9 0.8985604363281251 0.4103289506944444 0.014987663281250008 0.028421051388888896
9 0.413459694140625 0.3454934229166667 0.007993421093750008 0.02664473749999996
9 0.39347614218749993 0.33838815902777775 0.013988489062499998 0.02664473472222223
8 0.8935645476562499 0.25845394861111115 0.026977796875000126 0.023092105555555575
8 0.3595041 0.4023355277777778 0.007993421875000017 0.01598684444444448
0 0.3211899753680962 0.4316228986035371 0.05326483979869234 0.04614053054040762
0 0.24959456132812502 0.4289802652777778 0.06594572265625001 0.05861842222222219
0 0.16966035000000002 0.42230733176628904 0.08792763125000003 0.08617481424519968
0 0.063247932421875 0.4147697402777778 0.09692023046875001 0.07282894722222222
0 0.01139061953125 0.4121052666666667 0.0227812390625 0.06749999999999995
0 0.501387326171875 0.43342105486111115 0.021981908593749988 0.028421051388888896
9 0.645322794140625 0.13863933819444443 0.015596925781249937 0.06238770138888888
0 0.6962406341701817 0.45204498035679563 0.016385637464419123 0.018537286828433697
0 0.3645804335833256 0.4321836012963571 0.03351607663176642 0.037074573656867504
