0 0.39804198984374994 0.5895338243055556 0.0266900625 0.03214287361111112
0 0.4660586015625 0.58570729375 0.021524243750000005 0.021428581944444414
0 0.42688447656249995 0.5803501479166666 0.029272971875000053 0.05051022638888891
7 0.444964841015625 0.5797109145208453 0.017219396093750006 0.056460854041690656
0 0.4983449671875 0.5841766805555555 0.015497456250000097 0.018367355555555576
9 0.47157400015475937 0.542576654595561 0.010068535627981212 0.013389474142211255
9 0.4907377468571023 0.5289376761439812 0.009213717223295448 0.012533306045371062
8 0.13027404921875 0.49354057361111114 0.028851587499999998 0.046147486111111136
0 0.47864555585937496 0.5639174791666667 0.010762797656249934 0.014881894444444432
0 0.4915353450467473 0.5653061823314931 0.008106685201939023 0.01080891360258529
0 0.467284824609375 0.5649804715277778 0.014350397656249902 0.017007879166666684
5 0.446536551953125 0.5982521541666667 0.016742130468750005 0.046771666666666656
9 0.5226169879524939 0.5657205356205122 0.00674353840498787 0.01403960098119783
