0 0.5813115703125 0.8116656145833334 0.33871430156249993 0.37392116527777775
0 0.030900830859375 0.8839441270833333 0.060094472656249995 0.2271110486111111
0 0.08075192773437499 0.8978515145833332 0.10243376171874999 0.19179627638888885
0 0.12377410585937498 0.8517285958333334 0.11745737890624997 0.16267998611111112
0 0.37234669921875 0.8505145666666667 0.1010679765625 0.1262590944444445
0 0.254889320703125 0.8420163576388888 0.06282603984374999 0.08498208472222213
0 0.307471984375 0.8092375541666667 0.042339287500000045 0.06312954999999998
8 0.36503006640625 0.6845393361111112 0.02087710468749998 0.016996416666666625
8 0.353908621875 0.7100339604166668 0.023218318750000022 0.014568356944444472
8 0.0513875828125 0.624929148611111 0.043705071875 0.028891255555555495
9 0.24191437734375 0.5929668208333334 0.012292051562500017 0.04613313055555557
9 0.276741855078125 0.6560963673611111 0.008194700781249953 0.04127701249999993
9 0.36961513242187505 0.747148598611111 0.010926267968750014 0.029136713888888943
9 0.052210264953734056 0.7395518085196898 0.031133438842531898 0.02365537259493533
9 0.2786216705008473 0.7401001934206193 0.009222762876694657 0.016427395174571924
0 0.26943783479755956 0.7958307500513149 0.017244021427043843 0.015328019046261132
