0 0.45741892578125 0.4050001125 0.010762798437500054 0.01913386388888888
0 0.44802896451880164 0.404009156195428 0.015164768717376487 0.025367745942477316
0 0.4867176546875 0.40818908958333333 0.00717519843750003 0.017007879166666684
0 0.49457710299451846 0.4062216011976696 0.010795259086945896 0.016449918608679504
0 0.35339266196640995 0.4018877722202112 0.029717453962735674 0.025665091662644746
0 0.344289968359375 0.4039371201388889 0.029896663281250013 0.034015756944444475
0 0.069360255859375 0.4230709833333333 0.13872051171875 0.18283469722222223
0 0.407192534765625 0.4337009076388889 0.08490651953125 0.11905515138888884
0 0.47236725703125 0.4060631034722222 0.023917329687500044 0.04251969305555564
0 0.5034597859375001 0.4071260972222222 0.019133865625000024 0.02763780277777783
8 0.4467695270380435 0.3714939952460128 0.006168719478254869 0.017363802975828402
8 0.5249066404292714 0.3909237708319373 0.0102811991304248 0.013270788891680874
