1 0.7667176244443301 0.5337373066375558 0.1003427011113397 0.06243599228044383
9 0.400158620703125 0.3864571548611111 0.008773271093750035 0.045057784722222216
9 0.55515306796875 0.38819014583333333 0.00877327031249997 0.04852376666666669
9 0.689189146875 0.37952518958333337 0.009748078125000115 0.03812581805555554
9 0.39187275390625 0.3873236520833333 0.0058488468750000355 0.03639282638888891
9 0.410881507421875 0.3864571548611111 0.006823655468749967 0.041591801388888905
9 0.5473546046875 0.3907896333333334 0.004874039062500057 0.039858808333333384
9 0.56636335859375 0.3881901465277778 0.007798462500000047 0.04159180138888885
8 0.129649443359375 0.5017011048611111 0.03314346640624999 0.015596926388888988
8 0.12964944375 0.48090520486111116 0.0311938515625 0.015596923611111091
8 0.09472372464340258 0.5173722083781175 0.02306066165069484 0.05387110008956825
8 0.8778144652343749 0.4973686256944444 0.02437019609375002 0.03465983472222223
8 0.8188233239150311 0.48579789359998715 0.023364855642562188 0.008052384422196524
8 0.6116618980628188 0.5138921159454315 0.03719304107299337 0.020629740115153727
0 0.32699056573628343 0.5979488630708705 0.05567898102743318 0.024128448858259266
0 0.395771985546875 0.5918166743055555 0.03119385078124992 0.015596926388888877
0 0.515185946484375 0.5753532527777777 0.026319811718749975 0.02079589999999998
0 0.482529883203125 0.5779527395833333 0.03704269765625001 0.015596923611111202
0 0.44548718515624997 0.5814187243055555 0.02534500468749995 0.019062909722222243
0 0.582935091796875 0.5684212854166667 0.031193850781250032 0.013863931944444463
0 0.5468672015625 0.5727537659722222 0.02924423593750003 0.01213094305555551
0 0.9766450894973802 0.5277335478526604 0.03141859444273931 0.02938572096134595
8 0.07902777321787989 0.5822937536419879 0.009521418514686325 0.04000218716046877
