9 0.3839509703126003 0.3875721035557512 0.007655379687299457 0.027355226221830842
9 0.5605819509050038 0.3961899282736279 0.004926893627344775 0.012740250187881164
9 0.6469996525533285 0.44205483381002 0.004478994206676967 0.011147718914396088
9 0.38978633300603194 0.3862366078143457 0.006652061324563807 0.021499172192049443
9 0.29722284770254237 0.37150569353460805 0.007088310844915291 0.030258094196217833
8 0.3672434316576974 0.3939647521048057 0.022613439809605174 0.009882429123721947
8 0.5978980567878446 0.39706582533406454 0.022729652049310767 0.010351453277653466
8 0.6380416641399745 0.42812018516702494 0.013436982620030902 0.010351453277653522
8 0.6429685577673192 0.41299113806891596 0.008957988413353934 0.0055738594571980715
8 0.6803681593930722 0.4113986067954309 0.013884882040698598 0.010351453277653522
8 0.9447851132812501 0.32742164305555554 0.027685528125000025 0.06328120555555555
5 0.44484474675543306 0.4774090232213706 0.01298908319936326 0.028665562922732646
0 0.43319936181807284 0.4841772811336825 0.012093284358027923 0.029461828559475267
0 0.4138968819360783 0.4911548210594845 0.039052859184656674 0.0545646273254754
0 0.3265992996991606 0.4845754139520537 0.04434204264610214 0.07007137603334662
0 0.17688956711658527 0.5094826930782561 0.06318468295432947 0.0899035389342901
0 0.5785987464023814 0.48914028263888887 0.04414040530476282 0.1242186652777777
0 0.6210662360158685 0.48851667754812944 0.04470044234423687 0.07699837474136723
0 0.6681172511757054 0.5012344035864523 0.04313099608608917 0.05784295116042881
0 0.6996013626274484 0.5130882908449133 0.04608069662010339 0.05288516275461791
0 0.759555748828125 0.49617152777777784 0.11337882890624995 0.11484367222222219
0 0.8352354484225217 0.5278121305555555 0.11758572659245659 0.12656241388888895
0 0.3687686164639162 0.48661769101049224 0.06481187355283236 0.0964513679790156
0 0.25316628846363604 0.5075044658961286 0.14210309880227204 0.08690740120235652
0 0.5141176637295088 0.5008590229166667 0.10502185870901781 0.18046862361111116
0 0.042339656650388434 0.5274304470372191 0.08467931330077687 0.1304865440744381
0 0.9350350670445645 0.5547891132176281 0.12892384872337082 0.18979586800918835
2 0.9162609556909814 0.4592889760916793 0.0188159198680371 0.038608875594419334
7 0.4414855011004253 0.4614837104865191 0.005374793048012472 0.020702906555307043
2 0.713360446028517 0.476612757584628 0.007166390730683259 0.022295437828792064
