0 0.321213941796875 0.5190706416666666 0.17931846171874993 0.25641673888888883
0 0.5272035155785855 0.48937788536583915 0.0471050592821709 0.08017606260165494
0 0.5719308450652851 0.46114790053121135 0.01805360263057043 0.02852518504868834
0 0.7754807554361053 0.4707415420637918 0.1580214000652893 0.2290603619053615
0 0.911795400390625 0.5627307895833333 0.17542023515624994 0.1829568069444445
9 0.541700732731363 0.3654674978514024 0.007494051714461714 0.016653448254359382
9 0.4305247671560171 0.3848208294830342 0.0059327909406156065 0.011657413778051628
9 0.5426374891956707 0.4065460035454891 0.00562053878584623 0.00999206895261573
9 0.5003273222244387 0.4157054000853868 0.004683782321538543 0.008326724127179663
9 0.5193747036653623 0.42208922191622456 0.003434773702461591 0.005551149418119905
2 0.661584922252772 0.4524984149991336 0.0062767162707302315 0.035707541451265756
2 0.6561451014848056 0.454115264226226 0.0062767162707303426 0.03150216876977019
2 0.6455464656250001 0.4553129659722222 0.00779645468750001 0.04296712916666667
2 0.7060877728628756 0.4600043606572064 0.00725437385075145 0.033906955225064594
2 0.6007168496093751 0.46155013055555555 0.0054575179687500475 0.03603694722222228
2 0.594479685546875 0.46085711180555555 0.00857609921874991 0.031878837500000035
8 0.576937662109375 0.3596764520833333 0.02962652890625006 0.015246398611111156
8 0.41843514178405655 0.3778818927103844 0.0151239382556132 0.02220459767247923
8 0.5541908189221325 0.40599088860367705 0.009367564643077197 0.005551149418119794
2 0.7245492526992172 0.5127485132295291 0.031787770523498016 0.14881385904333888
