8 0.5142111390625 0.24608482430555556 0.07116097343750005 0.02772786527777782
8 0.5824063400082014 0.11228012395485126 0.032251352796097255 0.04779509235414697
8 0.5834287335220822 0.17562828240084688 0.038029982669164686 0.05260081635856281
8 0.6059352448068802 0.35307973530721304 0.022604919301260407 0.033758681725537254
8 0.58780913046875 0.42718246041666663 0.01169769374999996 0.05372274305555563
8 0.076035012109375 0.4705072520833333 0.015596925781250007 0.019062909722222132
8 0.587321726953125 0.3642082535899709 0.008773271093750035 0.014423912735497313
9 0.43190201556913677 0.1973494849889364 0.017259642867653413 0.06974281335546051
9 0.456697475390625 0.20535951944444447 0.016571732031249953 0.08491659444444447
9 0.5936547447657332 0.2923063428472763 0.01365377453103378 0.06471517180566366
9 0.6142881012352297 0.4397629960242323 0.02697630377954041 0.028561671840424296
2 0.63752433125 0.5562536341065583 0.021445771875000075 0.09205142862748494
2 0.614616346875 0.5554238472222223 0.014622117187500061 0.0987805277777778
0 0.34497345703125004 0.6299424923611111 0.40335340781250006 0.5354944430555555
0 0.01852134921875 0.7581838784722222 0.0370426984375 0.30673953472222215
0 0.013186063897061404 0.6044737029168934 0.026372127794122808 0.06105794962153499
2 0.011510697212403356 0.5586332183054193 0.011323702237306712 0.03934558383306097
0 0.095043765625 0.5718872701388888 0.13939752187499999 0.15250327083333326
4 0.173028392578125 0.47137375000000004 0.06336251015625 0.11784343611111114
0 0.5414484707320097 0.5753532527777778 0.06336250859375003 0.14210532222222227
0 0.8193259937499999 0.5883506902777779 0.25832407968750004 0.2686137166666667
4 0.908033508203125 0.4644417840277778 0.18228906640624998 0.33620039583333333
