9 0.397110898046875 0.3258621388888889 0.007049900781250007 0.014323608333333349
8 0.503665142454582 0.3073693550437212 0.005438471340835971 0.01550014824589091
0 0.44751645788592465 0.3735678694033502 0.013626302403577817 0.017849659288897313
0 0.4195466792680544 0.38174639525326315 0.007171738107146219 0.009982173382362569
0 0.408251191749299 0.3818552112160526 0.012550541687505856 0.017849659288897313
0 0.324544277734375 0.38516750555555557 0.03277880390624999 0.04341177777777783
0 0.2572839685387614 0.3933372167737873 0.08376634900112909 0.052600816358562785
0 0.09810299389445501 0.4132099186407232 0.11402429716391004 0.10819574882966476
0 0.47351400852432973 0.37149929823658917 0.03191423457680076 0.05196178686015507
0 0.49641705939074005 0.37027161358738475 0.013891867156019866 0.032931733936341634
4 0.520134584539011 0.35873540714799057 0.03152892845302202 0.06574653651820334
0 0.64234677578125 0.37778522708333334 0.06445624843749997 0.07161805416666667
0 0.5741020382835582 0.3736684874573226 0.07160057154952681 0.0973895917273207
2 0.9458003073678469 0.36435684166666665 0.03748217839505452 0.14144565555555555
8 0.6322474688707578 0.2801232217192383 0.01201351871636358 0.01110583063557169
8 0.26819840390625 0.3375000715277778 0.013092676562500016 0.01969496527777781
8 0.8674432089843751 0.3142602611111111 0.017755185156249964 0.029136713888888943
