0 0.5049101874375705 0.49325727922618634 0.009145320368428078 0.02989438055916277
8 0.762299736328125 0.22268943680555556 0.015596925781250048 0.025994876388888866
8 0.7720478144531251 0.2504173041666667 0.029244235156249965 0.015596925000000011
8 0.757913099609375 0.35699629513888886 0.03996712109375 0.02079589861111114
8 0.7584005035156249 0.30240705625 0.03899231328125008 0.07105265972222224
8 0.027294619921875 0.35270451930940616 0.011697692968750003 0.015515516936743246
8 0.009748078515625 0.3647947583333333 0.01949615703125 0.012130941666666673
2 0.1471018543168131 0.5203685790269026 0.013835572616373804 0.06332982472047183
8 0.52054738984375 0.4436114820038851 0.007798462500000047 0.02072710289665919
2 0.6144152603589372 0.4956698273899944 0.018119175405374555 0.05297074449956918
0 0.4474368015625 0.5034340965277777 0.04094192968749999 0.06412069305555551
0 0.5636468330396991 0.5081749312404561 0.04330734107939804 0.0632044124809123
4 0.40077734066946247 0.48176238210595745 0.028981603036075165 0.05200838856586293
0 0.3691759397524304 0.5029598413374936 0.013570475385409453 0.015733884504822604
0 0.008285866796875 0.5268294847222222 0.01657173359375 0.07625163611111102
0 0.03474605735188317 0.5233819222057312 0.06949211470376634 0.06928282781075973
0 0.9403344607850911 0.4878553186149979 0.11768716280481772 0.09964793519720938
0 0.8646966654809931 0.508311343515842 0.14223773153801356 0.1132879185238716
0 0.8056889473712655 0.5069982114291987 0.07313111505503112 0.07499818280632076
0 0.5420020929265968 0.5032220727459072 0.01756440304069362 0.04562826506398526
0 0.5415594753402126 0.4991792617462978 0.028161994632074583 0.048679056825928935
0 0.5160412859689507 0.4994686631017233 0.010483950062901481 0.03392574324099795
0 0.5125804561336715 0.49325727922618634 0.010325361706289837 0.02989438055916277
0 0.47448472845533307 0.4961851095687114 0.01414069465183393 0.023162933640354988
0 0.68577731953125 0.4913031548611111 0.11015328593749996 0.06412069305555551
0 0.630213272265625 0.4939026423611111 0.020470964843749995 0.05892171805555557
0 0.6036730626674786 0.49566982738999443 0.008332475334957179 0.045628265063985374
0 0.5946327855468749 0.49303614652777783 0.007798461718749983 0.0467907763888889
0 0.7537927059371944 0.48302336043854643 0.06380483500061129 0.056418398567351646
0 0.8749647091210232 0.44813544205328404 0.05376376667954652 0.011816777004543033
9 0.7223326136718751 0.38992313819444446 0.025345003906250052 0.010397951388888882
0 0.0868000671875 0.5299286611052785 0.03721440312499999 0.04875190834499865
0 0.3798996606317617 0.4961017510161748 0.010237049048976654 0.019849439634317234
8 0.35132781451727235 0.46939422106053874 0.006785237692704726 0.010489256336548347
0 0.5264459418535463 0.49719075035239196 0.017405609733459948 0.046152727880812816
0 0.9118769438326206 0.44458713622673596 0.025370888764026378 0.012062644787030619
