0 0.05738353046875 0.44036546805555554 0.038255687499999996 0.09351390277777782
0 0.3110396992180533 0.41988113174471076 0.034005643751393366 0.058395311776500036
0 0.3597316030909191 0.4415439086940576 0.09642290392127728 0.1506975787780646
0 0.26252965625 0.4139697253456076 0.012433098437500012 0.012665543753229203
0 0.2483479918187962 0.4070524487289553 0.010848752387592392 0.03130852523568839
4 0.29146814738111654 0.38979334921463943 0.04254419586276692 0.10182433212627673
4 0.15089146292809302 0.3502687046990961 0.206143707106186 0.39895939337958564
0 0.010042117578125 0.46926976805555554 0.018171452343750002 0.10881617777777769
8 0.04638502109375 0.35932009097222223 0.018171451562499996 0.02720404305555557
8 0.04255945234375 0.3848238826388889 0.010520314062500001 0.02040303472222227
8 0.7082209830354018 0.21963261303242942 0.05703961830419635 0.13768721004625226
0 0.419218586328125 0.445238029688674 0.024866197656249978 0.05259751562265208
0 0.5567420496878532 0.5850568093085404 0.3445447790632064 0.38051691749403027
4 0.25112338713563426 0.3864451064533277 0.019072662314098765 0.03673253482715333
