0 0.06951145386821202 0.6191520983811016 0.136386190548924 0.18930875666714064
0 0.15293572424168408 0.5630433138729829 0.1423704327666318 0.15604147549456304
0 0.2936494018176301 0.5302265683910304 0.05342341355223984 0.08567115682844278
0 0.31860629888341363 0.5281246243055555 0.014947400891827167 0.06562495416666664
0 0.8225707453163897 0.6647770100553582 0.3534736077691937 0.35327670236615344
0 0.6211081029974594 0.5679218726419522 0.07272312971687134 0.09345944381284677
0 0.50163539765625 0.5386714930555555 0.04350582968750005 0.0632812083333334
0 0.42144660194739214 0.5246090013888889 0.036057821082284225 0.07265619999999995
0 0.3739984073334919 0.5272419937222012 0.03285683571545389 0.03926523477781996
0 0.4669197566126875 0.5277343308168005 0.04174575396212504 0.060748638478350325
0 0.5349198820135572 0.53655226547156 0.029671198472885574 0.055019646834657654
9 0.2550013829892325 0.4597412182023441 0.006793755896535025 0.01635810862691045
9 0.3026078022289207 0.4004509922291527 0.0065027252296586124 0.025902542791638727
9 0.4876655382045332 0.44478907443289917 0.004380911428727152 0.013240087873486517
9 0.45327538348902474 0.47360573627519353 0.004819002571599895 0.007009458285963499
2 0.5707276215670968 0.5351507884437843 0.00788564057170893 0.04217730744312409
2 0.58535116015625 0.5394527312499999 0.010546867187499975 0.03515622638888882
2 0.6647185281326138 0.5558589666666667 0.013715306265227545 0.058593708333333216
2 0.6763667520968684 0.552632442107992 0.013085870806263333 0.06973426578401576
2 0.6947910899164386 0.5586538158841046 0.013134890444095326 0.07710404114559855
2 0.7040114297424249 0.558073347834501 0.01580428895265018 0.04478995710877576
8 0.5050745373033074 0.4436925198750759 0.01817053476838515 0.009489321360959369
0 0.3959029644771278 0.5111141054762729 0.015333190000545116 0.021028374857890553
2 0.22450911291500325 0.5194656546869418 0.009770522607493476 0.050130412848338635
2 0.20628339484121014 0.5143233839456122 0.011785814682420293 0.042709970669002006
8 0.3692796236263688 0.46910669155475915 0.012905080872262442 0.010223444668259474
8 0.7718377405446887 0.3200051275340786 0.12485597571872487 0.0685369254627542
9 0.23627131504041984 0.46869910121423974 0.014895098857672429 0.014018916571927054
2 0.26146155575560115 0.5084193648346995 0.008323731714581672 0.03582612012825792
0 0.44429451506013407 0.5047588842128091 0.013142734286181512 0.017913060064129016
0 0.37749529464917536 0.49988307359786055 0.031356424066043664 0.023066794715250527
0 0.41191527738833833 0.47905888392437046 0.028833493394063214 0.017300096036437895
0 0.395336018686752 0.4883496762402353 0.007929210683367383 0.011533397357625264
0 0.44417274812294644 0.518785030378413 0.009010466685644758 0.01601860744114625
