0 0.10219412890624999 0.4515759794309443 0.20438825781249997 0.4055444069444445
0 0.2026871213573099 0.4097441943452467 0.15885363333961983 0.24205684742061784
0 0.3040701972340867 0.42331571937062396 0.08604011165567332 0.14708222207458121
0 0.359799523828125 0.4310104039029592 0.04899194140624996 0.09609698386074833
0 0.38258427476830925 0.4158676102850778 0.03958457767294915 0.0801465523254773
0 0.5990373771966726 0.44468601665687485 0.046656669044154664 0.06255340669305542
0 0.6504799116123883 0.45804377537778773 0.055711627836002475 0.0814497482982493
0 0.6718429291745371 0.4766143179897885 0.0423075020990743 0.08079815031186327
0 0.8391126566406251 0.4822969729166667 0.24518111171875 0.2922624763888889
0 0.5023617568648023 0.4159914510247257 0.02141002935460462 0.030872786839437505
0 0.4467513797705519 0.4368001037607717 0.0908470626661037 0.13895308692290104
9 0.4241847337116401 0.3301824750753195 0.00989614441823733 0.022154331537123817
9 0.5042701987258937 0.34419183178261836 0.010262668285579424 0.01628994965964986
9 0.5039036748585516 0.3777491280814971 0.005131334142789656 0.01042556778217596
8 0.5859431938516065 0.3718847462040231 0.011605109171787031 0.00912237180940395
8 0.5658462084393703 0.3803555200270411 0.009529620550895235 0.00521278389108798
8 0.36700701040626915 0.3425628368166534 0.011362239887605818 0.007819175836631942
8 0.3342031242791492 0.33278886702086347 0.011728763754947857 0.019547939591579855
8 0.7213856360370035 0.28154956810707493 0.019792288836474548 0.03127670334652777
9 0.57031177421875 0.3987665513888889 0.010716987499999941 0.019052422222222254
9 0.37089926054687505 0.3627030375 0.011482486718750018 0.014969761111111146
0 0.5787306465114554 0.4449970978030685 0.02143721010208932 0.043627629393863
0 0.976753816015625 0.6464544404869358 0.046492367968750004 0.18520416527777783
0 0.4472757373541938 0.3546173995647943 0.057544247172713225 0.031928301332913744
0 0.6999606337035746 0.4775917149693676 0.056444675570686664 0.10621047178091719
