8 0.8046281127348904 0.36192284033742345 0.034519285735306826 0.059906485297252066
8 0.7466943270944137 0.360609433719267 0.010665938563827582 0.02162155247690495
8 0.713831148828125 0.4908845972222222 0.016824017968749883 0.023111780555555572
8 0.7609610468663028 0.42694329389175806 0.02444260302477086 0.05844535150951424
0 0.3081765241713784 0.5223161974444543 0.07886969853224324 0.1859283217777582
0 0.17845802768912702 0.5486640493055556 0.2664222571217459 0.2990936375
0 0.5078218996093751 0.5613528756944445 0.34642180703125003 0.5383685486111112
0 0.27496831239997066 0.4791651365132861 0.028227423309369504 0.011069577768380134
8 0.6700277205495951 0.46602922404880676 0.012868384155741985 0.04501628292474613
9 0.7146519559283779 0.5084626054942643 0.0074719649936566546 0.010331605917154874
