2 0.16799345097240834 0.5201903126089458 0.02749102069481668 0.09819377244011379
2 0.12393620944821493 0.525471255860074 0.026388195458929856 0.09938066727570372
2 0.017593946147130644 0.5383825645633965 0.03255117510676129 0.12323403753987372
0 0.2839768202526438 0.5152716534817049 0.09593710536061165 0.11508094859214585
0 0.892709952734375 0.5259371381944444 0.21357407265625006 0.37499974305555556
0 0.46957783567355604 0.531770014694322 0.363745038027888 0.2883340372780227
2 0.6285939641284464 0.48022302222466695 0.009490873305607384 0.025803319439554995
2 0.67354933359375 0.4720309458333334 0.009228509374999971 0.03749997222222223
2 0.658388211328125 0.46851532222222225 0.010546867968749929 0.039843724999999997
2 0.6695942582031249 0.49195280763888893 0.011865225781250044 0.08203119305555556
2 0.7388080777343751 0.4755465694444445 0.015820300781249963 0.044531219444444436
2 0.7916231915509587 0.5049170138680523 0.02356890283558255 0.131397086069438
2 0.816591227734375 0.46148408125 0.01054686796875004 0.0632812069444445
8 0.2083006375 0.3196872861111111 0.02109373437499995 0.014062491666666677
8 0.22150824041818523 0.3565190929284167 0.026415202711370434 0.017413658079055705
8 0.21589137281274348 0.38406776992461383 0.014048111165020138 0.016261050960338697
8 0.6350308376818572 0.2318125680863539 0.03315354234944745 0.050248535784671644
8 0.712793929866824 0.30369629930202824 0.0298798918288522 0.031981965284832437
8 0.7234532071195747 0.3592662791117984 0.017805834551649413 0.022908030445819183
8 0.820718743623376 0.22991451065351798 0.022757940087332562 0.039459583361300954
8 0.8236593418597833 0.2831596640013473 0.019086420967933337 0.030867766441749933
8 0.8370145525747994 0.1515447804054336 0.01713869562132453 0.026972373436838615
8 0.849022855078125 0.18374987222222222 0.029003886718750094 0.018749988888888874
9 0.23301685446206583 0.4278459637498155 0.011212056700868361 0.02600499694407543
9 0.21111292706116835 0.4281581553550672 0.013534729122336747 0.024989027608188108
9 0.27619609843750004 0.12539053888888888 0.017138659374999976 0.08203119444444444
9 0.26630841015625 0.13359366041666665 0.013183584375000001 0.06562495416666667
9 0.5722070879171384 0.19344400488555558 0.01326261020927677 0.06345073199333337
9 0.562665173871197 0.20245393642551984 0.013731366320106297 0.05446681048229368
9 0.8380467711887833 0.32833645838691705 0.021817351752566494 0.04261083899605628
