1 0.224648414453125 0.6361291201388888 0.17094363046874997 0.22425233194444438
1 0.07148042734375 0.6231765726009909 0.1429608546875 0.36104625555555553
1 0.44196542127250615 0.6348743777777778 0.16448886214248754 0.30322119722222224
7 0.4970717082761024 0.7422750027477036 0.08698607368664668 0.2972940777176296
5 0.515366678390587 0.7736705506944443 0.11968111509382584 0.2735878458333333
5 0.6791482042968751 0.7108798986111111 0.09839071171875002 0.12109626111111105
5 0.7169907855468749 0.7276988256944443 0.09082219453125007 0.1457640180555556
2 0.8483425113055512 0.6715102410960614 0.027574886673602417 0.06029713774767842
5 0.8551968399394149 0.7623519010359936 0.2034179720663296 0.19712998818309824
5 0.8935054035156251 0.7792768576388889 0.13371045546874993 0.26237523194444434
3 0.978020502734375 0.8084296625 0.0428882570312501 0.1367939222222222
3 0.9857992441406249 0.8319761590277779 0.02775122578125 0.1412789708333334
1 0.33583063007812497 0.6474123784722221 0.055093714843749975 0.15344619861111097
