0 0.061204162109375 0.49187089448486243 0.12240832421875 0.12630426927714927
0 0.173625203515625 0.4587298006944444 0.17891763515625 0.15296774861111107
0 0.2894690314828863 0.4580952965561129 0.059051346675030814 0.059051346675030814
0 0.3744182523035808 0.4396790317484355 0.057667330737334765 0.05413040111877826
4 0.4122740159443229 0.41835493433800763 0.05126057904885428 0.062331977045865905
4 0.44563445465400886 0.418765013134362 0.020923431183017593 0.03526677648647675
0 0.44225601086855726 0.43311777100676535 0.011994804793365732 0.022964412595845363
0 0.4609616717121173 0.4302735090674424 0.01333592936173461 0.0156355735317818
0 0.4724736921749207 0.41876501313436204 0.011533466147466975 0.017223309446883994
4 0.5250378188253391 0.4124251769692945 0.035596745643693306 0.09048373551535294
0 0.4940659537942026 0.42557137614558066 0.010597215849094788 0.015327603264394196
0 0.31332681796900574 0.4148039611960846 0.03882431874948855 0.012581835941164132
0 0.9510340581450294 0.4490668892983155 0.09793188370994133 0.11360494927119819
0 0.9355232736920882 0.4388333772347256 0.09108927550917645 0.10535045386388209
0 0.9098744201592897 0.43001223070593114 0.09554915935938724 0.10436160906065262
0 0.8577283103128266 0.43972674218764074 0.08992862057354112 0.07716097691186546
0 0.8068312090854406 0.43251024794408505 0.06307493526338648 0.08160189644636129
0 0.7896952690523452 0.4094566894888112 0.026153324042190507 0.026612940466822
8 0.4968823550498608 0.39237314464632145 0.008848600026032327 0.012903432497158973
8 0.6912695148658289 0.32513122727884713 0.028727198238770013 0.050637384331194635
8 0.6433094940854327 0.2876000063933862 0.0327278462041346 0.029976206857846965
8 0.6525174244538463 0.3562997728021815 0.03240857765480731 0.031355409493251885
0 0.4609402260274537 0.41712469794894447 0.011533466147466975 0.007381418334378886
0 0.5056781852296464 0.427690837869124 0.003747025857230857 0.016653448254359493
0 0.4849134169374919 0.4163109815619784 0.0128023383455389 0.014988103428923538
