4 0.12048826250190173 0.3833499418706356 0.24097652500380345 0.7666998837412712
0 0.2372029120151839 0.5672857576696573 0.014296522467867862 0.08784451256153691
0 0.253771941374385 0.5646275493310491 0.03297268843843518 0.07013238493254459
0 0.2637815075074814 0.5468327650944333 0.028262304375801517 0.07431939298821899
0 0.28145171385150547 0.5380352111058362 0.020031664484489065 0.039976252788327504
2 0.8728395178816503 0.5694297108873916 0.06064619480640743 0.25503364399700523
2 0.9826897334050726 0.5627993485545763 0.028341078502354677 0.1949409945575143
2 0.4376399843832983 0.5718872701388888 0.044743682829096576 0.22182294027777777
2 0.4129079851715107 0.5339386892764975 0.010598364140925576 0.048150592640254564
8 0.46207261882524886 0.4611894243091563 0.010009566133096448 0.015701280208778645
0 0.7382449144531251 0.5618084645833333 0.21577659296874996 0.24325713194444437
0 0.5383219608391301 0.5399044808527398 0.09185248922135514 0.12288729662785386
0 0.37043162211623715 0.5334547729019299 0.023386107330025607 0.02834122364058478
