8 0.8128118695312501 0.1824394588333379 0.028681453125000034 0.03540400733332422
8 0.8449077820312499 0.2402044451388889 0.04916820625000007 0.04127700972222223
8 0.8203236785156249 0.30484659500523614 0.03551037109374988 0.04310792387841661
9 0.8696333393055664 0.3853097846512816 0.03795902451386712 0.057001825141881235
9 0.8144218400240057 0.3935823816077886 0.026438259735511616 0.05016887845108953
8 0.4716926971070926 0.38542055401002817 0.021793231231498567 0.029445076863891362
9 0.199056116435101 0.4969909549936006 0.008810976693878814 0.007991814351655968
9 0.14112732454943494 0.4964914665966221 0.0075859800291108725 0.010988744733526734
0 0.05239945464552504 0.5800558693138536 0.09805581593184041 0.05544321206461278
0 0.007866942252411266 0.6012496634112394 0.01573388450482253 0.03889116941592252
0 0.24422851032637488 0.5811766902970439 0.012667200397133538 0.021434120244940957
0 0.259139780054138 0.5873433817143183 0.01940303684479594 0.04306594840492928
0 0.276828097650403 0.5947749301905484 0.02499767636748329 0.05018034091952317
0 0.29346764976812934 0.600292142260358 0.02833120060094807 0.06276450594671568
0 0.3693691461326771 0.6048086609115904 0.14526502335964586 0.15703329206570804
9 0.1983031369910668 0.527709491407778 0.009552715592213656 0.007492325954677415
9 0.16599248131152056 0.5264607704153317 0.007866942252411274 0.005993860763741976
9 0.17301653689403063 0.5426941433171326 0.008428866699012078 0.0054943723667634226
9 0.17877626247168885 0.5496869808748317 0.0075859800291108725 0.0044953955728065376
9 0.19661736365126442 0.5414454223246865 0.007866942252411274 0.00499488396978498
9 0.197741212544466 0.5501864692718101 0.007866942252411246 0.0044953955728065376
9 0.18580031805419892 0.5586777720204446 0.0075859800291108725 0.0044953955728065376
