0 0.33839460864590304 0.5339619416971069 0.034541850104306104 0.04261530271689751
0 0.5130651091094355 0.5156932278514093 0.00646213113590921 0.011231341519403526
0 0.5198966519301698 0.5189788778222659 0.007762878952160324 0.016162569533420768
0 0.530906210289011 0.5213160460237237 0.008990791145612853 0.021478001070075248
0 0.5022480635123698 0.5160714178554495 0.014610035611620886 0.025973396642881563
2 0.5003981940934108 0.518532806410474 0.0059474366243215115 0.022904359401274443
0 0.4832348110981153 0.5219847677826078 0.018471540946230602 0.02641173665700669
0 0.4681367454083694 0.5128091932745182 0.009772470120761212 0.010058541228741391
0 0.4530232486963089 0.5145444106356293 0.008765547919882155 0.013528975950963584
0 0.42763619765624994 0.5169708520833334 0.012688778124999966 0.019087393055555513
0 0.3995739515988962 0.5232574385353286 0.020010279614707693 0.02471969095954596
0 0.5385200502045648 0.5218155344207022 0.011182769159129857 0.02347595465798924
0 0.5470615381287841 0.5255616973980408 0.018824468961126994 0.029969303818709547
0 0.5583000270608003 0.5295576045738688 0.01713869562132453 0.02697237343683856
0 0.5716742218575052 0.5325334031083213 0.026353470610366303 0.03200952110146049
0 0.6071594221095492 0.5436491080901227 0.030510523724097904 0.04959170840234339
4 0.6379671046388026 0.5384689789513828 0.057811542090105084 0.07177600876390133
0 0.6609887032513506 0.5610836930753215 0.03792022234280745 0.05811528328399618
0 0.7122658285824743 0.5661203509599344 0.10099452903994877 0.11003160301769921
0 0.923379303515625 0.6201494810082941 0.15324139296875006 0.25198806576118954
0 0.445268928056763 0.5107768530420185 0.00674309335920964 0.011987721527483841
0 0.4580527092169313 0.5105271088435293 0.0036525089029051383 0.00849130274863441
0 0.5252869658230029 0.5220652786191915 0.00674309335920964 0.017981582291225817
4 0.4717074835584748 0.49609188197630977 0.009271753368913338 0.018980559085182702
0 0.45920466462160686 0.504333440526455 0.0044953955728064265 0.0054943723667634226
