0 0.7235620273843848 0.39494548158816495 0.010957526708715748 0.015484140306333383
0 0.7121830573407184 0.4056844821232025 0.012362337825217673 0.014984651909354774
0 0.7046181424155075 0.4129270638793907 0.01007250983101482 0.0194800474821612
0 0.6988873173748552 0.41817169204766486 0.015352990999710325 0.02197748946705369
0 0.6887437760177847 0.42342859232022667 0.021676219839430688 0.02649742924843551
0 0.75600130599722 0.39792941040492563 0.012386054181940054 0.009464276412370909
0 0.7560155224362564 0.42216759922349284 0.02585324106498721 0.037961118170365515
0 0.5408548035715353 0.45264007975229725 0.06043963839307065 0.07012169049540534
0 0.4812348383366789 0.47223034539982855 0.08750108738914225 0.08196479253367611
0 0.190142769140625 0.5290708812265343 0.29657488515624997 0.2188665125469313
0 0.020329730078125 0.5698969176123228 0.04065946015625 0.17193881199757666
0 0.7156950851319734 0.40043985395492837 0.009833677815514141 0.017482093894247264
0 0.7329742618649482 0.38995059761838 0.00674309335920964 0.009490279542591351
0 0.7491295897047213 0.3842064810531273 0.011519451155316496 0.007991814351655857
0 0.7680945397774985 0.3844562252516166 0.008428866699012105 0.00849130274863441
