2 0.12891265050988088 0.6171732982419232 0.04590684633226173 0.22419056740504262
2 0.08739492090840656 0.5933420573596482 0.0346057738081869 0.184835289670633
1 0.5247556999265552 0.5510033417673648 0.03154141530194077 0.06859050535415934
0 0.49081922633904906 0.5632365429491777 0.017405694196901855 0.0261839057683112
0 0.29142158632812504 0.6490853138888889 0.30940080390625 0.5088024138888889
9 0.46225696960604273 0.49199416185403644 0.008177403967169816 0.01453760705274637
9 0.4331687737117202 0.35513297228851975 0.008177403967169927 0.014537607052746426
9 0.695993392112473 0.2837496280298273 0.011489387349945868 0.047233842170765594
9 0.33007507369704303 0.15991367758021063 0.00876150425053912 0.014537607052746399
9 0.6839727272117722 0.2860917734488238 0.010029104951455925 0.04675289199124122
9 0.8010922048402764 0.380722530926139 0.01646894969444701 0.050348393703277594
9 0.5600937670703965 0.4647880658824968 0.012266105950754835 0.016614412021465186
8 0.9309974470098867 0.46769558848140125 0.018107108784447656 0.04568962216577449
8 0.8136255736551654 0.4379174178518117 0.0216762776896694 0.05955634125917897
2 0.7867532256466883 0.5882640540430009 0.022722813793376484 0.09160725858066476
9 0.8300946243437436 0.4809663914629228 0.015477654937487095 0.026541605963043224
