8 0.5526246038689907 0.32446766572586433 0.01657677117472378 0.027971350230795666
8 0.7939711536840364 0.3287133171001815 0.01376714894171982 0.03146776900964504
8 0.12205735015825385 0.12848591555159597 0.029793526416581645 0.054674858513583544
8 0.12157680940959932 0.18230647940090478 0.027871363421963474 0.0478405011993856
8 0.12252913032591553 0.23108937523714318 0.025966721589331068 0.03093080785904692
0 0.37053556243057273 0.36448878896105913 0.021685132673645413 0.03488848318899285
0 0.4056532545714063 0.38415652916479426 0.05001127574747166 0.06043809603439765
0 0.4470109116110277 0.39597913685562025 0.0555180997845553 0.08308433462209269
0 0.32395767890625005 0.4023260558104975 0.07444857968750002 0.08843314217655057
0 0.6767133247482638 0.40238785565450924 0.05965178992397635 0.04395497893410738
2 0.02570893005301804 0.3652395146516918 0.016818926202908997 0.11128625402994968
2 0.16794899165476268 0.36812745451415296 0.013935681710981723 0.06580446041613852
2 0.20077560648532483 0.37478566049939377 0.014048111165020138 0.08425277622343469
2 0.629202097543029 0.397611596809226 0.010645988836058051 0.07036562582599232
2 0.6227684467455512 0.40238785565450924 0.015646348178602332 0.06992837557698894
2 0.6094091410979645 0.3918985993179609 0.009773341570928906 0.060937584431376146
2 0.5909759473494955 0.4003899020665953 0.011238488932016066 0.07991814351655896
2 0.5820586869153456 0.405481388417018 0.011653351955691171 0.07772698516736937
2 0.7386215956938571 0.41948782215630126 0.012081375601917244 0.09014263346517526
2 0.9696809692421289 0.4415805631363415 0.03645622598425746 0.1783101848384282
2 0.5273660931348552 0.39538944553250993 0.007305017805810388 0.048339325601646776
2 0.5157061608678886 0.3914490628093155 0.007585980029110817 0.04845037450691381
2 0.49820903245640946 0.392947528000251 0.007740921162818937 0.04845037450691386
2 0.2853452356987459 0.37636450712329456 0.010114640038814515 0.05244628168274179
2 0.22325258434935702 0.37208910741766793 0.012924262271818504 0.05788115738688637
9 0.24555632256247134 0.26773594582837906 0.008649733475781768 0.03758896522808866
9 0.258530922776144 0.2690173878247911 0.009610814973090853 0.04186043854946239
9 0.5135708548302347 0.32721485190924604 0.005338282242707604 0.026472885039860117
9 0.2342636149690896 0.30019914307081924 0.007208111229818126 0.022211661271143268
2 0.2357554032862249 0.3756152745278268 0.014890997834921288 0.06793042198907506
2 0.27719733122303425 0.37361732093991284 0.0061811689126088365 0.04295600214015044
2 0.2568275700337551 0.37236859994746657 0.014329073388320512 0.06543298000418263
0 0.35080943372773965 0.372718247922622 0.023713201357410008 0.04954925507753699
0 0.4052318112364557 0.3516897833611922 0.016014846728122978 0.01848107068820426
0 0.3941338034160898 0.3451964342004718 0.012924262271818532 0.01848107068820426
0 0.3828672251211729 0.3582330844102457 0.006462131135909266 0.021977489467053635
2 0.5103678786251808 0.3822085274652134 0.005900206689308463 0.029969303818709547
2 0.5216063675571969 0.38920136502291225 0.006462131135909321 0.048949862903892305
2 0.5769278361844754 0.38565499435572975 0.006181168912608892 0.03246674580360209
8 0.6148577363300298 0.2897532221358591 0.016295808951423463 0.02547390824590312
