8 0.4091922694059512 0.4340494349029538 0.012490086190769578 0.02220459767247923
8 0.4452715727009359 0.45640541523900824 0.008118556024000245 0.015341352231617034
8 0.5880418717006648 0.457778360532359 0.012518626911170228 0.023899626620273617
8 0.629628092195538 0.35792298807254286 0.023532461310947106 0.04203733597337184
8 0.637689873367911 0.4105832077425118 0.01342684265507732 0.014432988487111553
8 0.08817822654184518 0.4053815552751042 0.03155564558702362 0.05403468288135571
9 0.09456448752837979 0.3498355665640266 0.011269874168372648 0.04494075853861346
9 0.050885189426894684 0.3947567580793321 0.0075132494455817725 0.03521361356313063
9 0.041055678681768876 0.39853175008274777 0.008344908261462253 0.025763922056726674
9 0.05873995021091198 0.47945157001134464 0.006830226768710694 0.01153549409826693
9 0.820896735469194 0.4787866373128343 0.009055312488307932 0.014988103428923538
9 0.9342300882312904 0.47197387534751534 0.008118556024000356 0.012767643661675598
9 0.7796794510396542 0.40551146499365265 0.006557295250154027 0.02720063214878704
9 0.5861540884118491 0.43170280032837505 0.004371530166769277 0.022759712614291328
9 0.5470941721107011 0.3710438890072938 0.008743060333538777 0.03497224133415483
9 0.5455187128593584 0.4682842659842802 0.0028102693929232814 0.009526579142550728
9 0.5325602484364349 0.4674515935715622 0.003122521547692436 0.011191923967986683
9 0.6016247494920639 0.4810828053526334 0.0024980172381540156 0.00888183906899176
9 0.4801018864352027 0.4629658614711928 0.00249801723815396 0.008881839068991704
9 0.4944654855545877 0.4613005166457569 0.00249801723815396 0.008881839068991648
0 0.5410194345118384 0.49657555718858926 0.007494051714461825 0.009992068952615563
0 0.5283448443470502 0.4976605453344417 0.017173868512308177 0.04052339075227468
0 0.5150741277693576 0.49016649361997994 0.008118556024000245 0.016653448254359438
0 0.5046251044522073 0.49266451085813384 0.00970266453308527 0.010547183894427659
0 0.4961665254641305 0.4934805717874772 0.010337014990761006 0.011069075869490186
0 0.48897076418809365 0.497870872431156 0.010024289313687262 0.011674335693243443
0 0.48120724514780505 0.4949187753544039 0.006816198108110183 0.011321290957859054
0 0.4729058883980136 0.4964746241190301 0.007181799559692503 0.011102298836239644
0 0.462913819445398 0.5059115781298338 0.014051346964615796 0.018873908021607377
0 0.4457399509330897 0.4948092792935942 0.009055312488307876 0.017763678137983352
0 0.43652851236739715 0.5034135608916799 0.011865581881231102 0.013877873545299568
0 0.42435067833139684 0.5064666930716458 0.008743060333538666 0.012212528719863558
0 0.4077029510088892 0.49927544056586165 0.021713766080278474 0.024980172381539156
0 0.4004362263235334 0.5120255799099052 0.021259112022066706 0.027165623513522974
0 0.38592948387564285 0.5084348371057593 0.01592485989323117 0.018873908021607377
0 0.36146026610038806 0.5127321951008216 0.015300355583692804 0.019495148687245667
0 0.3491263059870031 0.5182502816570282 0.012490086190769523 0.019429022963419418
0 0.33280667759569893 0.5183587332219877 0.027767355746102174 0.027013803000469183
0 0.31641472892538175 0.5126234409071208 0.016882123475763455 0.023314827556103257
0 0.3006562486686474 0.5173419179125227 0.026541433155385374 0.024980172381539156
0 0.27815108200460237 0.5153561172047397 0.02658745619670483 0.029890410034965065
0 0.26323417913677516 0.5125555713939192 0.010832447336050322 0.019848398878828166
0 0.25385829453125 0.5207051991942099 0.03431706718750002 0.031706734944913606
4 0.2187401493017757 0.5182071146929095 0.036234606416051446 0.03983152616973651
0 0.17954498899231286 0.5275177081587259 0.048086831834462884 0.03372482257143716
0 0.1584679685453892 0.5261804383558027 0.027790441774462327 0.03327074273283892
0 0.13151112260070405 0.5266850357460078 0.034241806138908135 0.03539016739687317
0 0.07673515750731469 0.5246155546743837 0.07697177520506958 0.06455810176234372
0 0.005464181414968556 0.5246641720627409 0.010928362829937113 0.08010397254118501
0 0.5588178073336851 0.4921346376540935 0.009367564643077086 0.012212528719863613
0 0.5517921338513772 0.49685311465949533 0.010928825416923416 0.010547183894427603
0 0.5542901510895311 0.5210006146283165 0.027790441774462327 0.038858045926838836
0 0.5942726444358494 0.49526346116584696 0.008118556024000245 0.009992068952615674
0 0.6015909347188961 0.5125553517747354 0.022209173696676854 0.024591712265161436
0 0.6134903313732951 0.5010669432578647 0.007494051714461825 0.016653448254359382
0 0.6221844684658304 0.5061972351368298 0.010714419744160875 0.016921963059673806
0 0.6362492179242152 0.5064242764450178 0.008672018839069762 0.019596505443297774
0 0.6542392375706809 0.5093936673850444 0.020920894369539145 0.0233148275561032
0 0.7286262237348835 0.518477355652391 0.028727198238770124 0.032196666625095016
0 0.7685127632438753 0.5231525309728449 0.037633731175250595 0.03932655749875469
0 0.9080745810077981 0.5413695157840317 0.06759381298440348 0.05607915454304757
0 0.9641503257056163 0.546359277550321 0.06983254390126747 0.06716890795924979
0 0.45463913734401307 0.49841752641537207 0.008118556024000245 0.013877873545299568
