2 0.18457296814692548 0.48541033958333335 0.05932955691760056 0.2775846680555556
2 0.6354690703125 0.4650873694444445 0.03202805468750003 0.12306120000000004
2 0.6980611286590783 0.5031148151903759 0.049700145082523406 0.24904707517480368
2 0.5547590413730631 0.44285005104300434 0.009789422516254698 0.0602426001000283
7 0.32643958929202854 0.41600862180186227 0.012801552521255977 0.04484726896335439
7 0.27457404452756534 0.42044027054123495 0.0065898968676306735 0.056332599415803264
2 0.5212490950674223 0.42709485508371847 0.004518195007502168 0.019361137054785316
2 0.5248227147990236 0.43327442077927425 0.007900271964452865 0.02904281955256255
0 0.4139831372072816 0.426779994918984 0.027492725585436806 0.044970424050921
0 0.45761784871176736 0.42678535768299686 0.07455021762378511 0.06827494678003215
0 0.4704194012330234 0.5043560353626076 0.11370790768880351 0.1712060487192293
3 0.32403476676851795 0.42735752172565095 0.03643701009953593 0.043448028770920355
0 0.10222416204473557 0.4158078213057878 0.06589034385940598 0.05622642676002643
0 0.03558078568407923 0.41306770646122015 0.06664337636065634 0.0547623704108931
0 0.0030121300050014164 0.4156594793806654 0.006024260010002833 0.04655867178311052
0 0.29556525674076395 0.4083109562335253 0.028615235047513454 0.018742142253342142
0 0.3256865567907782 0.4099843617918595 0.026356137543762426 0.01137915779667198
7 0.031062590676577108 0.41647718352912144 0.008659873764379072 0.0441779067400207
