0 0.8846434696219905 0.5510740306578017 0.23071306075601894 0.2719021549025894
0 0.6723041840828807 0.5126965421104432 0.2564289797479936 0.18904010189022463
0 0.589527399248357 0.4380823031883129 0.04997623786007255 0.047840501199385654
0 0.5536956750595718 0.44634323409828564 0.03982200531028368 0.05182171132203395
0 0.5049522274851574 0.4325293878705271 0.04805407486545421 0.05894633183495729
0 0.4441638227803577 0.4295393565455655 0.032196230159854344 0.04613191187083604
0 0.470305937109722 0.42100340176892426 0.01354985390694391 0.017099877017707155
0 0.420559299239753 0.4230467216595032 0.024623617229506067 0.034171786570989626
0 0.39490838871079725 0.4332982576308001 0.02594920042734533 0.04100614388518764
0 0.29878451996819033 0.4314700672522973 0.025403983686380638 0.027781665495405394
0 0.2808979922702949 0.44856869492015994 0.03138351266558981 0.06368751015968016
0 0.23339864015501743 0.46114826238260653 0.10043301646879943 0.11789266366991447
0 0.348131508203125 0.5248110916666667 0.14961342734375 0.20673543611111117
2 0.016533670616470788 0.4719518915366241 0.02610857717044158 0.12623060529547042
2 0.12215345684149079 0.462856851711156 0.02594920042734533 0.12472702098411248
2 0.16054817440505664 0.4389649758703136 0.01259114412261328 0.09232057325937287
8 0.606346325451266 0.3052394828935905 0.02018271144349082 0.04527761720656137
8 0.5253439278950969 0.3650401093928224 0.00919283704019358 0.01623159862122009
9 0.7657996220703212 0.26935910699405125 0.014588686328142364 0.05382056384930878
9 0.7517230261113577 0.26967803128469847 0.01588409308978489 0.054458412430603176
8 0.5244141278056664 0.3483813634394649 0.010091355721745465 0.013668714628395862
0 0.39370703683916086 0.4123680383560689 0.021624333689454434 0.016231598621220145
4 0.4049997444325426 0.39570929240271135 0.02691028192465439 0.02733742925679178
0 0.3150905674262897 0.41544349784390777 0.03507947465178157 0.01623159862122009
