9 0.3355988982409367 0.25850941157936225 0.013181104168533686 0.04608504568553992
9 0.322298231640625 0.2542133479985068 0.009182285156250025 0.03749291852382905
9 0.48718159617907386 0.4155110078978966 0.007029922223217966 0.013278741977189479
9 0.4298437930459524 0.4209787251826217 0.007469292362169089 0.010154332100203722
9 0.4894958618046591 0.19484956033577744 0.009022232640681749 0.04842835309327928
9 0.8000530924796456 0.34521178566571703 0.028119688892871864 0.03514961111608983
0 0.35995706169333164 0.4793668004821384 0.01838748588666328 0.04029909625794531
0 0.3280509919862924 0.48735332949503735 0.020687805847584728 0.040650104898814265
0 0.30668834843750004 0.48509355372669616 0.03305622968750005 0.05603953800894795
0 0.4977410512266012 0.46485670522027944 0.015548544640702544 0.022095465996114505
0 0.5066973340719896 0.4670437265426567 0.011018741406249921 0.02775090833333338
0 0.5163782219190873 0.46957842103873393 0.015609885156250058 0.028274083744134426
0 0.43533217890625 0.4758464583333333 0.017446343750000037 0.03754534722222219
0 0.4035029939455785 0.4786559000188436 0.043774376953656935 0.04825052496231269
0 0.8654999231879426 0.5555905533624171 0.2690001536241149 0.21758057736603642
0 0.265368062890625 0.49317205403174247 0.060603088281249995 0.06166078360318178
0 0.46655194999999994 0.4717654416666667 0.04682965781249998 0.07182588055555555
0 0.53578638125 0.47421405347222223 0.030301545312499956 0.037545348611111085
0 0.94915621015625 0.6360417967795156 0.10168757968750008 0.18560208472222228
9 0.5051957718760698 0.1956306628050239 0.01405984444643582 0.06405040247820801
0 0.3399326903964136 0.48304087766518217 0.029437799309725177 0.047647250624032744
0 0.37222639560932114 0.4787448140843268 0.015817325002240423 0.03749291852382913
