9 0.6244743994520341 0.08627578680555556 0.016432616720931992 0.0989690875
9 0.823346351572491 0.35519023192406074 0.013018671855017927 0.03061231107034368
9 0.5067763200727138 0.4120490375 0.010591619229572413 0.024742272222222195
9 0.39012490800731947 0.42067905289919266 0.010064388982372996 0.026804127777777742
9 0.556144301953125 0.4563789416666667 0.009278352343750074 0.026804127777777798
9 0.6139376624259525 0.10061321012527867 0.011205259226905073 0.094654236917224
8 0.8619397335421373 0.27837376150664983 0.046442756489816994 0.027112280735797467
8 0.7330485812092328 0.12803671965612043 0.0946013077574428 0.03992509330416767
9 0.346778408203125 0.4711340986111111 0.009278352343749963 0.012371136111111125
8 0.525386684765625 0.4422681145833333 0.011597939843750016 0.008247423611111082
8 0.5319457919544059 0.4148162857744951 0.019356017653687885 0.009542825673232058
8 0.37341709934642087 0.43249611192954907 0.016310259119658388 0.00932197941465368
8 0.35337950865132806 0.4530882968872185 0.007965102224023246 0.0046322789334447
8 0.5546847733093896 0.4334955097084234 0.00867187525622104 0.009297786138708797
8 0.550724084554221 0.4484656612646696 0.00731489964155807 0.01651880586267246
9 0.5137177226663443 0.45413690042305077 0.0047812187298112985 0.014253031401656957
0 0.247036123046875 0.5175258597222222 0.04639176015625002 0.05567011388888887
0 0.48073461445312504 0.4835052340277778 0.01043814609374999 0.020618559722222207
0 0.473775851171875 0.49175265902777776 0.010438146093750045 0.03298969861111106
0 0.5398841097656251 0.49278358611111117 0.012757733593749987 0.03917526388888898
0 0.5514820496093751 0.5000000819444445 0.022036086718750014 0.061855680555555514
0 0.1856266980498948 0.5366077595154233 0.047409569246535055 0.05795761903084651
0 0.07820071748168697 0.546637481637174 0.09596334902587395 0.08752535860898769
0 0.292427557421875 0.5138145159722223 0.060309288281249984 0.06185567638888895
0 0.504089963671875 0.4911341013888889 0.028994850781250026 0.0494845444444445
0 0.5830968703741177 0.510927178126646 0.06350684050176447 0.09237263263559681
0 0.410146649609375 0.48907224652777775 0.026675263281250028 0.03711340694444443
4 0.44310502006385444 0.4808989025003264 0.046200243252708884 0.09499353833398616
0 0.38748611875 0.4973686256944444 0.016571732812500017 0.020795901388888927
9 0.46965311542151367 0.46088030669490926 0.005105645918857593 0.012318383804227895
