8 0.266722565599363 0.37412342931583786 0.036833214181069274 0.06205333960995235
8 0.26616776332356495 0.3199565346751819 0.017500909290370126 0.025554533239252664
8 0.2658739371092145 0.24068156376638858 0.03400445254724099 0.0996187942598325
8 0.4692030668649232 0.4677594522523624 0.013452530332653645 0.010925334384164043
8 0.41511152460172807 0.46474211418311917 0.01605401954654395 0.01696001052265045
9 0.3398915078125 0.4759293395833334 0.006091245312499938 0.02346257638888888
9 0.484050994140625 0.4641980513888889 0.00812166171874995 0.018048136111111057
9 0.794196930859375 0.3757621847222222 0.013197699218750025 0.02526738888888891
0 0.453801478158814 0.524017081514508 0.025749379687809326 0.040783600920261676
0 0.34039911171875 0.5318785611111111 0.027410606250000025 0.03429145833333336
0 0.31349610898437497 0.5363905951388889 0.02436498359375 0.028877018055555537
0 0.29826799453124997 0.5318785611111111 0.020304153125000057 0.03429145833333336
0 0.27157387613774586 0.5416164153682855 0.033919621025491675 0.03319080317025258
0 0.23999231041088365 0.5445042659196894 0.04548683386573271 0.0415266931606213
0 0.16882901914062498 0.5517315104166667 0.055836421093750005 0.04151071250000005
4 0.5867308716601811 0.5100593063934244 0.05656381761713758 0.08875885110204002
0 0.6302408953125 0.5388079991620817 0.03248664531250001 0.07702734832416347
0 0.6713568050781249 0.5336833750000001 0.05380600546875003 0.09926474722222223
0 0.7606950781249999 0.5264641208333334 0.15532677031249997 0.17867654722222215
0 0.516043263776526 0.5830363488722258 0.1227682549081503 0.1800349626507643
0 0.371362945703125 0.5372930020833333 0.04263872265625002 0.04872996805555563
2 0.65562108671875 0.5345857819444444 0.02639539843750005 0.122727325
2 0.677448051171875 0.5372930020833333 0.03350185234375003 0.12814176527777782
0 0.9226405181244562 0.5784645961561646 0.15224150750108767 0.24038187750576911
