8 0.7335563920800204 0.29618576056018403 0.022416147089959093 0.0349166350092569
8 0.5887599445312499 0.4112803055555555 0.010706193750000037 0.025830813888888915
0 0.49590860400025333 0.45777298121898014 0.013984925188006536 0.01617604867315081
0 0.4579394168600952 0.4606452375447806 0.020345034284131702 0.022390302280949126
0 0.44424026999220456 0.4658126459799308 0.017710182171909006 0.03272511915124959
0 0.421851201284671 0.4606452375447806 0.025673495644261468 0.05855925211940555
0 0.39818712093418934 0.4753073630222683 0.015841798118378603 0.03276891284435218
0 0.3814258590192692 0.475285050574632 0.025144043038538344 0.03789128078314474
0 0.3671370617292118 0.47827557125831843 0.025626114083423635 0.04042766026114092
0 0.3453153432435332 0.4808826261448693 0.03245472711206632 0.043919439089554146
0 0.31638118660119285 0.4804520434086972 0.04188248257738569 0.05511459023002874
0 0.28097312782654055 0.48612790913830073 0.05518645096558106 0.06474399074454745
0 0.23019144991699714 0.48870767156942563 0.06374393577149429 0.0902583263055931
0 0.10591608086151444 0.4723170291204827 0.18974001953552888 0.21341912231458998
0 0.011886999541545212 0.523751341619215 0.021564786583090422 0.11241021934954099
0 0.5334186180204542 0.45915777707819094 0.009688111563872281 0.01377864755750724
0 0.5389892821696807 0.46475535264842827 0.010172517142065796 0.019806805863916643
0 0.5510994216245211 0.46475535264842827 0.022767062175099717 0.042197108144865825
0 0.5599815969875787 0.4747191590836286 0.03084330133734281 0.0498267903894794
0 0.5812684735517939 0.48327041030382856 0.024976496646412105 0.07750489251097803
0 0.5864690902240806 0.4901597340825821 0.023751996114338758 0.09128354006848516
0 0.607139462890625 0.49466980694444446 0.05123677890625 0.12235648888888895
0 0.6332523771304549 0.5102360587277431 0.06477756136409019 0.15892705634437515
0 0.7241751564611556 0.525843600206082 0.1753764409070162 0.23278404403228042
0 0.5673270084940071 0.4802563311506238 0.014532167345808311 0.061142748536438196
9 0.5293011706058084 0.420405330822702 0.005328461360129766 0.012056316612818807
0 0.41192088693170203 0.46968747500439467 0.015500978502195562 0.02841846058735853
