0 0.76054417578125 0.33888590625 0.3017228062499999 0.4366014736111111
0 0.16803933806973775 0.48747348871651913 0.26279200113947554 0.2697137364558505
0 0.37558810543415166 0.38823253252971773 0.06508817961830338 0.0939658071627868
0 0.473350030078541 0.3692832224287268 0.03763341953208199 0.06256261069810187
0 0.5395436119675943 0.365580310938847 0.04360228231481145 0.06165221145563926
0 0.28524391527958104 0.37332082879556505 0.048125352434162105 0.05084977074794317
0 0.32522277478016653 0.37332082879556505 0.03183236656700883 0.03444661889376799
0 0.3397616424684533 0.35995979221999785 0.02215765568809336 0.025768012782226457
0 0.4136579043100682 0.37362641082121034 0.034800311173021514 0.055010428139826595
0 0.43867014755390715 0.36955555757183634 0.019837561773643153 0.02870551574480662
0 0.5138683468353917 0.3658648484046469 0.019837561773643153 0.036086934079185506
0 0.5022178345622713 0.3597218871196871 0.012222051187957383 0.031969704794929776
0 0.4946850640625 0.35343928958333337 0.005457518750000001 0.016632440277777827
0 0.4481275897948301 0.36217413923745745 0.015685513960555064 0.02050393981771903
0 0.24741208376540708 0.37168051361014753 0.017681126905814137 0.024604727781262825
0 0.43428743041786966 0.3547927209030786 0.011072127501568219 0.005741103148961368
