8 0.27677221434719534 0.4641641179780431 0.019181688069390745 0.030408375155024925
8 0.47026111302573137 0.475930216066302 0.010245340153065996 0.015178281708245978
7 0.3696860238564663 0.5354290803626263 0.009903828814630533 0.02489238200152344
0 0.34856526420724854 0.5372961844211139 0.018677236946383846 0.03815784939778344
0 0.2882210751991698 0.5471035960023518 0.031153136335839604 0.049061946884185414
0 0.2635793390661304 0.554387774474574 0.04469570938226078 0.06363030382862978
0 0.2302636755463513 0.5592956181144496 0.05727982296770262 0.07809521377110085
0 0.1797941576598629 0.5644156265247362 0.09371089429544366 0.09453419414196695
0 0.08900942682179955 0.5789187465277778 0.1462644270810991 0.14082745138888897
0 0.42637690603676515 0.551518058973367 0.03927380392008645 0.05099902653970656
0 0.40627020609691833 0.5918922883173012 0.08238917061866341 0.13296174776423497
0 0.3231936191631233 0.5664246233059338 0.06407209982060569 0.07840555616591027
0 0.9507559999999999 0.6529745604166667 0.0969706265625 0.17724834583333338
2 0.08046837479611746 0.49936999076813965 0.010127589470265083 0.02798229901927629
2 0.06418108359928297 0.4977767683590873 0.00719180155143407 0.03099481775146462
2 0.03840632353318392 0.504896541166716 0.012304682621132164 0.04620034900009862
2 0.024754805468750002 0.5089534140234022 0.017755184375 0.07194499973097324
4 0.30684869573949936 0.5069127888286289 0.045329920961516945 0.06631400845385327
2 0.4671875109798115 0.5530358871441916 0.00956231747619496 0.06982009585793147
5 0.3719058475562973 0.5503037964367073 0.010245340153066052 0.025499513269853225
0 0.3594406837034003 0.5354290803626263 0.016734055583341234 0.03824926990477984
0 0.3783945629865725 0.5448396150217387 0.010245340153065996 0.02307098819653386
