9 0.4328661287805316 0.23333398076766942 0.009991776562499943 0.0414548022122235
9 0.5653346937499999 0.32595394930555555 0.005995065624999962 0.026644737500000015
9 0.29505714375000003 0.28865131875000005 0.012989309375000035 0.04085526249999999
9 0.078235596484375 0.29398026666666666 0.01099095390624999 0.03374999999999995
9 0.2765677172913847 0.25520270082456353 0.008002699792230561 0.02959460112865081
9 0.159168985546875 0.1101315798611111 0.01099095390624999 0.05684210694444446
8 0.06967838613505323 0.36678049622685444 0.014427003232767341 0.02615085109673765
8 0.2875633125 0.3694736861111111 0.013988487500000035 0.024868422222222186
8 0.321318404409101 0.3916776340277778 0.011556238505702032 0.023092106944444468
8 0.35405414683456576 0.34638158124999996 0.011081998356631484 0.02486842083333335
8 0.48603668719855075 0.25401315902777777 0.031247735334601456 0.014210526388888922
8 0.564158927311104 0.29502933816352156 0.015633662434707984 0.03151381561302247
8 0.5920753950373951 0.3209730581223065 0.012980290829101016 0.0471559805805008
2 0.6867347777343751 0.40055921250000004 0.014987664843750026 0.0834868416666667
2 0.6592573925781251 0.43342105486111115 0.027976974218750006 0.13500000138888885
2 0.809633626953125 0.39878289861111116 0.028976150781249932 0.09059210555555558
2 0.7821562421875001 0.40322368680555554 0.037968749999999996 0.14565789583333338
2 0.629781653125 0.4378618444444444 0.046961348437499995 0.15809210555555553
2 0.574327293359375 0.4067763180555556 0.01199013203124999 0.04973684166666675
0 0.526366766796875 0.4023355284722222 0.00999177578124999 0.026644737500000015
0 0.5388564875 0.40588815902777775 0.026977796875000015 0.040855265277777664
0 0.27007770234374995 0.39967105625 0.02098272968749998 0.024868420833333404
0 0.25359127187499997 0.4050000027777778 0.019983553125000053 0.02842105277777779
0 0.2396027859375 0.3987828986111111 0.011990131250000008 0.02309210555555563
0 0.230110597265625 0.40144737013888887 0.020982730468749988 0.024868420833333293
4 0.20662992421874998 0.3863486861111111 0.031973684375000005 0.02309210555555563
0 0.207629100390625 0.4050000027777778 0.023980263281249997 0.02842105277777779
0 0.15717063046875002 0.39345395069444444 0.01698602031249999 0.012434209722222311
0 0.0967203828125 0.40144737083333326 0.043963815625 0.04973684166666664
0 0.13269077734375 0.40411184583333326 0.03996710468749999 0.03375
0 0.177653771484375 0.40123927781314783 0.045962171093750004 0.03594250270703775
0 0.4993471564026223 0.41530707004304623 0.0378851221802447 0.054774012851205756
0 0.4104533796919334 0.41299342361111113 0.06204282448813797 0.07993421111111104
0 0.034586527316805636 0.4045423384841963 0.06757439525861127 0.05065216747605178
0 0.5478490859375 0.4156578951388889 0.03097450625000009 0.04263157916666671
