0 0.05207047421875001 0.6177676999999999 0.1024337609375 0.1505396916666667
0 0.131285916015625 0.6092694895833334 0.07784965703125 0.10926267916666665
0 0.190014604296875 0.6068414326388889 0.04780242109375002 0.07526984305555551
0 0.2234763 0.5959151645833334 0.03824193749999999 0.07284178750000003
0 0.247377510546875 0.5934871041666667 0.03141301953125 0.05341730833333336
0 0.27196161328125 0.5922730743055555 0.028681453124999978 0.05584536805555562
0 0.2897167984375 0.5874169555555555 0.02048675312499998 0.055845369444444404
0 0.32419560395752844 0.5834966314700916 0.070323395415057 0.07228531571796115
0 0.43790430625 0.6019853125000001 0.07648387499999998 0.10440655833333323
0 0.6771401265585073 0.6214810924309104 0.1689097250079855 0.20167154597293213
0 0.592237837890625 0.6019853118055556 0.08194700703125002 0.13354327361111118
0 0.5461644825886471 0.5973301553442906 0.03751537232270585 0.08538401068858104
0 0.5228984390687508 0.5923800294426955 0.03487925467499853 0.07548375888539105
0 0.501413237109375 0.5813468076388889 0.03960772109374999 0.05827342638888888
0 0.48092648515624997 0.5764906868055556 0.015023618750000023 0.04370507361111109
0 0.472048892578125 0.5643503909722223 0.021852535156250075 0.02428059305555552
8 0.6425518206162344 0.4356110793403628 0.03243060425236155 0.07803727891926288
9 0.443545839976743 0.4870517299925261 0.0065516372226993025 0.028338228903836804
9 0.3470797046875 0.4781542770833333 0.00409735 0.02670865416666668
9 0.386687425390625 0.5388557638888889 0.004097350781249953 0.021852536111111043
9 0.430009459645905 0.541718308994124 0.006828917187500061 0.019424477777777782
8 0.4754633515625 0.541283825 0.012292051562500017 0.016996416666666736
8 0.4902860036101312 0.5165644710989061 0.007414885962793105 0.00583222567856112
8 0.48695472884957136 0.5303487013126961 0.00883612570575315 0.007365056612876897
8 0.27024520066292773 0.5106869176546526 0.013122943992235903 0.009417087728718965
8 0.2627133945926365 0.5018528126480133 0.014399085814727042 0.006120058629359826
