0 0.085226201171875 0.7405244090277778 0.17045240234375 0.3993839513888887
0 0.104928473828125 0.594915675 0.17785066484374998 0.19137147500000007
0 0.300915226953125 0.5678740541666667 0.06435386015625 0.08320498888888883
0 0.33426222656250004 0.5637138048611111 0.03744224531250001 0.05824349305555554
0 0.415582102734375 0.5387523083333333 0.008190489843749982 0.02080124722222232
0 0.422017488671875 0.5377122458333333 0.01170070234374998 0.01872112222222233
4 0.38340517421875 0.5262715597222223 0.018721121875000024 0.024961497222222184
0 0.386330348828125 0.5418724951388889 0.017551052343749984 0.031201870833333256
0 0.37462964765625 0.5449926826388889 0.02457147343749999 0.033281995833333466
0 0.25996277109375 0.5803548034722222 0.09009540312500003 0.09568574027777776
0 0.48344617265625 0.5678740541666667 0.059673578125000015 0.08736523888888892
0 0.567691224609375 0.5345920569444444 0.05499329765624994 0.045762741666666606
8 0.23012598281250002 0.45346719305555555 0.011700703125000017 0.020801247222222208
8 0.3161261390625 0.4493069430555555 0.010530631249999978 0.03328199444444446
0 0.402972165234375 0.5418724958333334 0.03042182421875006 0.039522372222222324
0 0.43573413046875 0.5335519958333335 0.00936056093750004 0.014560872222222243
9 0.307026412109375 0.5085904993055556 0.011700702343750036 0.018721123611111112
9 0.372289506640625 0.4316258840277778 0.005850352343749976 0.02288137361111109
9 0.368194261328125 0.4316258840277778 0.007020421093750007 0.02288137361111109
9 0.2254457015625 0.5065103743055556 0.0163809828125 0.018721123611111168
9 0.5635959796875 0.4940296263888889 0.014040840625000106 0.01872112222222233
8 0.53551429609375 0.4805088152777778 0.011700703124999934 0.020801247222222263
0 0.45009917343750006 0.5387523083333334 0.01170070312499999 0.016641000000000017
