0 0.06238770195312499 0.3925226263888889 0.12087617265624999 0.3102055194444444
0 0.077984627734375 0.25301679236111113 0.07603501171875 0.038125818055555594
0 0.48691651875 0.22355593333333335 0.05166481562500003 0.08664958888888888
0 0.42794064453125 0.2296214034722222 0.009748078124999948 0.022528893055555582
0 0.45084862890625 0.22788841180555555 0.010722885937499982 0.022528893055555554
0 0.43720131875 0.2287549076388889 0.004874039062500002 0.0207959013888889
0 0.741828770703125 0.19582806458333332 0.03119385078124992 0.03465983472222223
8 0.6740796253906249 0.1906290902777778 0.01852134921875004 0.013863933333333328
8 0.41185631484375 0.17936464444444444 0.00877327031249997 0.01213094444444443
9 0.398696408984375 0.21055849444444444 0.005848847656249989 0.015596924999999984
2 0.727800255536627 0.20954003407155025 0.015332197614991494 0.1056218057921636
