0 0.28596103203125 0.2718135222222222 0.051645137499999993 0.0770780611111111
0 0.3184783390625 0.2559445097222222 0.028691742187500036 0.05440804722222223
0 0.33505578984374995 0.24290924861111113 0.013389479687499983 0.026070519444444412
0 0.60954012421875 0.26501251666666664 0.01785263906250001 0.043073033333333316
0 0.632812314453125 0.27294702430555556 0.04654438046874998 0.0566750458333333
0 0.658316085546875 0.25934501388888886 0.018490235156250034 0.029471024999999956
0 0.6886018140625001 0.27181352152777777 0.07268574687500007 0.08614607083333334
0 0.4839340515625 0.23888532152777775 0.011476695312500007 0.014735509722222234
1 0.519001737109375 0.22613343472222222 0.06375942578124993 0.11901759722222222
0 0.155679266796875 0.3298487701388889 0.24547379609374997 0.2720402236111111
0 0.36215354648437503 0.26618379375 0.07141055859374995 0.09634757916666661
0 0.4408964390625 0.29848857013888885 0.07969928437500001 0.13375310972222218
4 0.56203935078125 0.2690175472222222 0.07969928437499996 0.11561709722222221
0 0.78509110625 0.32342559305555557 0.20147978906249997 0.24030219722222224
0 0.9326941796875 0.2984885763888889 0.1332572031250001 0.21989918055555557
9 0.563952133203125 0.17540926944444446 0.007013538281249954 0.026070519444444412
9 0.331549021484375 0.1686082638888889 0.005100753906249977 0.02153651944444443
2 0.084481241015625 0.06438284791666667 0.01083910234374999 0.043073034722222216
2 0.08958199609375 0.06721659861111112 0.009563915624999988 0.04420653333333334
2 0.109028620703125 0.07571785763888889 0.00892631953124999 0.03853903194444444
2 0.11891133164062499 0.07628460763888889 0.014664667968750017 0.0464735375
2 0.1393143484375 0.08081861111111112 0.015939856250000023 0.041939533333333334
2 0.1488782625 0.08591936527777777 0.014664668749999998 0.04080603333333334
2 0.15621059648437502 0.08591936527777777 0.012751885156250004 0.04080603333333334
2 0.07236695 0.062115845833333336 0.014664668749999998 0.04307303611111111
2 0.614003283984375 0.24285257569444446 0.0063759429687499924 0.022670018055555602
2 0.6191040375 0.23888532222222225 0.0038255640625000087 0.017002513888888876
2 0.40901672578125003 0.23605156805555555 0.005738348437499929 0.027204022222222235
2 0.40423476796875 0.2354848173611111 0.003825564062500064 0.028337523611111137
1 0.10720350468749999 0.19292185625000002 0.21168129843749997 0.37858930972222227
