0 0.23986570273437502 0.7015357520833333 0.45890324765625 0.4394787708333332
0 0.9070921255589073 0.6274799381944445 0.18429837700718554 0.21366923472222232
0 0.447464790234375 0.5849888979166666 0.10379954296874999 0.1918167013888889
0 0.7915906186403056 0.5825608375 0.13121842521938887 0.13354327500000007
0 0.6864768984375 0.5534241243055555 0.06009447343750007 0.06555760694444446
0 0.49526721249999994 0.5497820326388889 0.019120968749999967 0.07284178472222225
0 0.500047452734375 0.5327856145833333 0.017755185156249964 0.04856119027777783
0 0.5048276960937501 0.5230733777777778 0.016389401562500017 0.0437050722222222
0 0.528046015234375 0.5170032291666666 0.027315669531249975 0.050989249999999986
0 0.557410358984375 0.5157891986111112 0.02594988671874998 0.04856118888888894
0 0.5792628964843751 0.52428740625 0.017755185156249964 0.03156477361111121
8 0.586091812109375 0.476224049952233 0.009560483593749947 0.01600075287331182
9 0.5157539636718751 0.46844203958333336 0.005463133593749947 0.02670865416666668
9 0.545801200390625 0.46479994930555557 0.005463133593749947 0.024280593055555577
0 0.6143797805586274 0.5450962169285823 0.08091271970033653 0.13161511220711503
