8 0.677092784765625 0.24269847573809705 0.0725443507812501 0.12199947352380591
8 0.6806029953125 0.3278070028371144 0.05616336875000005 0.06069833067422875
8 0.8689842921875 0.04160249444444444 0.04914294687499987 0.08320498888888889
8 0.870154362109375 0.12376742013888889 0.04680280703124995 0.07280436527777778
8 0.33756781587491747 0.43786625833333337 0.012109944812665141 0.035362122222222236
8 0.372457173060293 0.41050826243563465 0.007855158566914044 0.05137036931571387
0 0.2726263484375 0.49038940833333333 0.011700703125000045 0.014560875000000029
0 0.280231805078125 0.4851890958333333 0.01287077109375001 0.020801247222222208
0 0.290177401171875 0.48622915833333336 0.016380982031250046 0.027041622222222228
0 0.29544830260326116 0.49038940833333333 0.026922784894022278 0.035362122222222236
0 0.25536423040721845 0.48839473770963565 0.019298990501936925 0.0272125309748269
0 0.23693920937500002 0.48726922222222224 0.019891193750000036 0.020801247222222208
0 0.2198907825528438 0.48726922222222224 0.01654580051931237 0.020801247222222208
4 0.189551367578125 0.48240622909093106 0.028081683593750018 0.03884773070702685
0 0.17024520976562502 0.4924695326388889 0.03393203515625001 0.035362120833333344
2 0.166296205078125 0.48764065902777776 0.01287077109375001 0.04992299305555553
2 0.398701409375 0.4929895638888889 0.011700701562499916 0.047842869444444436
2 0.3473442706725438 0.48882931388888884 0.009612460095087705 0.043682619444444404
2 0.3167964984375 0.4773886270833333 0.0070204203124999975 0.029121745833333323
2 0.3226468484375 0.4773886270833333 0.011700701562499971 0.029121745833333323
2 0.43321847890625 0.48466906458333336 0.010530631250000033 0.04368262083333341
2 0.42912323359375 0.4981898763888889 0.00936056093750004 0.049922994444444424
2 0.086292675390625 0.4929895645833333 0.010530632031250015 0.039522370833333376
2 0.07868721914062501 0.4971498131944444 0.007020421093749993 0.039522370833333376
2 0.07166679843750001 0.4961097506944444 0.007020420312500011 0.03744224583333339
2 0.013163289453125001 0.49090943819444444 0.009360561718750002 0.039522370833333265
2 0.007897973828125 0.4929895631944444 0.00819049140625 0.031201870833333423
2 0.023108886328125 0.48674918958333335 0.01287077109375 0.04368261805555562
