0 0.41536887695312497 0.4816229375 0.012292050781250008 0.021852536111111043
0 0.405125502734375 0.48162293680555557 0.010926267968750014 0.016996415277777732
0 0.39556501875000005 0.49133518055555553 0.010926268750000023 0.021852536111111154
0 0.37920482755874774 0.4937632361111111 0.010867848007504566 0.021852536111111154
0 0.5936135509475078 0.4724614372280269 0.030067094082515622 0.05209071890049827
0 0.924806115625 0.5282075520878463 0.14887039843750005 0.10133198904441598
1 0.653698094921875 0.4327171264254849 0.049168205468750115 0.04196624992680803
0 0.6523792764502834 0.5203455874206071 0.10842959603567348 0.15083324806036624
8 0.7468399199297807 0.36377306756597594 0.010389172640438593 0.014390382354174058
8 0.766578015040444 0.3779566717806089 0.02089231914338774 0.0128120905688342
8 0.7568778901523374 0.40683273092254685 0.012775692584263587 0.01795568962287153
8 0.4713902981732151 0.4527909280576632 0.022275566557177662 0.01339445832196301
8 0.41799445480821573 0.2990458412316528 0.02489622144625747 0.014559193828220685
8 0.43537542855385475 0.2710012217108163 0.010520889767290487 0.01823533508829922
8 0.44236298241904637 0.32865518680555555 0.00891735233809271 0.02670865416666668
4 0.45713189463534987 0.3925158656088295 0.03572360802069968 0.0256241811376684
0 0.50892504609375 0.4282056270833333 0.01365783437500001 0.012140298611111155
8 0.51507107265625 0.41242324375 0.012292051562499906 0.014568356944444472
9 0.5627856374298704 0.43931118740198094 0.004586146055889584 0.010070816470628519
