0 0.11502732617187501 0.5238491541666667 0.23005465234375003 0.24857950277777774
0 0.9687568921875 0.7185528222222223 0.06198348906250006 0.34440985000000013
0 0.20519705078125 0.4462453701388889 0.0321686578125 0.04332479583333332
0 0.25602353480168544 0.4452456445478908 0.03829045710337087 0.04479132242911499
0 0.397234197265625 0.4419128888888889 0.012672502343749947 0.020795897222222137
0 0.38550995428176904 0.44191288958333336 0.02041786793853806 0.03465983472222223
2 0.44792420625 0.43931340138888886 0.0087732718750001 0.05372274166666663
0 0.45913449531249995 0.43844690555555554 0.01559692500000004 0.04852376666666669
0 0.48204248007812506 0.4367139145833333 0.03996712265625002 0.05892171805555557
0 0.3605038381790293 0.451418847163542 0.04160289636414061 0.05723971678402695
0 0.4211063161517038 0.4470158135054985 0.0429128911340923 0.08337571465566962
0 0.49647212345654235 0.44971135069444446 0.04230168589941541 0.060654709722222144
9 0.0224205796875 0.31800398124999996 0.021445771875 0.050256759722222266
9 0.34703159335937495 0.10484600138888889 0.019496157031250017 0.07451864444444445
9 0.6307006765625001 0.20838045641689734 0.025345004687500006 0.0650107899439831
9 0.6420537110909662 0.391275947925294 0.006538163755567705 0.03043348751725472
8 0.611691921484375 0.24175234375 0.022420578906249933 0.039858806944444436
8 0.6139570794663307 0.2798781631944445 0.025688728567338615 0.02946085416666666
8 0.670046085066821 0.25041730416666663 0.04164812013364183 0.07105266111111114
8 0.344594573046875 0.05285624791666667 0.014622116406250052 0.025994876388888893
8 0.032168658984375 0.3717267256944444 0.027294619531250005 0.03985880972222222
8 0.583909899609375 0.3595957833333333 0.017546541406249894 0.02252889166666666
8 0.5690096927914348 0.35872928819444444 0.005896473500429433 0.02079590138888887
