0 0.575078640625 0.5508819013888888 0.008607529687499893 0.020403033333333265
0 0.58033879765625 0.5568327868055556 0.013389490624999945 0.0255037930555555
0 0.5851207578125001 0.5602332909722223 0.013389490625000056 0.028904295833333316
0 0.59564107265625 0.5602332909722223 0.024866196874999913 0.0391058125
0 0.5989884453125001 0.5661841777777779 0.020084235937499972 0.03740556111111115
0 0.613334328515625 0.5704348083333334 0.02390980546874999 0.05950884722222227
0 0.64202609453125 0.57723581875 0.03921207968749996 0.07311086805555556
0 0.6716742515625 0.5840368298611112 0.06025270781249992 0.1071159263888889
0 0.492350716796875 0.5559826611111112 0.011476707031249922 0.027204044444444464
0 0.48517777578125 0.5576829125 0.012433098437500012 0.03740556111111104
0 0.471788283984375 0.5576829125 0.02582258828125006 0.04080606666666664
0 0.457442401953125 0.5568327861111111 0.018171452343750116 0.039105813888888896
0 0.41507421015625 0.5602332916666667 0.03825568749999997 0.04930733333333337
0 0.27726538181188076 0.5772358173611111 0.07901255581126146 0.12071794861111118
0 0.17846278124999998 0.6035897368055556 0.15302274999999996 0.1360202236111111
0 0.37223696505580695 0.5746854402777778 0.0631036589508861 0.0714106166666666
0 0.7087233565654975 0.6002280999622318 0.08680919320076574 0.11569492214668586
1 0.5357074513005294 0.5339421036486613 0.0731561202045099 0.16288471893512507
9 0.5714443328125001 0.48499710416666664 0.006694745312500028 0.01700252777777783
9 0.50067131015625 0.48159659930555554 0.006694745312499917 0.02040303472222227
9 0.574504799609375 0.5162392499999999 0.007077325781249977 0.015727338888888887
8 0.7067905103974572 0.4458970895412515 0.010744911419914627 0.017864251304725187
8 0.5885637765625 0.5127590726669771 0.01530227499999992 0.008766984222843055
8 0.60577883671875 0.4820216625 0.01530227499999992 0.03230480277777775
