0 0.14835820859374999 0.5728485986111111 0.2950092296875 0.45404712777777784
0 0.41793556033338725 0.4805823375 0.06998472933322553 0.09955044166666666
0 0.508242155078125 0.4805823361111111 0.08058122421874997 0.10440655833333334
0 0.6698143702417441 0.4813438625356816 0.1141795592334881 0.1496346834046966
0 0.5997496484375 0.46965606875000004 0.05872868906249984 0.10683461805555561
0 0.5541270510485548 0.44947984610504854 0.03304110209710953 0.045208566123236316
0 0.5430696335937499 0.43323517847222226 0.016389403124999924 0.014568356944444472
0 0.46521997460937503 0.45872980208333336 0.027315669531249975 0.05098924861111115
0 0.443367440234375 0.44658950416666665 0.021852535156249964 0.026708652777777786
0 0.7376937781249999 0.4477281619819946 0.03960772187500006 0.019575223258233077
0 0.76842390625 0.4457391678120083 0.02731566875000002 0.028409325487094572
4 0.5027998789882218 0.418891793697005 0.03137130296105656 0.018974526494878907
8 0.463171300390625 0.39681428333333335 0.017755185156249964 0.019424474999999997
8 0.38676951478464494 0.35548938952511033 0.014859439180710143 0.009808004283112681
