9 0.579633111126443 0.07763801247235243 0.016306328935843717 0.06854624716692709
9 0.09858321796875 0.2640993395833333 0.015595368750000005 0.06184829861111113
9 0.11897716289062502 0.2715637902777778 0.01319608203125 0.05545019999999998
9 0.7717588637242679 0.22419113163968346 0.013547077448536005 0.05454368550158914
8 0.074590342578125 0.15106624027777776 0.029991094531249998 0.036255902777777765
8 0.06679265859375 0.03462111886904571 0.01679501249999999 0.050758859960313644
8 0.07008738429950598 0.08388618888888888 0.013787313911511972 0.03838860000000001
8 0.6000343078125 0.0802731085914894 0.02039394531249994 0.05248943940520099
2 0.717599395703125 0.3845968895833333 0.01559536953125007 0.06824639861111104
2 0.702603848828125 0.38886229097222225 0.014395724218750017 0.05971560138888893
2 0.6834095484375 0.3941940402777778 0.01439572499999997 0.04478670000000001
2 0.749389955078125 0.36646894097222227 0.016795013281249993 0.06611370138888889
2 0.205951334375 0.3984594402777778 0.01439572499999997 0.04905209999999999
2 0.1309736 0.4379143902777778 0.015595368749999991 0.06398100000000001
2 0.11597805312500001 0.43258264027777776 0.019194301562500016 0.06611369999999994
0 0.6370844793538921 0.3973930895833333 0.030337356159709117 0.05118479861111108
0 0.24733904375 0.4260713131763596 0.12356330624999998 0.0997761935919323
0 0.3475619567257634 0.44009274670054177 0.12705691936097313 0.17905548437669433
0 0.477670644140625 0.5040280902777777 0.2363298179687499 0.3327012
0 0.87349533359375 0.43684803958333335 0.25300933281250004 0.778435501388889
4 0.8644011820328543 0.24983566522003325 0.10347850780929135 0.235399250115489
2 0.08475201367187499 0.43069377430555555 0.014586861718749997 0.09610167638888895
2 0.069307101171875 0.42306665694444445 0.016302963281249992 0.0838982888888889
