0 0.49326588671875 0.5215803319444445 0.02229598593749993 0.03963730833333334
0 0.50703693515625 0.5215803319444445 0.020984457812499913 0.03963730833333334
0 0.518184927734375 0.5227461354166667 0.02754209765624993 0.037305701388889
0 0.5339232703125 0.5297409548611112 0.030165156250000047 0.046632126388888806
0 0.555170028515625 0.535569970138889 0.03541126796874994 0.05362694583333327
0 0.5860048383435199 0.5413989847222223 0.055111975124540025 0.0792746138888889
4 0.704290818359375 0.5566709944444445 0.15476036796875015 0.15621761944444446
0 0.34263682695312503 0.5205310979166666 0.06164183984374999 0.09792746527777774
0 0.267879701171875 0.541515554861111 0.10361075390625002 0.1538860125
0 0.11344721718749999 0.5931606347222222 0.22689443437499998 0.3450777277777778
9 0.4681632793852425 0.4838082993055556 0.007764365020484998 0.01632124583333333
9 0.4825876913055722 0.4977979388888889 0.010601839263855606 0.016321244444444494
9 0.5705927359375 0.21047249930555556 0.02630906250000009 0.04251969583333329
