0 0.4777178984375 0.43014530227062175 0.031560942187499996 0.03880309823653444
0 0.646999315625 0.4231929319444444 0.02199702031249995 0.039105813888888896
0 0.631697040625 0.4291438166666667 0.029648157812499965 0.04420657222222224
0 0.5970513261721329 0.4401954597222222 0.04834481015676573 0.08331238611111119
0 0.5320362840943241 0.4797047958321806 0.13063379162614824 0.16411747778008307
0 0.715511777734375 0.4686539104166667 0.13989410078124997 0.2087495041666667
8 0.07698957109374999 0.05151765138888889 0.07555498281249999 0.0935139027777778
8 0.063121883984375 0.1594837027777778 0.04016847109375 0.047607077777777757
8 0.4861690632406898 0.3081241066836672 0.02550985929387961 0.027110624478445422
8 0.4872834153808007 0.3311242284722222 0.015619002730681841 0.018702779166666683
8 0.4879317448375809 0.35577789375 0.01373294748766174 0.02380353749999997
8 0.5135067993649823 0.3693799173611111 0.009715534082535449 0.013602023611111125
8 0.5417961746093749 0.33537486111111114 0.016258666406249955 0.01700252777777783
8 0.5427793494302268 0.36786001666286483 0.012486662922953418 0.0064403083409370065
8 0.626436883984375 0.37363054930555556 0.0076511382812500806 0.008501265277777836
8 0.70773021953125 0.3430259986111111 0.02677898125 0.011901769444444432
8 0.7629618687499999 0.32432321805555553 0.008607529687500004 0.018702780555555576
8 0.77837825475676 0.34604113387389057 0.014574104826019951 0.00995424911976367
9 0.5695315484375001 0.33367460833333334 0.006694745312500028 0.020403033333333376
9 0.576704490234375 0.33161611340937713 0.005738353906250104 0.02308705459653204
9 0.684776807421875 0.3430259986111111 0.0076511382812500806 0.02210328611111112
2 0.8295746078125 0.4293138263888889 0.02104062812499996 0.08671289166666662
2 0.8142723328125 0.40636041458333333 0.013389490625000056 0.04080606805555553
