0 0.46824230571302894 0.4726153143574105 0.014806838573942105 0.019379462951845672
0 0.446953958984375 0.46190201388888885 0.01912784296875003 0.01700252777777783
0 0.42782611601562504 0.47295365763888886 0.024866197656249922 0.04250632083333333
0 0.40439450703125 0.4729536576388889 0.02390980468749998 0.04590682638888888
0 0.292656009765625 0.5027080805555555 0.042081257031249986 0.05440808888888882
0 0.242923615625 0.51801035625 0.05164517812499997 0.09521415694444446
0 0.524581115625 0.4650191347222222 0.01625866718750002 0.04250631944444444
0 0.538448802734375 0.4641690069444444 0.024866197656249867 0.061209097222222286
0 0.5580548414062501 0.46926976666666664 0.029648156250000057 0.06801011111111105
0 0.57861727421875 0.47352039861111117 0.04208125624999992 0.07651137499999999
0 0.621176726953125 0.4862722944444444 0.06790384609375 0.09861466111111111
0 0.64939029609375 0.5066753284722223 0.07077302187500001 0.10201516805555555
0 0.12480918046875 0.6136212243055555 0.2496183609375 0.43356444583333337
0 0.35434330625 0.5021413395833333 0.09659561093749996 0.14282123472222213
0 0.7266127174660146 0.5250947513888888 0.14743126149452923 0.14112098055555566
0 0.487760016015625 0.46473577777777775 0.01912784296875003 0.01700252777777772
9 0.956141131640625 0.30808579861111113 0.053557963281249954 0.061209100000000016
9 0.42454240673497734 0.43018050004243646 0.003972749020914268 0.010272967165192493
9 0.43468025 0.4244964534722222 0.006694745312499917 0.01700252916666667
9 0.444244171875 0.43639822222222224 0.006694745312500083 0.013602022222222176
9 0.45619907382812497 0.445268920566313 0.0038255679687500543 0.007062664926069773
9 0.48249985898437503 0.3934521736724586 0.00860752890625005 0.01952357512269509
8 0.6154115851397493 0.3942251149642627 0.008661107845501559 0.030818901495577533
8 0.9245124687499999 0.12015119166666667 0.05929631562499982 0.037405561111111124
8 0.921165096484375 0.024086911111111112 0.05642713984374992 0.04590682777777778
