9 0.2534256964151667 0.6836917891683942 0.00729377988408228 0.01911601722567724
9 0.27020139014855604 0.6848214299151821 0.0036468899420410983 0.0194500796908863
9 0.096505976953125 0.3093390243055556 0.033143466406250016 0.08838257916666664
9 0.499589021484375 0.5311619638888889 0.012672502343749947 0.060654711111111204
9 0.75401386796875 0.591816675 0.016571732812500017 0.053722741666666685
9 0.5088496953125 0.532894954861111 0.013647310937499935 0.05718872916666673
9 0.9696417042165064 0.7287237626295628 0.006564401895674088 0.022530375259125712
9 0.48563005111113383 0.7265212183823436 0.005497358715232381 0.012318383804228006
0 0.6019438441406251 0.8149902407005929 0.08285866640624995 0.15153501859881424
8 0.9571748828651843 0.6884462390782773 0.027121776667868636 0.017505071721797605
8 0.9596983234375001 0.6689348069444445 0.01462211718749995 0.013863936111111141
8 0.5826569550956118 0.7295374605699896 0.007658468878286473 0.010293837806645612
2 0.794468394140625 0.80497465625 0.011697692968749895 0.0502567597222221
2 0.8110401277343751 0.8127731194444444 0.011697694531250025 0.06585368611111098
2 0.78813214375 0.8067076486111111 0.010722887499999945 0.05372274444444447
2 0.82078820625 0.8093071347222223 0.013647309375000027 0.06585368611111098
0 0.909983123828125 0.8703130097222223 0.17838983515625007 0.25718510277777773
0 0.4182651106660021 0.8699618465277777 0.1400405737743804 0.1940950736111111
0 0.5069000796875001 0.811906625 0.06043808749999996 0.08145061111111107
0 0.47034478593750007 0.7893777312499999 0.03606788906249997 0.057188726388888944
0 0.671642605078125 0.8111403218186054 0.05653885546874993 0.11071108414056696
0 0.7428035785156251 0.8163450082087789 0.08578308984375005 0.11416564469355339
4 0.52103479375 0.7564508881944445 0.04776558437499995 0.09184855972222217
0 0.551741241796875 0.7876447395833334 0.017546541406249894 0.03985880972222233
9 0.5665747154788079 0.7281646734146667 0.0062715606451156924 0.01324763650399996
0 0.3606442607111767 0.7966593881377775 0.04157454533926913 0.06548193495931687
