0 0.3721397999414928 0.44881171666666664 0.024086795429514474 0.06113213055555555
0 0.24233755156250003 0.4106041395833333 0.03152125468750003 0.01528303194444447
0 0.180011433984375 0.43298529218492016 0.10745882265625001 0.1233510545190486
0 0.12270006171875 0.41442489791666665 0.012895059375000004 0.02292454861111115
0 0.107655826171875 0.4322551020833333 0.048714666406249996 0.0331132375
0 0.07828374804687499 0.41315131180555553 0.07880313671874999 0.04075475416666663
0 0.06037394453124999 0.4348022743055555 0.05731137187499998 0.022924548611111095
4 0.29789591477783295 0.3911628692123351 0.07943891054527841 0.20699590046421873
0 0.207950728125 0.49338723333333334 0.16047184218750005 0.1808492194444445
0 0.4470966108020803 0.5379627395833334 0.18882543898275195 0.29037761805555556
8 0.7816379832542251 0.04201784416310012 0.03714257798008069 0.0698134922293553
8 0.7778862556968098 0.13041520416666666 0.05095498326861969 0.10698122777777778
8 0.7762620838097397 0.20937753888888888 0.03616514171744689 0.06113213055555558
8 0.7722431911598497 0.28569286809648287 0.02910479268030064 0.08640418341518791
8 0.6381325737546383 0.3136812382058051 0.028345651616377365 0.06277456063093267
8 0.63635323515625 0.3804720002704351 0.02865568593750001 0.05560526294093948
8 0.5517077322652979 0.39484703219355927 0.01983652234309563 0.02132551616843692
8 0.5273827042986865 0.4045524986513135 0.051738082027626864 0.023557136191515782
8 0.4438579748767104 0.3828711905373834 0.023928875246579162 0.019805480036344414
8 0.4878517632892003 0.1774811979924707 0.05424771257617045 0.03649095380499154
8 0.48540817263261604 0.23484926041666668 0.10605183449575678 0.09169819583333333
8 0.28317190390625 0.17470187440168738 0.20488815625000004 0.13951678213670812
8 0.019539591796875002 0.09348120833333334 0.038685175781250004 0.03820758055555555
8 0.047380383984375 0.17626430138888888 0.09476076796875 0.13245295
0 0.00797881484375 0.4360758555555555 0.0159576296875 0.2496228666666666
0 0.3375487302280695 0.4350109597662933 0.009285644495020173 0.030409128170826305
