0 0.09537070155239201 0.49993047959482323 0.016945496854783998 0.029636282477020326
0 0.07675399161690913 0.5075286064202966 0.02575105739118176 0.032040007285037864
0 0.0458426522112383 0.5047738166132145 0.0274792596400234 0.046311369551348736
0 0.01778863551515316 0.5048629340277777 0.03387008353030632 0.046133134722222136
0 0.30269174062500004 0.4830103965277778 0.03277880312499998 0.04127701249999999
0 0.324544278515625 0.5437118840277777 0.027315672656250012 0.08012596250000004
0 0.290399690625 0.5388557659722222 0.07375230781249997 0.12383103749999996
0 0.2332382851280953 0.5628584333990115 0.1290672532871763 0.15083324806036624
0 0.46726865039062504 0.5223973124408626 0.03687615546874995 0.054769444562719094
0 0.5382893914062501 0.534868924778279 0.02321832031249993 0.024970100443441834
0 0.965096726953125 0.6323360583333333 0.06828917265625012 0.1262590944444445
0 0.90090490390625 0.5993145672617206 0.08467857499999987 0.12334566507899669
0 0.8012688096026441 0.5922730756944444 0.12578428014278853 0.1966728236111111
0 0.5820224322388233 0.5588136225494175 0.06140431989735329 0.09848367712338724
0 0.7253284718018176 0.6380213220118716 0.2255007829588649 0.28485272819847907
0 0.3754273272593189 0.53642770625 0.047134759206137744 0.07041372638888888
8 0.341616569140625 0.19528534305555553 0.16252823359374996 0.16510804444444444
