8 0.387407482421875 0.39364592847222224 0.019651103906250023 0.016219959722222177
8 0.156156095703125 0.3548428069444445 0.02456388046875002 0.039926052777777776
8 0.39793486015625 0.38054519236111106 0.02245840624999995 0.03743067361111113
8 0.579036197844893 0.34106605988820526 0.046259558997713945 0.041527591334700575
0 0.38319653124999997 0.4435534951388889 0.0084219015625 0.01372458194444448
0 0.36319451484375 0.4385627375 0.011931028124999965 0.02121071666666663
0 0.34950892499999997 0.4185997111111111 0.01263285312500001 0.011229202777777725
0 0.35091257421875 0.4385627375 0.009825553124999997 0.02121071666666663
0 0.33792880898437505 0.43793889444444445 0.014738327343749968 0.024953786111111098
0 0.30389028984375 0.4154804881944444 0.023862054687500023 0.01746764861111111
0 0.31336492968749996 0.4379388923611111 0.03579308281249999 0.04242142916666669
0 0.29160834999999996 0.44355349583333337 0.020352929687499965 0.04366911944444446
0 0.230549562890625 0.40300359652777773 0.006316427343750042 0.007486134722222204
0 0.22493496015625003 0.40425128750000006 0.007720076562499983 0.012476894444444386
0 0.23791872500000003 0.4198474 0.011229201562500013 0.0212107138888889
0 0.21686397070312502 0.439810425 0.053338710156250024 0.05864138611111108
0 0.14843601875 0.4292050694444445 0.08492084218749998 0.06987058888888892
0 0.152296057421875 0.4005082173611111 0.08281536796875 0.047412187500000036
0 0.049829585546875 0.44430211319444446 0.09965917109375 0.1185304680555555
4 0.36916002812500004 0.42982891458333333 0.023862054687499967 0.03618298750000004
0 0.132644953515625 0.4712522097222222 0.11229202421875001 0.09357668611111103
0 0.26353534453125 0.4419315138888889 0.052636885937500016 0.06487983611111114
0 0.5768364485442834 0.44442689166666666 0.05627366228643316 0.0873382416666667
0 0.5537400421875001 0.41548048958333333 0.00982554999999996 0.022458404166666668
0 0.5997095906250001 0.41485664375 0.013334678124999999 0.01871533749999993
0 0.9585176984375 0.7570353951388888 0.08211354375000002 0.26825316805555544
