9 0.775963716015625 0.35258114375000005 0.024571474218749945 0.12688760972222218
8 0.7753786804687499 0.2548152805555556 0.023401403124999942 0.047842869444444436
9 0.40947732641870666 0.5522731194444445 0.002620654889079699 0.01872112222222233
8 0.22310556132812498 0.4690681291666666 0.02340140234374996 0.014560872222222188
8 0.21842528046875 0.4971498125 0.025741542187499966 0.037442247222222225
0 0.37594385098051536 0.60261854083395 0.0102423683514693 0.015405728890122039
0 0.3983832080776355 0.6053162986111111 0.034636347405270995 0.049922991666666694
0 0.53492926015625 0.6690654164340326 0.23752424374999997 0.3842124532430461
0 0.7162901355468749 0.6541992305555555 0.17902073515624994 0.2475348444444444
0 0.183323175 0.5803548027777778 0.03744224531249998 0.03744224444444444
0 0.138275473828125 0.5730743666666667 0.04797287578124999 0.043682619444444404
0 0.092057701171875 0.6167569861111111 0.06786406953125002 0.07696461388888887
