9 0.42136069140625 0.2824776513888889 0.007798462499999992 0.012130941666666673
9 0.6025370900478683 0.2989410729166667 0.006124568341763448 0.01732991805555556
9 0.5562109714871707 0.2939400736652197 0.005195252338158651 0.010793902885994966
8 0.33801462070312505 0.2772786763888889 0.016571733593750027 0.012130941666666673
9 0.3224176953125 0.27814517222222224 0.0068236562499999764 0.017329916666666723
0 0.3128406773838919 0.3435631781395411 0.025551385168527285 0.02685650905685999
0 0.24345825976562502 0.35006432847222224 0.02437019609375002 0.022528893055555554
0 0.6036497585937499 0.3543968076388889 0.03606789062499993 0.031193851388888916
0 0.4685761866180722 0.33970723047504914 0.013490187777524809 0.014350486876977542
0 0.43229794623596746 0.33966637847222225 0.014193380965564995 0.015596926388888932
0 0.6901639371460618 0.3595957840277778 0.032656097582876464 0.055455737500000046
0 0.76693007265625 0.3406602927849539 0.12477540468750004 0.11758860054120318
8 0.1986170984375 0.26168175 0.03216865937500002 0.0779846277777777
