9 0.4090360060962437 0.3360796090311772 0.01353096124501263 0.023187879173465376
8 0.38573424657325683 0.34682963997306526 0.010141827521513547 0.03080620494613051
0 0.34259372699826485 0.384362717065026 0.017575621003470376 0.026788916643926075
0 0.3787112125 0.3982324104166667 0.011712717187499999 0.02602826250000001
0 0.41832203666935064 0.4070690272208906 0.02489622144625736 0.039588942780441005
0 0.43764936647631364 0.41621458429380775 0.041930478225275625 0.04811087414317111
0 0.36181416562356916 0.40692047273474174 0.029809949363281796 0.043404387136150135
0 0.267440393359375 0.40022324357376027 0.025377555468750035 0.030009928814187126
0 0.22079346710115672 0.4066174036543464 0.03473026267268656 0.035857376753137216
0 0.18383355589594974 0.4060408888888889 0.020189811791899465 0.04164521944444444
0 0.161537901171875 0.4088221626964367 0.03220997421875002 0.039601007212760275
0 0.1215194484375 0.41384936875 0.038066332812499964 0.05379174305555556
0 0.06588403867187499 0.4277311055555556 0.08882144453124999 0.0711439166666667
7 0.585635897265625 0.4090122453712651 0.019521196093750137 0.07882184907586359
