8 0.45753746484375 0.3265740048611111 0.019120968749999967 0.01214029583333337
8 0.4534401140625 0.34235639097222226 0.01365783437500001 0.009712237499999998
8 0.458903247265625 0.3520686284722222 0.01638940234374997 0.009712237499999998
8 0.485536025390625 0.38120534166666664 0.00956048515625002 0.019424475000000052
8 0.640552450390625 0.36299489791666667 0.010926267968749959 0.012140295833333314
8 0.635772208203125 0.3702790763888889 0.012292050781249952 0.007284177777777734
8 0.6227972648437501 0.38606146319444445 0.013657835937500029 0.01942447638888889
0 0.533611600390625 0.4006298201388889 0.009560483593750058 0.019424476388888834
0 0.56297594453125 0.4066999680555555 0.010926268750000023 0.016996416666666625
0 0.5739022113281249 0.41034205763888887 0.016389400781250063 0.019424476388888945
0 0.59029161328125 0.41398414652777776 0.019120968750000022 0.0315647736111111
0 0.610778365625 0.4188402666666666 0.021852535937499917 0.03642089444444446
0 0.524051115625 0.4066999694444445 0.00956048593750003 0.026708652777777786
0 0.5151735242187501 0.4103420569444445 0.013657835937500029 0.02428059444444447
0 0.5056130386718749 0.4139841479166667 0.01638940234374997 0.021852534722222205
0 0.480346044140625 0.4200542972222222 0.03141302109374999 0.0534173083333333
0 0.478980261328125 0.4285525041666667 0.02321831953125003 0.04613313055555557
0 0.444835673046875 0.4273384763888889 0.05053398828125 0.06798566666666667
0 0.39437766148114384 0.44312086111111115 0.0752700432747877 0.12868715555555554
0 0.34195928975919443 0.4661874263888889 0.10428008108088876 0.16510804722222217
0 0.639459819140625 0.4224823541666667 0.019120969531249976 0.0242805972222222
0 0.6626781374999999 0.42855250347222223 0.04097350312500003 0.06070148750000004
0 0.70433453359375 0.43583668263888886 0.055997121874999944 0.05584537083333335
0 0.7646300693887675 0.4548172933985265 0.08181809715996502 0.08409435068594201
0 0.841186034765625 0.46454043057018934 0.12701786328124998 0.12469696108184336
0 0.21801316601562498 0.5098740187146025 0.23491475859374997 0.25394262368190623
0 0.0796422390625 0.6077086152777778 0.159284478125 0.475899663888889
0 0.9340652906980478 0.4850916104166666 0.13035204829140457 0.20152894027777774
