9 0.35362461909519505 0.5110926219782177 0.004913727917024491 0.014689031043564449
9 0.1030132296875 0.3824997298611111 0.010546867187500003 0.042187470833333296
8 0.066758373046875 0.3977340951388889 0.035595678906250004 0.016406240277777706
8 0.019956647265625 0.3871872256944444 0.03955075234375 0.12187492083333329
0 0.301244911328125 0.5439840006944444 0.009228510156250036 0.0210937347222222
0 0.28740214570312494 0.5439839993055555 0.010546866406249966 0.011718743055555536
0 0.28015117578125 0.5498433708333333 0.011865226562499998 0.018749986111111117
0 0.37639134375 0.5404683791666667 0.014501942187500005 0.028124983333333242
0 0.36716283320312504 0.5428121243055556 0.011865225781249988 0.028124979166666675
0 0.35991186171875 0.5545308673611111 0.018457018750000054 0.046874968055555466
0 0.34870581484374996 0.5545308673611111 0.017138659374999976 0.046874968055555466
0 0.44230926484375 0.5545308659722222 0.01713865937500003 0.032812476388888845
0 0.42912568085937497 0.5592183625 0.01713866015624993 0.028124977777777782
0 0.26185773711397076 0.552844221720358 0.014829105477941473 0.02131968711483978
0 0.3229978265625 0.5623321909722222 0.050097621875 0.067968701388889
0 0.40144015312500003 0.5517853229166666 0.04086911250000003 0.06562495694444448
0 0.504272113671875 0.6021759152777777 0.13315420546875 0.17578113055555555
0 0.237485794140625 0.5582808583333333 0.023730452343749986 0.03281247500000006
0 0.94832597757706 0.5535649349505138 0.08222816140411993 0.08443179676563883
0 0.873593755859375 0.5512496138888889 0.07514643203125004 0.07968744444444442
0 0.813608444921875 0.5186836909722222 0.02373045234374993 0.03700686249999996
9 0.5836223041828914 0.4240299339017901 0.006153618219662982 0.0266564973959183
