0 0.4556250734375 0.5501070416666667 0.2663904156250001 0.3378610194444444
0 0.465777148046875 0.38045460902777783 0.10152073828124991 0.010106954166666682
0 0.608718348828125 0.49668457222222223 0.07065843515625003 0.12417114166666676
0 0.6562300535156249 0.48585569305555554 0.04548129140625001 0.09962568333333333
0 0.696838348828125 0.49885034930555555 0.03898396328125009 0.04764706805555552
0 0.7441262070015524 0.5010710226892605 0.0678574641218952 0.06941462037852103
0 0.7853644328125 0.5082353777777777 0.045481293749999874 0.08085563055555556
4 0.8917581671875 0.4584225347222222 0.2095388062500001 0.4605883083333334
2 0.027207557031250003 0.3501337479166666 0.0462934546875 0.39128348749999997
2 0.039796129296874996 0.4678075638888889 0.06497327265625 0.3003209055555556
2 0.122637051171875 0.4432989878456222 0.07147059765625 0.38110276597542236
2 0.2337135969142583 0.4469492358216255 0.06784156726601662 0.32790907442102873
2 0.33061467109375 0.4313973318909923 0.030736010937499947 0.10044159989309559
8 0.41054986601562504 0.34580219444444443 0.01705548515625005 0.027433158333333374
8 0.4142774678968533 0.32053481111111115 0.009600282956293449 0.017326205555555585
8 0.605063601171875 0.39561503819444443 0.01949198203125002 0.011550806944444492
8 0.4604980703125 0.3616845513888889 0.01624332031250003 0.021657758333333332
2 0.360601662109375 0.42377012152777777 0.012994652343749968 0.0389839652777777
