0 0.019204434765625 0.5732879347222222 0.03840886953125 0.03983141944444457
0 0.27811700010358553 0.6142317949223959 0.06682669967153293 0.06605755459965268
0 0.3454516434234451 0.5939149201388889 0.03246374596560986 0.04694417361111114
0 0.37648693515625 0.5903585444444444 0.015203510937499998 0.01991571388888891
0 0.42639241407246287 0.5957720038885512 0.019416573417574134 0.023314295000675167
0 0.406093772265625 0.5889359930555556 0.01200277265625005 0.017070611111111078
0 0.158836678125 0.5811119631944444 0.02000461874999998 0.009957856944444399
0 0.180041575 0.5782668631944445 0.019204434374999996 0.012802956944444444
0 0.27566365390625003 0.5697315583333333 0.010402401562499997 0.012802958333333336
0 0.29177267874686935 0.5630154024157565 0.007412319993738703 0.010751049275957603
0 0.34874880114449175 0.5657702721646556 0.008265366461016499 0.011064987309447605
8 0.06800128635293674 0.5533722222222222 0.012831792919126533 0.019915708333333337
8 0.28806651875 0.44383581875 0.02080480468750001 0.04836672361111116
8 0.15068487874470005 0.5568959728068201 0.02030452063559987 0.023599511756475677
8 0.37121322482988495 0.5308274661761727 0.01520350937499998 0.026205067289290618
8 0.323674741015625 0.5469707458333333 0.02000461953124999 0.0184931611111111
8 0.3376912350784718 0.5459402265757839 0.011229110781943663 0.019277219818234492
2 0.62614458359375 0.5896472673611111 0.012002771875000096 0.024183362499999972
2 0.58453497734375 0.5889359902777778 0.01040240312499996 0.0256059111111111
8 0.229785323828125 0.5211693395833333 0.025020575781249943 0.01779240972222218
8 0.206015775390625 0.5178332618055557 0.012510288281249976 0.020016459722222213
8 0.1891268859375 0.5167212368055556 0.013761317187499983 0.01779240972222207
0 0.24223449779335743 0.5480911343658861 0.010130460663285129 0.01381066873177239
4 0.23073804309332302 0.5421344023934731 0.008102790375854013 0.015241513120279548
8 0.394295616015625 0.5577805476162678 0.011259258593750043 0.015397081343646701
0 0.973937940234375 0.6635086201388889 0.05212411953125007 0.07116964027777772
