0 0.09167819453125 0.7287647145833334 0.17891763437500002 0.24766206805555546
7 0.49868166992187496 0.6444763534722222 0.050533989843749905 0.24280595416666662
3 0.49936456171875004 0.7027497826388889 0.051899773437500074 0.16510804861111095
3 0.36415199609375 0.6323360569444445 0.008194696874999963 0.0242805972222222
7 0.36346910625 0.6189817291666666 0.012292051562500017 0.031564777777777775
7 0.295179932421875 0.6226238166666667 0.009560483593749947 0.029136711111111158
5 0.29586282421875 0.6335740476420737 0.01092626718749995 0.02675657861748071
0 0.330690302734375 0.6250518784722222 0.017755185156249964 0.029136715277777725
0 0.3444758707123231 0.6152026354626929 0.01203658357535381 0.024554601296836176
0 0.16679628515625 0.6371921743055555 0.028681451562500015 0.019424476388889
0 0.195477738671875 0.6335500840277777 0.028681453906249987 0.021852531944444364
0 0.21869605820312502 0.6371921777777778 0.020486752343750025 0.024280599999999986
0 0.238499918359375 0.6323360569444445 0.019120967968749958 0.0242805972222222
0 0.255572212890625 0.6250518777777778 0.017755186718749982 0.02428059166666674
0 0.305423308984375 0.6177677006944444 0.008194700781250008 0.02428059861111098
0 0.31498379375 0.6153396402777778 0.013657835937500029 0.024280599999999986
0 0.3778098328125 0.6201957583333333 0.01365783437500001 0.029136713888888832
0 0.38600453359375 0.6250518770833333 0.01638940156249996 0.03399283194444447
0 0.409222853515625 0.6286939666666667 0.0163894039062501 0.04613313055555557
0 0.43585563046875 0.6214097895833334 0.047802423437499963 0.08498208472222224
0 0.44200165703124994 0.6299079958333333 0.035510370312499984 0.07769790277777777
2 0.609310132421875 0.6056274006944444 0.015023617968749958 0.07769790138888877
8 0.05686536601562501 0.5239352805555555 0.05148303984375001 0.11288133055555555
