8 0.983073165266031 0.12055012489766723 0.03341334983576638 0.0384362717065026
9 0.9910113906660254 0.40398391128186495 0.015221287077719192 0.07723116219208742
0 0.9717715910568746 0.6873809537596214 0.05339584336499925 0.16809592303631282
9 0.5331208826265076 0.24663274345005834 0.025841774288365427 0.08560805970993762
9 0.5585444282507137 0.23932520416483805 0.02099994914383352 0.09206998973657457
9 0.2805147996958304 0.43317380180044707 0.008071417795839253 0.03981662026756089
9 0.2937629930960066 0.4359773958808425 0.009983328518163581 0.04003310963805856
9 0.6131775832685928 0.44886417887241015 0.012336789171004336 0.05386055086768332
0 0.43780313203125 0.6753665129267851 0.037882671874999996 0.052773259186903454
0 0.3964765796875 0.66615368400138 0.041326548437500055 0.0697340792194624
0 0.2368641777077632 0.6442465799575008 0.02821702427197359 0.10685997658166835
0 0.8749943829806699 0.6766850357822864 0.14156182778866033 0.08846731176876033
0 0.4908372055728498 0.6825346735117206 0.03168701385430034 0.04309454742100338
0 0.3066970930554625 0.6471412586714417 0.14167630607657497 0.1842895798793387
0 0.698732109800881 0.7468172263122389 0.28434105546514976 0.2788153195977443
