8 0.9063465675092812 0.11987122157757268 0.028972088282212538 0.049890555635147715
8 0.9351565032985372 0.1435673688050229 0.03293760659707412 0.022684907054490278
8 0.8975684421875 0.18038090416666666 0.01836457187500007 0.02448609444444444
9 0.8754248388176596 0.2373729940619684 0.03694138017718074 0.04705551867949237
0 0.34824392254674996 0.3996874152475234 0.059571090405999894 0.08772143617161987
9 0.45465964754943355 0.3904525005855122 0.0058485220886327904 0.016938820615468864
0 0.4171713372705227 0.4084513979166666 0.006887544853545424 0.011426845833333366
0 0.406381736328125 0.39620835 0.01469165859374999 0.03591294166666664
0 0.399954137109375 0.39620835 0.02203748515624998 0.04244256666666668
0 0.38251528755679076 0.4006378987007021 0.024792172656250056 0.04570737916666662
0 0.46377102421875005 0.39375974027777777 0.015609885937500068 0.03428053333333336
0 0.47708533750000004 0.39620835 0.022037485937500045 0.03591294166666664
0 0.48626762421874997 0.3953921444444445 0.02387394374999996 0.06039903333333335
0 0.5009592804687499 0.3970245534722222 0.03121977187499997 0.07019347361111106
0 0.51060068046875 0.39784075625 0.030301543749999993 0.08488513194444447
0 0.43775946858345216 0.4083347944444444 0.008737332603786008 0.009794436111111082
0 0.5483859437714688 0.3980483592635534 0.08252281254293758 0.12055012489766725
0 0.2823755642983401 0.43473752771066954 0.10286070439637907 0.1205501248976672
8 0.3077566999728739 0.2975899218488307 0.0075214656792521595 0.017471032593864844
