0 0.22791504492187498 0.4657686118055556 0.018626197656249982 0.03056606249999999
0 0.2401620850138365 0.47065472113492934 0.02592686377767303 0.030982535507919018
0 0.14117983349105345 0.4564366822873964 0.03804012687940281 0.0456371969874006
0 0.04190764090173209 0.46032598782385414 0.04492542086596418 0.04130027554307475
0 0.09291758431531119 0.468729304936426 0.08032587095417355 0.07875704753975576
0 0.17254158083327525 0.4724596317796059 0.06243440091863259 0.07073009789746271
0 0.3110165359375 0.47559341527777776 0.018626196875 0.056037786111111154
0 0.28458798790424217 0.4682990937328523 0.05227721471468916 0.09682591808985097
0 0.342844815625 0.4572363569589021 0.07082048281250003 0.1197550194733597
0 0.3860742182470328 0.4756675474766119 0.025463134931565656 0.028962274491220685
0 0.536120736787673 0.4625072098860994 0.043502345450345925 0.030175116338912233
4 0.9019109000920291 0.4167944912718681 0.13503254152169364 0.10255059643262515
0 0.45533885351562503 0.4704626881944445 0.017193411718749996 0.02292455138888888
8 0.475111273828125 0.4490664486111111 0.017193410156250033 0.01783020555555548
8 0.5284298472374458 0.42588717638888884 0.005977083953922935 0.02547171944444443
9 0.4233224825294299 0.4075916111756757 0.007033365058859875 0.01876740012912914
9 0.3846585205398696 0.4013429954935417 0.008935026185075912 0.018156985431527717
8 0.47515748957626713 0.4282726908239511 0.010810201417453758 0.015606346129875659
8 0.5282055889757475 0.39983126453325535 0.004954052125792585 0.022924548611111095
0 0.42566709773594824 0.47022084550604915 0.010163739684428574 0.014627180921505667
