0 0.02852597734375 0.686014178373746 0.0566894140625 0.33890796269695267
0 0.12596811644282474 0.6138118498228459 0.1359206906981495 0.1083128781320859
0 0.20386113457823474 0.6009497883533709 0.07513339415646944 0.10122452329325826
0 0.555028916015625 0.6523432895833334 0.02900388828125 0.0609374597222222
0 0.5781001890624999 0.671093275 0.05668941406249994 0.07968744166666664
0 0.6222651964843751 0.6898432611111112 0.09492181171874992 0.1078124250000001
0 0.6876558243871771 0.7367182305555555 0.15187498783685405 0.1640623888888889
2 0.824121142572982 0.7285877632453529 0.023436253916536032 0.1524889431573726
2 0.8410664284640235 0.7297953308529536 0.01867216608469291 0.12677909781701824
2 0.32234055135680584 0.6234246797244095 0.07796448295012176 0.0925964727474835
2 0.37079244245289267 0.5949285922715202 0.007267249648745366 0.03281247777777774
0 0.395507540234375 0.594921454861111 0.015820300781249963 0.025781229166666697
0 0.41140139179430346 0.5960533953273547 0.0071239493625432915 0.014559193828220574
0 0.42121553007812507 0.5882808270833333 0.014501942968750015 0.03593746250000007
9 0.40259810733487233 0.5323849311794924 0.004586146055889528 0.021166848752126377
0 0.069213819921875 0.5986269499067518 0.04086911171875 0.04649521963094094
8 0.37836888125 0.5242183680555556 0.018457017187500036 0.014062491666666732
1 0.48371425359171516 0.5953214971464866 0.1255431240665696 0.264678266818138
