0 0.3620976234410671 0.5701542777777777 0.13931053906963425 0.15943523888888883
0 0.56928778203125 0.5753532534722222 0.1910623375 0.29807457638888896
0 0.4607238773123974 0.5278802602451977 0.026574151499794807 0.036761384379284334
0 0.4285880364292841 0.5276172988596285 0.03581208059534724 0.05941728176931832
0 0.17057122826262172 0.5286056394568885 0.02928452472475654 0.03457350441955642
4 0.27050917734375 0.5042186500982183 0.17254098906249998 0.19079297480356328
8 0.128674635546875 0.7651158472222223 0.009748078906249999 0.0017329916666666279
8 0.5044809361042721 0.4200114270469366 0.037334592256535015 0.0428466596494288
8 0.5429679703125 0.41245203055555557 0.03314346718749994 0.020795899999999923
8 0.6100329682765988 0.41331852708333333 0.0502965209281977 0.029460859722222232
8 0.609254903515625 0.38905664305555554 0.021445772656249917 0.012130944444444458
4 0.43232727968749995 0.5008346090277778 0.038017506249999944 0.051989751388888894
4 0.4610316147462702 0.49526766606998346 0.01744154824254024 0.02846380397114434
