0 0.11383469674440044 0.5627307875 0.10777443231340357 0.06375767499999985
0 0.22839673692543977 0.5800562444444445 0.0702468777116205 0.08732029444444445
0 0.4757899194777693 0.5397852588060568 0.020683124893038474 0.03480276849899744
0 0.495464708984375 0.5419402430555555 0.036643336718749975 0.05544145833333336
4 0.622405536156434 0.5654790882880912 0.15723929334478337 0.19451082954502824
0 0.297824577734375 0.5807492618055555 0.09667604140625 0.11642705972222211
0 0.8794358484375 0.5566600986111111 0.24012228281250003 0.5526955833333334
2 0.528209818359375 0.5343170409722222 0.01637255546874994 0.059599565277777655
8 0.5766098327174466 0.43782426488301707 0.014937251372393101 0.011414784122854627
8 0.718833141015625 0.42967129375 0.026507946093750068 0.01940450972222224
0 0.3849317835693075 0.526093776312696 0.014459795361384975 0.018204377625392176
0 0.39793350787925363 0.5233624711211897 0.009984362633507271 0.015513839464601609
