0 0.417445589453125 0.5689462548611111 0.014036503906249997 0.034935295833333324
0 0.39674174921874994 0.5614601208333333 0.028774831249999966 0.049907566666666625
0 0.379897944921875 0.5664508749999999 0.040004033593750044 0.054898319444444454
0 0.36210823730544245 0.5741621466023412 0.0324976246108849 0.06533010431579356
0 0.3254238287559488 0.5806435309609714 0.057384326261897545 0.08390671863361265
0 0.2879588515625 0.5914046604166666 0.06105879062499997 0.09981513194444447
0 0.13851007029453258 0.6768260600534735 0.2758972359015652 0.362170007670831
0 0.48049337521742413 0.5640802708333333 0.015207195747348301 0.02121071666666663
0 0.4401355731069757 0.5634564243055555 0.03695806496395143 0.04990756805555552
0 0.5305134136370674 0.5616380263070109 0.01669585397586526 0.026095205719311454
0 0.5540726456965841 0.5599366300646045 0.03695260548183177 0.05534486568476438
0 0.55465240546875 0.5728140944444444 0.01473832656249996 0.05115525555555556
0 0.576408986328125 0.5721902486111111 0.05123323671875002 0.062384455555555496
8 0.735580956660098 0.3746749437756829 0.027647944570196037 0.01673125411530102
8 0.73754805078125 0.45101965179509473 0.02456387812499994 0.018675378590189584
8 0.7224729123831155 0.4114487086016927 0.03787035335876898 0.028026582796614685
8 0.9098809402672491 0.45646345339996686 0.01396687102800187 0.060270632088955056
0 0.897564184375 0.5645793395833334 0.12983765468749997 0.09856743749999997
0 0.9347609160156249 0.5745608590277778 0.11439749609375005 0.1110443347222223
8 0.2868643955784069 0.46971770260676604 0.013953067719313872 0.008659296880198675
9 0.46622244765625 0.5277725125000001 0.006316426562499977 0.009981513888888904
9 0.513595645703125 0.5333871159722222 0.00561460078125009 0.01372458194444448
