0 0.510517885546875 0.36383596422057446 0.06721551953124993 0.15146441044773995
0 0.4087295112854813 0.35473228987015026 0.00915808939071222 0.04371084918474505
0 0.472909199609375 0.3506349230338636 0.01760406484374999 0.03129611527777776
1 0.474109478515625 0.32576411111111114 0.016803882031249995 0.022760811111111112
2 0.7908522034708751 0.44716745202480035 0.02454483662925011 0.1156760959503993
2 0.6539593954423508 0.41040572905827244 0.016420570572201476 0.06685958311654477
2 0.36888518125 0.35137002500000003 0.01120258593750001 0.04552162500000001
2 0.38768952265625 0.35279257430555555 0.01040240312499996 0.04552162083333333
2 0.34847663958356734 0.35349704189856423 0.012002772656249938 0.055479475
2 0.43985835976429444 0.3582818602409368 0.011689116408911127 0.042274681592984586
2 0.435300516796875 0.3513700229166667 0.0064014789062500355 0.03129611527777776
2 0.31527280078125 0.33501069236111114 0.008001848437500014 0.04978927361111113
2 0.59533747109375 0.3698631854166667 0.01120258593750001 0.03983141805555557
2 0.5729322976562501 0.36203915486111116 0.011202587500000027 0.032718665277777725
9 0.04721090234375001 0.12874083749999998 0.03680850000000001 0.08393049166666665
9 0.016803880468749997 0.1251844625 0.033607760937499995 0.09104324722222223
9 0.8557207496712331 0.33204635954149964 0.010279306111427133 0.023958518619204117
9 0.8690006625000001 0.02276080972222222 0.012802956250000053 0.04552161944444444
9 0.8545973371093751 0.024894639583333333 0.014403325781250031 0.04694417083333333
9 0.32807575703124997 0.11414773127246705 0.01600369687500003 0.07750508754493408
9 0.2948680890625 0.26459443125000004 0.01360314062500001 0.02560591250000005
9 0.4749096640625 0.28877779375 0.005601293750000014 0.02276081249999995
8 0.06596543644105182 0.036486024025044896 0.07591793850710363 0.047366131383423125
8 0.3116795145015695 0.21537683041221256 0.031245273532984952 0.018772364175574957
8 0.3081035730286942 0.24477732989855616 0.01769191089973421 0.021528666973454347
8 0.45124088916005434 0.28736535374655753 0.01773070761739126 0.008555526937559454
9 0.5705317433593751 0.29233417222222224 0.00640147890624998 0.02133826111111109
8 0.607637281047426 0.2822871075241883 0.013502127458967284 0.048929129166666696
2 0.21813776709075822 0.34571605092640745 0.01923986855651641 0.10279988240837046
