0 0.201212885546875 0.3993345944980959 0.03003177421875003 0.05556793600380827
0 0.30503701875 0.4080507701388889 0.011154659375000042 0.01983050416666665
0 0.27543426953125 0.3973728048611111 0.04633473593750004 0.03508473749999996
0 0.25956033203125 0.4019490756944445 0.04376058437499997 0.02898304305555549
0 0.39255818828125 0.4118643284722222 0.011154659374999987 0.02135592916666673
0 0.43331559570312506 0.41338975208333334 0.01544491171875001 0.02135592916666662
0 0.442325128125 0.41415246319444443 0.009438557812500026 0.02288135138888886
0 0.44618635625 0.41796602222222223 0.012012709375000041 0.027457622222222255
0 0.45133466015624996 0.41872873402777777 0.012012709374999986 0.028983045833333332
0 0.4593356714468837 0.42906168522337146 0.021752207106232546 0.05269979544674286
0 0.49380816875 0.42200743320211764 0.06435380156250003 0.08344258081798694
0 0.06348928706140651 0.3708164081129838 0.09905291006031303 0.13014667544069908
1 0.41806570127009335 0.41117620140320144 0.01848707714731329 0.03615593608248607
0 0.15521435803223851 0.3918333179357102 0.06539748393552297 0.07667218357302413
0 0.40718661897051 0.4195634571208835 0.026599571093750052 0.03791892197024688
0 0.5105363305788435 0.4468239016938007 0.07305075503309733 0.0882242283876013
0 0.34668226834746696 0.41872241449962677 0.08103898302812407 0.13394458321963026
0 0.022223512890625 0.41537280277777777 0.04376058515625 0.23338978611111116
8 0.177616491796875 0.26069486736111114 0.01716101328124997 0.025932195833333338
8 0.17699752055705026 0.30789625995551284 0.014206970801600521 0.007800585644529956
8 0.16946501015624998 0.3199575666666667 0.011154659375000014 0.010677963888888864
8 0.5459151715814197 0.3626694215277778 0.01867216608469302 0.03813558472222228
3 0.5632770102215728 0.45610160833333335 0.012775692584263698 0.06101693888888893
