2 0.652953096875 0.5814422805555556 0.09277781250000006 0.514219513888889
8 0.33464406745238806 0.3224815914316236 0.05266358853272396 0.12844514213675273
9 0.36812260390624996 0.09811260763888889 0.03924214062500003 0.19345314305555558
9 0.30404635881590725 0.13757183951941504 0.05304665580568563 0.1434393209611699
0 0.070021904296875 0.5091703868055556 0.14004380859375 0.17048247916666665
0 0.17235408080887638 0.5044767634217747 0.23926113349275277 0.18541387593422826
0 0.340412700390625 0.5147145333333334 0.29626528671874997 0.2453284472222222
0 0.5788261066519944 0.4796053398027199 0.10237419299148864 0.12704588150567137
0 0.8386134761613393 0.4661964258894842 0.04501127107267833 0.05129701210992055
0 0.87992740234375 0.4613521305555556 0.026507946875000132 0.02772072777777773
0 0.917740209375 0.45927307916666665 0.027287592187500098 0.02633469722222226
0 0.979674658379943 0.46251986295904823 0.02953179488488611 0.019841121304125797
0 0.9454176238281251 0.45996609374999997 0.018711491406249947 0.019404509722222185
0 0.7839737468605203 0.4613521305555556 0.020824532783540906 0.041581091666666625
4 0.704896989453125 0.4593461122524568 0.0553548289062501 0.15370397271730857
4 0.7625907562500001 0.4551149666666667 0.02105042812500002 0.07068785833333335
4 0.8066407265625 0.44679874652777773 0.04210085625000015 0.07623200138888891
9 0.9730950398437499 0.4119498256944444 0.00545752031250013 0.01524639583333337
9 0.9886879484375 0.42303811874999997 0.005457518750000112 0.012474329166666742
8 0.7733376875 0.35156243263888887 0.025741520312499988 0.03050846805555557
8 0.77205061171875 0.31342684722222225 0.02659957187500006 0.04271185555555551
8 0.363194408203125 0.25456057708333335 0.025838855468749977 0.10080343749999998
