0 0.48995702084475146 0.6575635299029816 0.012238927627002849 0.019034204250407805
0 0.466897720763071 0.6578633516662067 0.023332806911358084 0.04307132833241345
0 0.38855934126526004 0.6737186429641138 0.04290028465697987 0.08459298073843902
0 0.34013648476562497 0.6795521350024076 0.10283196015625001 0.1338634522174068
2 0.41132784218749996 0.6574214222222222 0.02636716875000006 0.126562411111111
2 0.43308075625 0.6667964180555556 0.032958960937500004 0.12187491666666661
8 0.45285613398437496 0.6140620763888889 0.011865225781249988 0.025781233333333375
0 0.50690883125 0.6612039518823741 0.014501943750000024 0.016940048209192593
0 0.5463536679571739 0.6581739406915631 0.03053407971065203 0.045369935283540386
0 0.5848822765343134 0.6782326479659198 0.04048852193137342 0.052127487401493866
0 0.668789877970595 0.7077342560846633 0.15181009638841758 0.17124914616400666
8 0.5990904383706861 0.5940543913577134 0.009470122463647423 0.009076703855746993
0 0.15955143496430052 0.662542260314668 0.31910286992860104 0.37002300602852356
