8 0.09174509615296719 0.23577923477678797 0.016989906708664418 0.011487944581802467
8 0.10276060886708134 0.2583480219350224 0.023786085060313045 0.013530305166737977
9 0.09888821330900249 0.2926492965277778 0.008434110881995013 0.03812289861111112
9 0.15276294803011403 0.22690922115098688 0.008952690629338594 0.029546792794952814
9 0.4438787779173937 0.2646177534722222 0.004575433896857994 0.026910279166666662
9 0.3518117193966811 0.2510512174602438 0.007884363591782462 0.0173696008704263
8 0.5025882588015804 0.2814905730660514 0.014913397971121012 0.011233458452920841
8 0.5213286920865652 0.30398554554567625 0.006843539264369869 0.03612764386913031
8 0.5980067898998813 0.3097829576313751 0.01999469832523737 0.015068187515027531
9 0.09188620157132224 0.3373150048028881 0.012121549816064767 0.02188182313630116
9 0.5331789162610587 0.3490910884968712 0.01269681805645817 0.020182709722222192
9 0.6083999632805906 0.33846032990384933 0.013919332473588675 0.01768036326586636
2 0.18044767505550496 0.39468410763888884 0.017789281361009962 0.05382055972222227
2 0.248499617578125 0.3845927534722222 0.012614194531250011 0.029152804166666657
2 0.131818325390625 0.41486681875 0.01387561328124999 0.08970093472222224
2 0.011352774999999999 0.4103817701388889 0.017659871874999997 0.07624579305555557
2 0.0258590984375 0.4137455541666667 0.0264898078125 0.07848831666666667
7 0.10722064765625 0.4215943875 0.03279690468750002 0.08970093333333334
3 0.110464296484375 0.44193728125000004 0.04541109765625001 0.07400327083333336
2 0.570918409375 0.40029041458333336 0.012614193749999947 0.05157803750000001
2 0.5318144074218749 0.3991691548611111 0.012614194531250011 0.0538205625
2 0.5135238265625 0.38907780000000003 0.008829935937499922 0.03812289722222223
2 0.496494664453125 0.3946841076388889 0.010091355468749952 0.03588037361111107
2 0.58353261171875 0.40477546249999996 0.017659871874999955 0.07400326944444452
2 0.6144373875 0.40029041458333336 0.01892129062500003 0.0695182236111111
2 0.632097258203125 0.38459275277777777 0.021444130468749933 0.047092991666666695
2 0.7632533985144737 0.4236725404012218 0.03147253452894749 0.10657329882257544
3 0.6340336221260581 0.4380812105817354 0.02981208956461623 0.05329651283013748
3 0.62458279609375 0.4393743902777778 0.022705548437500056 0.04709298888888891
8 0.30409217109375 0.3771918610192343 0.023966968749999984 0.03690665018375355
0 0.20876490742187503 0.4070488808836651 0.05171819453125001 0.08380859934378088
0 0.43014400781249995 0.3771924368055556 0.010091354687499943 0.022425234722222187
0 0.43848283320029635 0.3833244167985388 0.01340183216424301 0.023041839645612072
1 0.405546330078125 0.3547671916666667 0.03910400078124998 0.044850466666666644
0 0.39652594585467904 0.43569062203506936 0.09338462452185803 0.1317741975965281
0 0.0529796140625 0.40701798680555556 0.0807308390625 0.053820559722222217
