0 0.3896255967060529 0.47994047489909475 0.022678894974605734 0.029723608131522805
0 0.35800963828125 0.49900538263888883 0.04850459531250001 0.06502619861111109
0 0.49398153515625 0.4735603479166667 0.010337045312500015 0.036753937499999945
0 0.4804614653641153 0.4855792531256241 0.023059560937500057 0.048062840277777796
0 0.4649582953125 0.49617815624999995 0.027035346875000088 0.05937174583333332
0 0.598783264453125 0.5074870611111111 0.026240191406250002 0.0650261972222223
0 0.012220574609375 0.4558901875 0.02444114921875 0.07492148888888889
0 0.42559800859374997 0.5096074791666667 0.07235931406250001 0.09471206666666665
0 0.1782786920444936 0.5607049468109158 0.35538452158898715 0.36936778806627585
0 0.538748890234375 0.5120463791131263 0.09700919140625003 0.17747827232930286
0 0.691050639407673 0.5863833393577421 0.2145916975653459 0.30491604350673795
8 0.5777307964059244 0.37596322974522783 0.007913174375650978 0.03381106504601117
8 0.5439216322753949 0.3950533957186982 0.019887373925789875 0.012619652548507498
8 0.6368248497041579 0.4085341513888889 0.01644637128331561 0.03958116388888888
8 0.613493675 0.3767278597222222 0.011132201562500055 0.03251310000000007
8 0.3547181035016568 0.30416857979259276 0.011032346511609392 0.02874731976870648
9 0.36952780331020574 0.3124105995374531 0.008722301021219181 0.03958116527777772
9 0.615415945663955 0.4099477652777778 0.006704709817025201 0.03392671111111112
9 0.5167415472769321 0.3724217414335864 0.006557317991364386 0.021073635644950683
