0 0.434133644921875 0.36297202291666664 0.008596705468749966 0.025471720833333322
0 0.4871466625 0.3476889895833334 0.042983529687499966 0.025471720833333322
0 0.48829278034884555 0.42665132569444447 0.09800266898980892 0.15283032638888894
0 0.5591373947718956 0.4992457298611111 0.17933782284125566 0.32349085694444446
0 0.42123858593749997 0.3640883214252769 0.02579011874999998 0.03789300673944279
4 0.449177880078125 0.3502361638888889 0.032954039843750005 0.066226475
2 0.36464360546875 0.360196852911194 0.010029489062500008 0.04029875860016585
2 0.3250641194221947 0.3667927819444444 0.008240870094389452 0.04839627222222226
2 0.31592893984375003 0.3616984354166667 0.0128950578125 0.06367930138888894
2 0.2151831939295544 0.3727998254584829 0.029186783171608777 0.1164481425836324
2 0.18697835234375 0.3735382227165794 0.027222903125000003 0.11132055178906342
2 0.8699608809943603 0.48025395533284954 0.043972254638961816 0.19890345233236562
2 0.6963331734375 0.43556642916666666 0.028655687500000138 0.11462274444444448
4 0.02048204683052391 0.3042315208333334 0.04096409366104782 0.07610407777777778
9 0.5172351332031251 0.2661794833333333 0.008596705468750021 0.020377374999999975
9 0.5107876054687499 0.26490589722222224 0.007163921875000034 0.022924547222222202
8 0.5279810171874999 0.2754707893966183 0.027222901562499957 0.01615046690911054
8 0.29300439101562503 0.20632094166666665 0.021491764843749983 0.053490616666666685
8 0.288706037890625 0.2763681722222222 0.01576062734375 0.03566040833333334
9 0.34315184140625 0.2725474138888889 0.007163920312500016 0.022924547222222202
8 0.8851056183593751 0.038267727083333335 0.06218505703124999 0.03401575694444445
8 0.8346106370689206 0.07392219960196525 0.018106222498395996 0.030738331351625077
2 0.3784516611292489 0.3635434083333333 0.010353786320997871 0.04251969722222215
8 0.5389955032193514 0.3049629463610809 0.01184952735179301 0.007724136347835475
9 0.5326757552983952 0.32041121905675185 0.004739810940717182 0.018959243762868838
8 0.5936254376259833 0.2961373291432008 0.008622010713521866 0.015328019046261188
