9 0.48966708203125 0.5033172013888889 0.008397506250000075 0.02559240000000007
9 0.4137800698847055 0.5305870249159599 0.005002042483495395 0.009880577745176145
9 0.3966946921875 0.5385067513888888 0.009597149999999999 0.014928900000000023
9 0.4603546438670722 0.5572645848279356 0.0047797307563141045 0.007904462196140938
9 0.4838086646536416 0.5285253787014597 0.007225172476160058 0.012027754625141496
0 0.429085071875 0.5779617006944444 0.026392162500000038 0.029857798611111153
0 0.41229006015624997 0.5950233 0.019194299999999997 0.038388599999999995
0 0.393095760546875 0.6003550527777778 0.03359002578124998 0.03625590000000001
0 0.35890591328125 0.5950233027777778 0.013196082812499954 0.02559239999999996
0 0.35110822851562495 0.6003550513888889 0.01679501328125005 0.023459699999999972
0 0.32951464023437504 0.6067531520833334 0.03119073671875 0.0362559013888889
0 0.25993530390624997 0.6216820506944445 0.0359893140625 0.057582901388888774
0 0.21194955312500002 0.6355446020833333 0.0695793375 0.06824640416666672
0 0.131573421484375 0.6536725527777778 0.07437791328125 0.08317530277777785
0 0.049397823828125 0.6558052534722223 0.09717114453124999 0.11303310138888889
0 0.45828732732303173 0.5907579000000001 0.018913507771063376 0.029857799999999934
0 0.49446565703125 0.5800944027777778 0.01799465625000002 0.02559240000000007
0 0.508261560546875 0.5886252013888889 0.011996439843749984 0.03412319999999991
0 0.5262562175781251 0.5950233027777778 0.02639216171875003 0.055450200000000005
0 0.551448737109375 0.6056868020833334 0.05278432421875001 0.06824640138888882
0 0.6139006670411526 0.6088472948166157 0.07931739970730545 0.11311022147787986
0 0.6422771961840849 0.6339639783631854 0.1144768720556697 0.15245025160696268
0 0.75298888671875 0.6739332020833333 0.19914086406249998 0.25592400138888893
9 0.3296897799185977 0.4974870894696197 0.007559437962195492 0.014820866617764217
0 0.896807553125 0.7367426152777778 0.204867521875 0.4273384749999999
9 0.48136322293379563 0.5460007246907782 0.003890477487163091 0.009880577745176033
0 0.4746938329558017 0.5707021690537186 0.009448302468824776 0.011856693294211462
4 0.391915029689368 0.5708108569165722 0.03676501225369139 0.041394680463415434
8 0.29495918948776795 0.5350051150015901 0.009404386787137287 0.005350051150015966
9 0.28931655741548556 0.5676621295835523 0.006394983015253375 0.01359922529880997
