0 0.463478403125 0.39203619375000004 0.01682826249999997 0.02617730138888885
0 0.41404538125 0.3851802395833333 0.014724729687500049 0.0224376819444444
0 0.375405487890625 0.40254273125 0.02419062890625001 0.029916909722222274
0 0.263612104296875 0.3882520638888889 0.026294160156250024 0.05369017222222222
0 0.237471014453125 0.3901218715277778 0.01967742109374998 0.04247133194444447
0 0.42273497578124997 0.40347763680555554 0.011569432812500058 0.024307490277777788
0 0.441666772265625 0.40240917291666667 0.028397694531250017 0.02537595416666666
0 0.31882984335937503 0.38581132191185186 0.09255544453125003 0.13336392839851857
0 0.817577480859375 0.5216761479166667 0.36012481953125 0.5198063430555556
9 0.702198705859375 0.31786718541666664 0.03050122578125014 0.04113575138888892
8 0.6843186765625 0.1402355229166667 0.051536556249999865 0.03365652361111113
8 0.563891419921875 0.31880208958333334 0.014724730468750113 0.02804710416666667
9 0.388772309375 0.19072031458333333 0.009465898437500009 0.04487536805555556
9 0.3761511125 0.18604579375 0.013672964062500015 0.04300555694444441
8 0.30200158046875003 0.25055413541666666 0.023138860937500005 0.014958454166666635
0 0.47269388085937497 0.4114910979166667 0.012621196093750009 0.024307495833333304
0 0.49635862578125 0.42164147430555554 0.036811824999999965 0.04300556250000004
1 0.113735388671875 0.31950400463465467 0.22507801640625 0.206144749064024
2 0.522872529296875 0.4010735972222222 0.008414130468749947 0.03926594722222221
2 0.534441960546875 0.40855282569444445 0.012621197656250027 0.035526331944444434
2 0.645403318359375 0.4273382032746532 0.017880030468750086 0.06561785932708414
