0 0.3721997928033086 0.34176755303766515 0.07012926087391635 0.09607923202298024
0 0.4639651184954664 0.32832125432125225 0.02789186183792619 0.03983100124031708
0 0.87872947734375 0.46742275972222225 0.23924244843749998 0.28247427500000005
0 0.692590343359375 0.38694164374999995 0.16353095390624994 0.1731959041666667
0 0.5860825828125 0.3618557277777778 0.04948456874999996 0.11340208055555556
0 0.550902151953125 0.359793875 0.01855670390624997 0.05979382499999997
0 0.2873345735863445 0.31876293680555556 0.027246376860189048 0.03298969583333333
0 0.319523249609375 0.3199687176689853 0.024355674218749956 0.035401257560192856
0 0.22584205528373183 0.33216499930555554 0.029519093379963668 0.039175265277777815
8 0.5253341902323643 0.2460062214105085 0.012602777736194004 0.01702775303023557
8 0.668427956640625 0.21615123680555556 0.009278350781250055 0.022680415277777755
8 0.5286608853657457 0.2760888177224654 0.005141056938419708 0.010596796556041899
4 0.5007229205781265 0.3101296924516913 0.029724512407109605 0.05805998768116033
8 0.40940728476562505 0.10206187361111112 0.02319588046875004 0.018556705555555553
9 0.57931710625 0.20412374444444442 0.01043814687500011 0.03298969444444441
9 0.5628522054440217 0.2087629215277778 0.009154023486956486 0.05567011250000001
0 0.18150776171875 0.32061860833333333 0.05682990624999998 0.0742268166666667
0 0.40360831328125 0.3051546909722222 0.025515468749999937 0.04742269027777779
9 0.22149736390742394 0.07752142696117532 0.007936432502347823 0.047900120589017305
0 0.430896052960815 0.2935220510813559 0.01707551200286367 0.024019808005745047
0 0.44910470030312866 0.28889669186910166 0.008230385460371636 0.008128775763330043
