0 0.161718814453125 0.4500001798611112 0.036562514843750005 0.030000012500000006
0 0.09641311695712837 0.46332768609779357 0.09720119797675675 0.10001170558219064
0 0.030937512499999997 0.48481654770242205 0.06187502499999999 0.10190573619077903
8 0.26276559250926945 0.3381690423309015 0.02663153239006527 0.013894184934434506
9 0.29492872062734155 0.3338510449130836 0.0038994541909737057 0.017908604432619935
9 0.4497695474605884 0.34434759245101254 0.0035744996750591285 0.014638428986863683
0 0.45377326980126925 0.41632329627154274 0.02520291081182746 0.05735376301247008
1 0.49442501277517703 0.4217117363144453 0.057400393199646016 0.09657690514888706
2 0.5373201537905257 0.44154163932242785 0.004110142418948581 0.03802823524403326
2 0.5269787424252323 0.44072497459162174 0.006824044834203846 0.030617936610608243
1 0.7987622579645483 0.3775825092066335 0.3999272278209036 0.7055022343645108
4 0.3184885855343597 0.4868587638227065 0.1761890174891202 0.268465138202462
2 0.5547748553784928 0.43785906652587225 0.005174268569485663 0.05261557250381105
