2 0.84226563671875 0.4997327951388889 0.023086987499999934 0.10094491527777777
8 0.33570380078124995 0.44716395970219536 0.011231507812499986 0.04470826669831501
0 0.466575579296875 0.5225903933025601 0.034318496093749984 0.054120435617102114
0 0.44036872734375 0.5275440019274482 0.04305411718749996 0.057524632256214514
0 0.408858105859375 0.5348416583333333 0.04991781640625009 0.05468773888888878
0 0.3919035220512441 0.5459285852266551 0.014174552737306723 0.048772654579980035
0 0.24768088380896028 0.5632948125 0.11712982925707943 0.13755131388888892
0 0.6029168956905251 0.5032680747086128 0.008641904733390326 0.019182514471663248
0 0.59444448515625 0.5078675500000001 0.021215071875000047 0.03882496666666657
0 0.620339351171875 0.5067582652777778 0.02807877109375001 0.0432621055555556
0 0.6607245995544848 0.50722138153717 0.05393966004646977 0.08066591768430237
0 0.5666031585480789 0.528014479758099 0.065085181794593 0.09110388612775633
0 0.33871967578125 0.5565313863878749 0.10669932968749996 0.12046190777980581
0 0.016847262109375004 0.6143884045748755 0.03369452421875001 0.1176363862127
