8 0.14588197684783072 0.5879214695565823 0.00612621661683857 0.0267233719979465
8 0.42995762890625 0.5126755944444444 0.017088601562500028 0.018565388888889034
8 0.6159690234400406 0.491305669850458 0.01695964063008104 0.04773047440441647
8 0.430906994921875 0.5523380270833333 0.00949366640624999 0.02025315416666662
8 0.41053980858055594 0.557929979044997 0.008455906276388203 0.011183902534438572
9 0.37621440025844377 0.5683717749999999 0.008707439864529765 0.018565394444444494
9 0.4447381661488736 0.5995295077230254 0.004921596445168985 0.01009558245162867
0 0.4239878806624351 0.6224539212448705 0.02673578163737017 0.01674378415640765
0 0.46330984140625 0.6284280138888889 0.016139234375000033 0.03206749722222213
0 0.3949554390625 0.6478372895833333 0.02753163281250004 0.05063289305555552
0 0.22976563203125 0.68243643125 0.03512656718749996 0.10295354583333338
0 0.19796184843749998 0.6611565609912936 0.028481001562500025 0.023994353017412706
0 0.4851452765625 0.644461763888889 0.042721503125000004 0.06751051944444442
0 0.42960732421875 0.6765292611111111 0.07215187031250003 0.09451473055555548
0 0.3156833203125 0.7204110993055555 0.1651898078125 0.28354419027777766
0 0.08912450305751178 0.7609174131944444 0.17726185924002355 0.24303787638888874
0 0.634195848046875 0.6208331981916945 0.18512650703125 0.24303764250550008
2 0.7571388355468749 0.6014238069444444 0.024683533593749973 0.10970459722222226
0 0.982014366015625 0.7101438680555555 0.033227832031250015 0.21097037777777783
2 0.508280381640625 0.6274434819444444 0.010443033593749984 0.035443022222222176
0 0.17050350330817815 0.6602424409877012 0.028799857351932162 0.030416669651461947
9 0.4375450636520882 0.600202546553134 0.004164427761296774 0.01009558245162867
0 0.1304341365576638 0.6668433003310259 0.03213897124780836 0.031165063028177786
