9 0.45474786015625 0.03812581805555556 0.014622117187500061 0.05545573611111111
8 0.716971170703125 0.12981729359884897 0.020470964843749995 0.04820959553103131
8 0.011210290625 0.18178356030615467 0.020470965625 0.03502097938769069
8 0.024893201953578532 0.21068811352879616 0.030290247657157068 0.018803670164629915
8 0.011744575562766073 0.24167673927941968 0.023489151125532147 0.02930964522550597
9 0.02722606153186681 0.2662966563090651 0.016015330312862827 0.03701320783417186
4 0.5834224957031251 0.26688072569444443 0.01657173359374997 0.041591801388888905
0 0.611204519140625 0.2772786743055556 0.017546541406250005 0.03465983472222223
0 0.618028173828125 0.29027611458333336 0.015596925781249937 0.0467907763888889
0 0.6416878135260448 0.30452781772225124 0.05511774111458956 0.08414105622216422
0 0.5589671443065691 0.3604622791666667 0.09243643705063831 0.14210532222222227
0 0.5089272643423222 0.29547509097222224 0.016250217322368754 0.022528893055555554
0 0.4982854624914958 0.3006740638888889 0.010065384357991536 0.02946085833333334
0 0.48740392343750005 0.30154056041666666 0.021445773437499926 0.041591801388888905
0 0.47668103671875 0.30673953611111116 0.01754654062500005 0.04505778333333338
0 0.456697475390625 0.31280500625 0.03606788984374998 0.05025675972222221
0 0.3476855161951018 0.3921272451116131 0.14557940739020364 0.17582292922121817
2 0.26103914441875287 0.360166578225407 0.0335621830374942 0.08377500466029719
2 0.1305734707619592 0.3743262131944445 0.019752240719197484 0.07625163472222224
2 0.08730296445312499 0.37261121048994233 0.020115892968750007 0.10590337624233748
9 0.597240859765625 0.21456952847222222 0.006034767968750021 0.02503311250000001
9 0.8690508313885524 0.17721233091883826 0.01359030128539529 0.028994209059898746
9 0.887282779170147 0.1772811164740713 0.010804058340294076 0.028086758718524063
9 0.2301111780448671 0.23618567903228743 0.014413797281576546 0.029420754945110955
9 0.2615109313023264 0.25814339641788864 0.01829630197011084 0.023812692164682736
9 0.604290915422337 0.006120233508167117 0.01150449290227551 0.012240467016334234
