0 0.2610096118291976 0.16411998080110396 0.015027477904104913 0.013818918797661034
0 0.27292872743635593 0.16127490928393848 0.012345578190557482 0.013006041221328035
0 0.28856240546875 0.15842983776677297 0.02109374218749993 0.017070429102993057
0 0.30596474335937496 0.16094803689919313 0.01582030703124998 0.015603806757169297
0 0.3248189895276502 0.15879122122913805 0.015560064992800327 0.016167440875057226
0 0.4157376888595228 0.16445105449832703 0.016748749187297463 0.02145731406673354
0 0.42535532265625 0.1680272735094493 0.018773450000000025 0.03741275273174052
0 0.599657538421934 0.15069861316393243 0.044221719031367956 0.07639730410564265
0 0.437906093359375 0.17531243958333334 0.021093742968749996 0.046874984722222235
0 0.3932803694897514 0.14459901075663512 0.009517125082997013 0.00926260359198236
0 0.3538803827161581 0.1650012420384997 0.022241813779427688 0.024758439307769442
0 0.4816784031639934 0.17225468831874577 0.0748883422654868 0.1129904622513973
0 0.5581929901861542 0.1659374423611111 0.06528550869019156 0.09937496527777777
4 0.592992935195948 0.13684643319624834 0.12412688132939609 0.10902615417800558
0 0.17718743867187497 0.18796868402777778 0.18562493671875 0.21749992361111112
4 0.897611988671875 0.13349396686624385 0.17756830078124997 0.20391033015640112
8 0.60454667734375 0.05718748055555556 0.014765621874999968 0.02437499166666668
4 0.4117328437992868 0.14416945130081762 0.01733090751543853 0.03041098628725364
0 0.40136524733915835 0.14684505321280208 0.004023246387512558 0.012654313423971053
8 0.3851175215434347 0.10695645655028466 0.006189609826942333 0.013204500964143703
9 0.40012732537376994 0.12703830176658654 0.0046422073702067634 0.009353188182935124
9 0.3721193409068557 0.1286888643871045 0.004951687861553866 0.010453563263280438
