0 0.08199661171875 0.3982654861111111 0.06112885468749999 0.07346941944444435
0 0.029159971484375 0.3999336929893904 0.05831994296875 0.07625545568788583
0 0.24327292914061638 0.38200836772625923 0.046181336406232704 0.050881592325259406
0 0.41303949023437503 0.36558197784825053 0.02066327578124999 0.031693533192387824
0 0.43222905836681624 0.35455290278611734 0.010478479086582226 0.014774254037786427
0 0.47158543359375005 0.3915671989228318 0.08954085625000002 0.13890683826544747
4 0.70579678828125 0.2700782916165816 0.288424875 0.43186633343350345
9 0.4594296350779965 0.26244895428877 0.005370264219007048 0.02061253864468221
9 0.4143293926625191 0.2816276027709992 0.004307950612461642 0.015928719458001728
9 0.3870632002349965 0.33174916285822964 0.003974595515600143 0.008993024196913446
0 0.33813511875 0.36382669027777775 0.012053576562500001 0.026020419444444443
2 0.5530396103559582 0.35292728441511545 0.008055759774416416 0.028303232719119775
2 0.5712473496485175 0.35095241358178214 0.006327660234535237 0.03225297438578645
5 0.8623700444619782 0.341583565936286 0.03628163666405604 0.06713137130524299
8 0.8832879857090573 0.23008764043521218 0.01161358326938533 0.03080647253709104
8 0.5201763478962339 0.31585003273150625 0.009684251134006283 0.01895108282928476
9 0.23348285262376783 0.34628982962429977 0.002890614920436435 0.005138870969664866
0 0.9501130775794115 0.34190297688230875 0.09781093645346317 0.08952552159436877
3 0.10025368056916101 0.4079493348428679 0.027902318863908884 0.046143369697420444
7 0.10057812613734599 0.3843008578729399 0.020764516363839178 0.07267580727343703
0 0.00551557465914478 0.41618173188211904 0.01103114931828956 0.06806147030369508
0 0.4316314745551909 0.3405726139162639 0.012105313917507854 0.01721644646045556
