8 0.5478368723703719 0.4406246972222222 0.0353509947407441 0.06093745833333336
8 0.5091573963004111 0.44945832497714544 0.02654668322582232 0.045792236065402
0 0.3727249592970687 0.48135465394927945 0.006455755790168272 0.012152010899140253
0 0.36548658919914767 0.5036333405977034 0.02397049871079543 0.06481072479541489
0 0.49742077804427387 0.49791034739591417 0.01362031546354775 0.019538155023773984
0 0.5237495633774271 0.509696144194391 0.0281349432342346 0.03529448661121798
0 0.5640616670965434 0.5066634384615363 0.009231778248733225 0.008596788210460615
0 0.5858987975423949 0.5144787004710459 0.019189752897289747 0.032042574238989374
0 0.6542418061077104 0.5164156076521269 0.02605769872207908 0.04060554580685727
0 0.6778175234375 0.5109371486111111 0.018457018749999943 0.023437483333333287
0 0.752304776953125 0.5261715131944444 0.030322244531249987 0.04921871527777777
0 0.7938330683593751 0.5416535099926614 0.06328120703124995 0.05106719945912197
0 0.9090008149499564 0.5296871361111111 0.053675458024912914 0.03281247777777774
0 0.7037692392277248 0.5373542858956892 0.08220678726252917 0.06904064209751037
0 0.6083083231148187 0.5238277652777777 0.05464345845786234 0.04921871666666666
0 0.9533940337978593 0.526580014607958 0.060723670720718714 0.03128573199369378
0 0.9142581376102177 0.5857207902858172 0.13883710134206462 0.08480755553947661
4 0.3055994519007379 0.4649857908718864 0.10107721026102429 0.20440263770067174
4 0.4324906057030955 0.43603931676201546 0.11624002921880888 0.2814540390795865
0 0.466880168359375 0.6632807944444445 0.22148422265625 0.3187497805555556
0 0.23221236093750003 0.5683589840277778 0.10019524375000002 0.14296865138888892
4 0.11412864257812501 0.5542964944444445 0.22825728515625002 0.5742183555555556
0 0.9776013503257299 0.5633240880304808 0.04308163182742153 0.07346346288939032
0 0.7899325028825681 0.5153383840621493 0.04879654217187557 0.01875662882282303
1 0.6150562517085935 0.4961128347486983 0.033849853578688416 0.028134943234234544
8 0.5097260418764842 0.47798142927166476 0.014507080105152337 0.01094136681331348
