0 0.275462409375 0.5924781151188847 0.013177868749999933 0.01706680587334175
0 0.3555475500355012 0.5885089745695712 0.027614362428997563 0.0400250701660565
0 0.37438099678860404 0.6067660241190004 0.01630320954779202 0.05406895443484827
0 0.38758811651798153 0.60746821833244 0.026128110714036923 0.07092161555739829
0 0.403534832421875 0.6183111174303632 0.04529892734374996 0.08839424847260702
0 0.4369582863853424 0.611498542190779 0.06246093972931527 0.12251830450733081
0 0.13132946171874998 0.6478661659722222 0.05435871249999999 0.09370929583333332
0 0.10415010625 0.662508242361111 0.051064245312500006 0.09370929305555553
0 0.058027562500000004 0.684471357638889 0.077419984375 0.09663771250000008
0 0.21039667890625002 0.6163857013888889 0.03623914218750002 0.048318855555555595
0 0.017258527734375 0.6954529180555555 0.03047382265625 0.13031448611111118
0 0.4852084943110706 0.629278406307813 0.1246373323721412 0.17773947071770724
0 0.905529301953125 0.8653010145833333 0.18778464140624995 0.2533079375
8 0.5740560511718751 0.43227982291666667 0.04065738359374993 0.06062176250000001
8 0.47448002324604693 0.46135770015639943 0.022095705070406146 0.07241419690942336
8 0.3629897954835715 0.5460262246564762 0.01090011372035693 0.018257049549429305
9 0.214434913671875 0.4847418253394914 0.01180375703125 0.03030915765435055
9 0.320978772265625 0.49132266206314984 0.01123613046875005 0.019451023095922504
0 0.15410460195312498 0.6170583243939847 0.04328044140625001 0.06178497656574733
9 0.22558290625 0.48357516041666665 0.010492228125000003 0.032642487499999984
9 0.32770764013591447 0.48632987611516065 0.005946339646828891 0.024162280008099002
8 0.47660553416399465 0.5104209201220826 0.019591155904685797 0.02642178880631957
8 0.5747118152343751 0.4805360477654479 0.03934585546874991 0.040553898308673564
0 0.2366745596351042 0.605712732798841 0.018959243762868838 0.028087768537583435
0 0.25069650033472596 0.599041887771165 0.012244511596852803 0.02317240904350637
0 0.2582012009908615 0.5948287224905273 0.007504700656135621 0.018959243762868838
0 0.3682043132400068 0.6022017617316431 0.014219432822151601 0.043536041233254386
