0 0.5559456979662021 0.5719068443764799 0.09349093514938445 0.10285891684296222
0 0.31222160067253724 0.4983127149563754 0.017979342830642064 0.02515143040789275
0 0.0783996222443006 0.48951045068743837 0.0770944039488988 0.09511407721241527
0 0.12392624058468289 0.4946067658808214 0.02019599679436576 0.05944501277795444
0 0.14101888493692483 0.4956161786886695 0.026272572611685224 0.05661118428932771
0 0.15722599141815924 0.4937616107437329 0.019107325535771075 0.04779052426524366
0 0.16524424409834887 0.49369689323626087 0.013989291910118107 0.04549363222802638
0 0.17633331695393029 0.4915738570656196 0.014330494151828327 0.03639490578242105
0 0.19188510652225743 0.4912705661840995 0.01540827601798514 0.03214883344113861
0 0.19458763688542588 0.4876310756058574 0.01808371881064047 0.03457516049330006
0 0.21608337811316836 0.4870244938428171 0.019448527777481267 0.029722506388977277
0 0.23048614601532325 0.4852648870815329 0.01657436234314652 0.02741645639248974
0 0.41396700009240694 0.5211061987635283 0.03684291563656167 0.04873089641529216
0 0.4421739399016995 0.5311143913023542 0.040674578862764044 0.06287857601973196
0 0.4673744941971077 0.5384502251713228 0.052759055191556326 0.06916643362170516
0 0.5107470953116812 0.5502564611111112 0.07312807500163765 0.07761803888888885
0 0.6579327106159678 0.5427785803763608 0.039010709945001665 0.10129783799783909
0 0.6244216366896798 0.5394795448866185 0.05368858932285103 0.07054732510055772
0 0.5914498399859724 0.517692870958505 0.021592150053755255 0.022824134591356904
0 0.5042122861972489 0.5080589134284524 0.029189836456997797 0.015719644004932976
0 0.94188459964219 0.5599587152777779 0.11438003812259567 0.06375767777777785
0 0.893156369115472 0.5542755538965746 0.07994931236120195 0.0640357088735175
0 0.86235688500001 0.5445631037195511 0.09369540750001981 0.07158478576380134
0 0.963252002734375 0.5696609701388888 0.07250703046874996 0.07761804027777763
7 0.25962194843749997 0.5059094990226818 0.032745109375000025 0.08037770473241401
5 0.25474414657501976 0.5228587139243255 0.06433417968190502 0.08912470412780832
5 0.018964179831606337 0.4955659658897649 0.028326243292779083 0.07888818488713689
8 0.6297272571044675 0.41165281875 0.022282673291064814 0.08316218472222225
8 0.802645032421875 0.3943273645833333 0.022609719531249906 0.06237164027777781
0 0.2038000974116012 0.4858113303167363 0.00580043810907338 0.030935669915057973
8 0.2772945256439292 0.494539993998852 0.007073839802219817 0.014671667737937377
8 0.3213586437504045 0.400850922125791 0.007368583127312367 0.011527738936950804
8 0.25418664625822196 0.3914715377343507 0.007073839802219817 0.013099703337444146
0 0.3750903573116775 0.5157615293963603 0.05600123176757371 0.053970777750269816
0 0.33308943348599723 0.4968979565904407 0.020337289431382022 0.02462744227439495
