0 0.86717173046875 0.4547823262720038 0.2619772859375 0.3663396552056418
9 0.42677203130236346 0.32365271294526593 0.007751123332773058 0.018240945334976333
9 0.26736038125 0.3149173919404586 0.009330698437500007 0.016718909843799645
9 0.1262663061253023 0.345876967772917 0.008498974750604585 0.013870117231943813
9 0.3028888078125 0.34962204583333334 0.0057419671874999745 0.011483936111111093
9 0.3491834234375 0.3521740319444444 0.0064597140625000105 0.011483936111111148
8 0.212426289034857 0.31050293091415837 0.026708458475469987 0.01618524238387231
0 0.43226566499869445 0.3929146638888889 0.037687929997389014 0.07273159444444444
0 0.3062085279078304 0.4117511295125438 0.04478251050316068 0.050370577086023605
0 0.26687166092206027 0.4403880507687796 0.04147882346837953 0.0888242715124456
0 0.05573109000361161 0.4484203548611111 0.09862360429958494 0.14546318750000004
0 0.17370274758825524 0.4516103361111111 0.1513254298234895 0.1824669805555555
0 0.3821484703125 0.42162450416666664 0.11196837343749999 0.21181481666666668
