2 0.98079402578125 0.3507415326388889 0.03430440156249981 0.4187316347222222
2 0.57771730859375 0.2659714085622429 0.024948657812499997 0.10504359768004129
2 0.7643115081356753 0.26512715106087525 0.01663434154114951 0.07286227989952837
2 0.787052121875 0.25572372083333333 0.02105042812500002 0.10672480833333331
2 0.8954228453125 0.2522586291666667 0.04132121249999998 0.1580081527777778
2 0.9324560046875 0.2720097829350666 0.029626526562499977 0.11562459681745882
2 0.47246516718750003 0.23424015555555555 0.014033620312499995 0.04435316388888885
2 0.47935585490377836 0.23452229177236894 0.007210150595193032 0.049333044233039997
2 0.438550587109375 0.22662605271011751 0.005457516406250029 0.020808741531346153
2 0.432313423046875 0.22546796379404474 0.0038982257812499865 0.02440963710590799
10 0.12682179563896753 0.3229464888888889 0.25316417252793505 0.6458929777777778
4 0.2233811392921595 0.19751019097222222 0.254969489521819 0.39502038194444444
0 0.354348875 0.2501795763888889 0.02105042812500002 0.0817761527777778
0 0.394890440625 0.2460214666666667 0.039761920312499976 0.062371638888888886
4 0.39662599225471257 0.21137055486111112 0.04947018763442512 0.0984085875
3 0.5208031875000001 0.2931467020833333 0.06860880468750008 0.08732029305555553
8 0.5016566573827892 0.020418827268430584 0.02392459061132224 0.03903677493963084
8 0.504114663267514 0.06147005972599985 0.012453896482606086 0.026751813881333623
8 0.5325351936736845 0.012504687377591514 0.017226849847369108 0.022237302532960808
8 0.5326298969796716 0.03465090902777778 0.013769563853156974 0.022176579166666672
8 0.5155853573962301 0.01332624651667352 0.00983202353889956 0.026016890299986294
8 0.428805019140625 0.15177098819444446 0.010915036718749938 0.03187883749999998
9 0.37578912578125 0.1483058972222222 0.004677871875000017 0.013860363888888866
9 0.3816364671875 0.14345477013888888 0.005457518750000001 0.01801847361111114
0 0.36571024847484435 0.23542038392582565 0.012587356324688714 0.02900081684300898
0 0.7104978028294645 0.23239328344466328 0.08389993419860953 0.04253260553123955
0 0.9583590541508971 0.22875218146640575 0.0370734870107059 0.03614929071058928
2 0.8255489463675214 0.2253232236126336 0.012665582264957176 0.028922155552510598
0 0.739849125702693 0.23064536814885894 0.01864260609288615 0.01806179138997846
0 0.610852240234375 0.22419776612583525 0.030406172656249897 0.039489287192773864
0 0.645626563376936 0.22095238423591212 0.040381373246128116 0.02621872943706549
0 0.7121066684976645 0.20413531949582603 0.046597854594024324 0.01514859923030451
0 0.5147108851397617 0.22406014500680044 0.013743893782976468 0.029537290013600864
0 0.545362019140625 0.22037979305555555 0.03976191796874995 0.038809016666666696
0 0.8483844917337782 0.21574042841065166 0.032117943560405204 0.03422737928980782
0 0.8719159766670841 0.217169783689519 0.018877835721766267 0.03516107571237129
2 0.8062706575754919 0.22386662822724107 0.019991781195762504 0.03183534910107344
9 0.3573640912116312 0.1744443074866785 0.002509686072952655 0.0066924961945405426
0 0.92261626945247 0.22381260876027625 0.018680844723909185 0.02505345257319591
