8 0.547122592578125 0.20359668540324052 0.0883260898437499 0.1152159513620366
8 0.6840089140625 0.22629459412031716 0.031736214062499934 0.07477340833333337
8 0.743377281804187 0.22381229224070343 0.05370943795412575 0.08748111059583732
8 0.9046456590641905 0.23048867607036877 0.07751368317175433 0.08063136325184864
8 0.973362889453125 0.23494487074895593 0.05161914296874992 0.08311485016875472
8 0.49020873085761546 0.24143656165355987 0.008273932473389478 0.020956139973786425
8 0.26684976328125 0.2872418073343958 0.01529456093749998 0.03698018533120839
0 0.3727633240642133 0.3209211644094935 0.008336737472492306 0.019761155490352345
0 0.35553406662106235 0.31952572051851913 0.023898647421144836 0.02650427437037156
0 0.31751657755430973 0.3126888027777778 0.049016083953880574 0.03534743055555556
0 0.268801909765625 0.3157477152777778 0.028677302343750044 0.02651057222222225
0 0.23419796484375 0.3133267657544554 0.0397658578125 0.025914404602200236
0 0.19765281332344525 0.3151487308884541 0.027089071959390504 0.023629988223091813
0 0.1694373636836251 0.309374534656385 0.025718591429750193 0.03381886679834112
0 0.11126793085937499 0.30914547482920224 0.09444391328124999 0.04787215311937332
0 0.04167767890625 0.3092900125 0.06691370468749999 0.05302114722222229
0 0.45635146406249993 0.34055889166666664 0.030589121875000014 0.04894259444444443
0 0.6007830926650314 0.2790483183146246 0.00973751814256274 0.01293050607369367
0 0.747139305078125 0.3493957486111111 0.02867730078124997 0.028549847222222258
0 0.7234900849099786 0.32820239638167903 0.024386327289990017 0.03830816001441972
0 0.7062890147679319 0.3089708954755893 0.020467096118384487 0.037934286895540126
0 0.6282962985055892 0.22618767204368528 0.012193163644995009 0.009860275357073817
0 0.7093373056791807 0.2814576834161324 0.012628633775173426 0.006873105721153683
0 0.650477678043756 0.22466010763888888 0.018582895474987926 0.018353473611111087
0 0.5686368906711492 0.27517747271303883 0.008709402603567895 0.005188814870522196
0 0.5505075343985237 0.2826076082917692 0.010130504734547352 0.011219794527572713
0 0.4389108721393662 0.2732628236111111 0.013468796346267464 0.008157099999999973
0 0.010132646875 0.31812686875 0.019118201562500003 0.033987912499999995
0 0.49841150703125 0.380736374257938 0.09712046250000006 0.13470542693518317
0 0.5649523977057556 0.3025452919984486 0.015275460838488963 0.026321750090782914
0 0.5771933569376311 0.3490558701388889 0.04585396112473783 0.06593655138888888
0 0.4035852296875 0.3463368368055556 0.06576661249999993 0.09448639861111113
0 0.40836477851562497 0.2804002854166667 0.016441652343749946 0.0169939569444445
0 0.9692928039062501 0.37030586493416673 0.06003115156249994 0.08597432290944435
0 0.10254187091165637 0.2993815056788377 0.0705843772671022 0.04149842652973984
0 0.5555727867657974 0.2785460492686171 0.007838462343211172 0.01083836768444002
2 0.7468605227317981 0.3260590655908133 0.005557824981661574 0.011856693294211407
