9 0.3328080981407784 0.2749279078918715 0.009791868156556693 0.013857992549590303
9 0.43504114783652015 0.2843153452153218 0.008842299752774896 0.017397634875088053
9 0.40760055146629104 0.325291834874498 0.00442114987638742 0.006287857601973201
9 0.35882053116348334 0.32109992980651586 0.005305379851664849 0.008383810135964231
9 0.2834841354708716 0.33315165687696446 0.005305379851664904 0.01152773893695086
8 0.29055797527309146 0.3229338882737581 0.010021273053144764 0.007859822002466488
8 0.47270934118539987 0.28897945562401794 0.011200246353514742 0.014147679604439689
8 0.47433042947340853 0.3191087733001395 0.010316016378237258 0.020959525339910634
0 0.4303842068979998 0.3673342701765201 0.01650562620517959 0.028258182019706923
0 0.4546418753012945 0.38176844082175565 0.027528441067273757 0.040260915142061704
0 0.38155307864426813 0.38755829635665207 0.0849607005239637 0.12278947604663748
0 0.33159375254739387 0.3647663009841956 0.016372716032287793 0.028646071403609696
0 0.31317702154378013 0.3684611421287183 0.020460745974939742 0.026351675924103313
0 0.2785513319399695 0.3774970595580195 0.027294892004938953 0.03757774022034982
4 0.24033241249999998 0.3538589284722222 0.04446266562500001 0.09853849027777772
0 0.065172908203125 0.38580370625 0.13034581640625 0.13865517083333334
9 0.5104629125036553 0.3406446824087353 0.004032888875582175 0.009858172806978427
