0 0.08217641984135837 0.39343499807952154 0.014127729067283268 0.022951228840956905
0 0.05922393770426157 0.39833067788737536 0.03135384937284436 0.04200128311413809
0 0.027112600766687287 0.3960708658249813 0.03548164528337457 0.091030414983296
0 0.01512406372294039 0.4176673861111111 0.028975810258380783 0.10316348333333336
0 0.24569422895419124 0.4121209645833333 0.09451745165838252 0.1320048958333333
0 0.3591969737869528 0.46349567956540616 0.12933935069890573 0.17789960475807648
0 0.5537975694338699 0.4820059013888889 0.3787321923822601 0.3716103972222222
9 0.14697116893520792 0.3448149332769862 0.008273932473389478 0.010838367684440076
0 0.876514390625 0.6733827521256247 0.24697121874999994 0.506176937415417
0 0.171357496225198 0.3977680963815256 0.050950005230872064 0.057288514903468646
