9 0.5771631228904417 0.4272094423878944 0.007889317655883299 0.012581804193485535
9 0.19608006545902806 0.44966509167531066 0.010004084966990873 0.016796982166799423
9 0.18411684707999437 0.5720558033803069 0.00641928785381915 0.010374606632435057
9 0.3233595625 0.5998791097222222 0.0048991937500000304 0.019596777777777796
0 0.34074746715134285 0.6141767126401503 0.007586431099968094 0.01659937061189587
0 0.31886353128605033 0.6273740386671012 0.039682870369063816 0.04299402266579766
0 0.3056029942754933 0.6146660336186609 0.015928405738486584 0.02634820732046972
0 0.2851769562412857 0.6172890946298808 0.016719476545071443 0.026973977244330927
0 0.259057639453125 0.6253980255800689 0.03306956015625001 0.04236185161764017
0 0.143926575 0.6434275006944444 0.1579990125 0.07620968750000001
0 0.6931305653925428 0.5899787391411513 0.038957240160085504 0.03463475328230248
0 0.6543639842774642 0.6904990486955455 0.07165594667992858 0.24438504461331312
0 0.5034049476562499 0.7468549361111111 0.40663311718749984 0.46596780277777783
0 0.84550085703125 0.6303629854166667 0.3069538640625 0.5029839375
9 0.8109090379442601 0.06973094325004313 0.012088675673980087 0.10026833372230848
9 0.8742725604183869 0.365113414851376 0.0215536786492736 0.049049660948035756
8 0.8347129550781249 0.20685486597222222 0.06491432265624997 0.04790323194444446
8 0.839612148046875 0.11322582222222222 0.037968755468750004 0.07838710833333333
9 0.5688989685151076 0.44452719426313203 0.005557824981661574 0.008892519970658597
