8 0.8639165138763084 0.49782549925739206 0.0324757608240942 0.02832267610654754
8 0.6681177052753908 0.5450491970364626 0.02219443398828147 0.022482294815963866
8 0.668155363407858 0.5249329966885254 0.007899684901195414 0.013536940599273017
9 0.8933285236792614 0.5432929069444444 0.004289251429597241 0.019062911111111136
9 0.856368693359375 0.5415599145833333 0.004874039843750011 0.015596926388888877
9 0.8186443607756295 0.5596487881113508 0.00315987396047801 0.012639495841912485
0 0.005474292516521845 0.6048141131944444 0.01094858503304369 0.07971761805555566
0 0.3977216015625 0.5831517152777778 0.16571733437499997 0.12997437777777776
0 0.5731870140624999 0.5703069444362551 0.060438085937499886 0.05928346647105687
0 0.73597992421875 0.5918166743055555 0.11502732656249992 0.14037232916666664
0 0.6433731781250001 0.5741606784626009 0.03899231406250003 0.04051096807479837
0 0.672877869136546 0.5788806777189595 0.022874475789408044 0.02413900011763659
0 0.7910565664062501 0.581418725 0.016571732812500017 0.019062911111111136
0 0.801253246005576 0.584872398954803 0.007876068926347957 0.011345869095778949
0 0.8206192820009283 0.5786552786472551 0.02527899168382519 0.026777873656775197
0 0.859780519921875 0.5744867569444445 0.013647310156249981 0.012130941666666728
0 0.850032441015625 0.573271117759808 0.007798461718749983 0.009880577745176145
8 0.12608450390625 0.5577372048070994 0.05668941406250001 0.10889973483024562
8 0.046233181640624996 0.5540430413201911 0.09246636328124999 0.12097555902628448
0 0.8374061124159684 0.5614042736449497 0.024094038948645813 0.02878996275102308
0 0.8077822940364859 0.5775547405540602 0.00750470065613551 0.006319747920956353
