8 0.787998047173659 0.5091465305557845 0.01970442945876394 0.017833503833386333
8 0.7833550644699276 0.4782563542729546 0.018242524252355174 0.0439468487322735
8 0.7885043020156749 0.40636680581641904 0.007819494406150262 0.014811705033828615
8 0.7831130830167728 0.43012805231548273 0.02139889646645443 0.012821282408743362
8 0.794088507188186 0.4177498234096796 0.016838330628398235 0.010827484470270266
8 0.9104885573576205 0.49710891935564405 0.015189083465240838 0.01082748447027021
8 0.8960499643318047 0.49137672169491275 0.008240034137301344 0.008279841065500837
8 0.6743086221136987 0.44745257838817676 0.01488328037417197 0.02758083455413135
8 0.40327302132828446 0.4494643969794365 0.018851886406568985 0.03414085820598606
8 0.40503492343749997 0.4112864722222222 0.01678176718750002 0.029834252777777848
8 0.5779564990698501 0.39984131906341863 0.020558764360299575 0.042779809095384924
8 0.526484043521207 0.37691507329171603 0.018244021103823838 0.03414085820598606
8 0.472018387384523 0.3714842639152389 0.0187768354533987 0.03476021949714453
9 0.6354200508134427 0.4091781869011137 0.005281164003738348 0.027312686564788802
9 0.139323607421875 0.34078530069444446 0.008390883593749981 0.03232044027777775
9 0.1312741264684935 0.3382605025704012 0.007708083000512955 0.03224321902969124
9 0.03206925501188469 0.3610727973551954 0.007533580601230598 0.03311643637705736
9 0.019072876404281423 0.36115379552151206 0.00835368469143716 0.03825080770969064
9 0.5084800753266441 0.41762804735353964 0.005281164003738348 0.023386489173470915
0 0.05139131750204181 0.5570454702046365 0.06107373964010766 0.12314054821745285
0 0.39868114768651786 0.5433517570458982 0.03763775006053577 0.08193805969436663
0 0.7278621013945401 0.59799559429712 0.05829250435158029 0.09235207342289353
0 0.6644530750000001 0.5824782694444444 0.07411947187500001 0.15627465833333332
0 0.03614193511574768 0.6371530311417967 0.06773884991899536 0.201261971280138
0 0.5127491449552845 0.6449881208333333 0.25458590084806887 0.4077347888888889
0 0.23393581725676638 0.5369784973730638 0.3338073279864672 0.44474851636498347
9 0.7158081828838239 0.5198466445180023 0.0057321976607314085 0.016559682131001674
9 0.704522918739259 0.5188912782412137 0.007523509429709807 0.014648949577424464
8 0.7082846734541139 0.48258735972324873 0.022212265935333875 0.009553662767885551
2 0.8326241259491474 0.5876446030896239 0.019591155904685853 0.06605447201579884
2 0.7647306373829086 0.5612228142833042 0.010808913602585402 0.04443664481062837
