8 0.23516340957816745 0.45309837565085603 0.023645315350516727 0.02420261234531007
8 0.5822987455999615 0.43630675580485495 0.0357918887707912 0.03664044116806775
8 0.5840881057246523 0.47718480347222225 0.034329497925695285 0.0381747847222223
8 0.5840631344830286 0.5170163620545595 0.027221999910179262 0.04032888875582108
8 0.7945295226774698 0.4074114016565391 0.03579188877079109 0.06596014352392071
8 0.39327601957039915 0.5418561480390582 0.013263449629162205 0.02462744227439495
8 0.3762988067435272 0.553645881042758 0.013852936279347194 0.020959525339910634
8 0.28569470591163904 0.5520739166422648 0.010316016378237258 0.016767620271928463
8 0.31642492536097605 0.544738082773296 0.004267322596952061 0.010479762669955317
8 0.3017287432464133 0.5622916852454711 0.004185354316828205 0.012051727070448659
0 0.32015020331340727 0.5759153767164131 0.005305379851664904 0.015195655871435232
0 0.3250279234375 0.5804302458333334 0.009760596875000027 0.02255782500000003
0 0.36053003885107887 0.5803692758511441 0.01886357280591955 0.03353524054385704
0 0.36421433041473505 0.5832512105853819 0.013263449629162205 0.02986732360937272
0 0.2817148212432502 0.5744983105254898 0.007075539361500349 0.010693954384312976
0 0.24556819900953283 0.5804805458893298 0.012867082394065699 0.029297899154848928
0 0.16304519666576156 0.5717728699478986 0.018987904751172485 0.029461271215314278
0 0.1866905120162783 0.5853847672183018 0.05696371425351751 0.059232709160890185
0 0.06480729568381804 0.6032747752521381 0.04607617894486389 0.07751138005127922
0 0.10603533298039214 0.6128325593525441 0.11056044408578426 0.10004103407268972
0 0.3377372442826286 0.5866316630345807 0.023384348934742838 0.031490228846939194
0 0.3876464247595882 0.6047316457232701 0.05894866501849866 0.07806807522012671
1 0.020005016793666192 0.5761833510634952 0.03964749296233238 0.1798095746516239
0 0.841851602734375 0.75556184375 0.31331520546875014 0.48387494583333335
0 0.26270472655442456 0.576177370783162 0.02269523603212198 0.02305547787390161
0 0.31012893026026245 0.5814172521181397 0.010610759703329753 0.016767620271928463
