0 0.04759533131278243 0.4670942763888889 0.09363137200056487 0.2189937555555555
0 0.08964252650124699 0.46501522222222225 0.04986390300249398 0.11226895000000003
2 0.3477218890625 0.43868052847222216 0.017152201562500025 0.0900923680555556
0 0.37111125234375 0.4012575465277778 0.00779645468750001 0.015246404166666727
0 0.4021124990285321 0.421784655498496 0.03705383555706404 0.04480667838138319
0 0.40463600859375004 0.3929413263888889 0.02962652812500005 0.026334691666666576
0 0.3805203765589493 0.40762038370459475 0.011021793742898689 0.01915316036858844
9 0.41672051328125004 0.35343929097222226 0.005457518750000057 0.022176584722222226
8 0.47245249229473985 0.3153232875 0.010889687714479734 0.026334694444444473
2 0.546921310546875 0.4476897652777778 0.013253974218750075 0.07484596666666671
2 0.509498327734375 0.42759223888888886 0.0054575179687499364 0.037422983333333326
0 0.42893459437593806 0.4959252337483696 0.112528099689376 0.16410391583659406
1 0.206995878515625 0.38323907222222225 0.20972463671875 0.3312627055555556
1 0.32486521293567505 0.41333918638633715 0.03323902100364978 0.14077505222732573
2 0.484479499609375 0.42198348472222225 0.009748078906250013 0.03985880833333333
8 0.4724406579267806 0.35327391306730954 0.0161943540474504 0.020363632189748015
0 0.3589466394834432 0.40941266221408423 0.015799369802390772 0.022737717387567524
