9 0.6853624842398207 0.3204805741691513 0.011431090917182862 0.026899073338302715
9 0.6279292131734994 0.30779238332948833 0.008328774784498671 0.016508841658976647
9 0.5362909248387366 0.2802801908003246 0.009622384052473398 0.019509061831992025
9 0.629807382382312 0.3713224793496208 0.0045724363668732115 0.00975453091599604
9 0.6146807017052524 0.3278335290158052 0.005562204973004636 0.012193163644995009
8 0.7093677751659047 0.35140697872946225 0.029263592747988176 0.04958553215631317
0 0.5255839399210509 0.39644990717369266 0.014575582967101597 0.014775350458496539
0 0.504453384765625 0.3820309881944445 0.011865225781250044 0.018749987499999954
0 0.49990621401161756 0.40457868293702265 0.02386462021073521 0.031032901985156514
0 0.571689666796875 0.42269138045620014 0.10415031796874996 0.11086657797648863
0 0.6682158478640465 0.41454988509985385 0.05212577458235368 0.032225314644152236
8 0.6291215169272811 0.2567067410866675 0.015089040010681343 0.02601208244265607
2 0.4095161210513566 0.3839878836773038 0.008709402603567895 0.030966764812685788
