8 0.7108030098131404 0.2641404361111111 0.03949770224871918 0.08203119444444448
8 0.22428495725364456 0.2758433282808108 0.02161782720517058 0.02574953156162163
0 0.43984624003217915 0.4426111995811379 0.01712350037685839 0.02508945917105737
0 0.4224766198506333 0.4440178505455374 0.021154538986032256 0.04124755988674389
0 0.4156525750164294 0.44765734112377953 0.02388415691971385 0.041247559886743834
0 0.4071225189736744 0.4552396131617839 0.017742516568930333 0.04306730517586499
0 0.38801519343790336 0.45523961316178385 0.03412022417101973 0.06126475806707543
0 0.37794972730745247 0.4645735191162844 0.04401508918061553 0.07022726176743105
0 0.34756872656250004 0.47898058949610756 0.0566894140625 0.09297558489667374
0 0.30999551015625 0.49305596170735955 0.076464790625 0.12576230158528084
0 0.20980026757812503 0.5254683819444445 0.19511705390625003 0.19687486388888886
0 0.6755612698371392 0.45632780486111113 0.06140541467427851 0.05859370972222222
0 0.47801472103706477 0.4438703670749761 0.007663326452404806 0.021483513473408378
0 0.4610324731638856 0.44473423575177917 0.013648089668407859 0.02084338682977488
0 0.487460849686268 0.44397525504036406 0.017430908747535945 0.029201115636283526
0 0.5222098504580217 0.45927944013102184 0.042104725916043306 0.06206543084906729
0 0.97576653671875 0.5453902430555555 0.04746090468750008 0.09140618611111118
0 0.9289648121093751 0.7686219208073426 0.14106435703124998 0.30119238338531473
0 0.0627126625 0.5864058388888889 0.125425325 0.3468747611111111
2 0.659457507421875 0.4751863263888889 0.020470964843749995 0.08318360277777775
0 0.4142877660495885 0.45281328610962246 0.012965685184987585 0.04064097812370354
