0 0.3765139771064179 0.46109243819942936 0.008665453757719321 0.00887355971225251
0 0.32893142504304995 0.46639022871803204 0.01352446710140015 0.022125057436064133
0 0.492063781640625 0.4820193073033407 0.027735374218749942 0.05997044187881928
0 0.5108594508445258 0.48576029234691676 0.033114412574141605 0.0751550375283887
0 0.24904452734375 0.46127858472222216 0.030604549999999953 0.015302274999999976
0 0.2437843703125 0.46807959583333336 0.0334737265625 0.015302275000000032
0 0.21833883901057716 0.46058638809558977 0.024663920208654322 0.023487676586598227
0 0.20361589804687497 0.46209163436565315 0.029648157031249983 0.030678703490915893
0 0.193538042639252 0.4612785847222223 0.026850453783995948 0.028904297222222264
0 0.1787497 0.46467908958333337 0.0334737265625 0.02550379027777777
0 0.16105644453125 0.46722946944444443 0.03443011874999999 0.03400505555555561
0 0.14575416953125 0.46382896388888883 0.03634290312499999 0.040806066666666696
0 0.121461807421875 0.4612785847222223 0.05738353203124999 0.04250631944444444
0 0.12020601306801909 0.4629788375 0.03765688238603819 0.03230480277777775
0 0.09803019921875 0.46637934305555556 0.06981662968749998 0.045906825000000095
0 0.08464070859375 0.47318035416666665 0.029648157812500006 0.039105813888888896
0 0.0535579625 0.4680795958333333 0.061209099999999995 0.05270783611111107
0 0.03572303208461167 0.47488060763888884 0.021713668856723344 0.04930733194444448
0 0.015302275 0.4757307333333334 0.03060455 0.06120909999999996
0 0.40238169935995083 0.47948844126046825 0.03749934190509835 0.05006706615571155
0 0.43576265503360057 0.46440623743321663 0.013960294442201204 0.018610469310877564
0 0.3429972295044704 0.46430327018882034 0.012936290205066536 0.017936117167706822
0 0.276237953125 0.4724353837619454 0.031560942187499996 0.036841237790629144
0 0.6085842390625 0.47125340416666667 0.1587611031249999 0.20573058611111106
9 0.24049729171476442 0.3894227510084395 0.00835597326637219 0.016505626205179647
9 0.29090262890624996 0.3861324043179095 0.006694745312499972 0.025287069746930124
9 0.38564483135640326 0.3853301701811231 0.0040256247871934825 0.01712346519330943
9 0.44415953832621213 0.38588035772129575 0.00397507977742434 0.0160230901129641
8 0.47612392070312504 0.4277986723418694 0.014345882031250035 0.021733088649594445
8 0.47647616636694196 0.44361622371544596 0.008046492775025005 0.007152438022244467
8 0.49912919500225855 0.4260102224299209 0.0029728993795171688 0.014855063584661654
8 0.3639179986698368 0.44625711719211814 0.003528303589673709 0.007152438022244523
8 0.18110027635990344 0.4298833060394218 0.008294669146255124 0.016852661122550072
8 0.6976928272486189 0.32304367142397394 0.02042571242890967 0.043081798818718764
2 0.71330921328125 0.4655859048611111 0.023909804687500036 0.0969144097222222
0 0.5244765924637991 0.4916475892563621 0.013926622110620346 0.0737251303831356
0 0.42587611547628323 0.45968168981425267 0.015164544076008701 0.018156188825697583
0 0.35933780983665287 0.461607346204857 0.01702142702409154 0.009903375723107788
