8 0.6966692565313034 0.4390644868084378 0.012442003719382644 0.03465328443324356
8 0.6375032089843751 0.46627370833333337 0.0076511320312500075 0.02380351944444442
9 0.5400207921197964 0.4471114212393244 0.004435629142232611 0.015164544076008757
9 0.46416863984375 0.4464374409722222 0.0038255656249999714 0.015869012500000057
2 0.923373139453125 0.5534549653287674 0.015939857031249893 0.07160718600913185
2 0.7389717812500001 0.5335594393437834 0.007651132812500072 0.044035949090211135
2 0.14086279062499998 0.5103560008191836 0.0707729640625 0.2309969400282993
2 0.06562666640625 0.5010074284722221 0.056745890625 0.1907520402777777
0 0.4467019790120573 0.5113466354107378 0.004776831383942748 0.026928626400746725
0 0.436296666015625 0.5095086847222222 0.017852639843749962 0.04420653611111108
0 0.4133949477202328 0.5164997142345132 0.04325305924703454 0.06952360624680431
0 0.47869812822598035 0.5066170958958642 0.013392365826960517 0.01941061641729125
0 0.6394064567445511 0.5263663957008128 0.04556148963589779 0.06885394695718111
0 0.591667329059708 0.5161864817706537 0.054064100306915996 0.10248524545150772
0 0.5598597773382502 0.4986198452484294 0.013376568760999463 0.02517817894758556
0 0.36415742109375004 0.52821145 0.06248423906249995 0.08614606944444447
0 0.5235407227403501 0.5316492362438634 0.1033139748317996 0.15906892195671762
0 0.686904215234375 0.542696265698406 0.08033687890625008 0.08029981304763256
0 0.7850074829389205 0.5489383145833333 0.0812877576333002 0.09521407916666658
0 0.4586440574719143 0.510923830115732 0.01978973001919143 0.029722506388977166
9 0.978411801171875 0.15001586111111112 0.02230931796874991 0.08084744166666669
