0 0.405025831640625 0.5699011367316553 0.04443979296875006 0.06882149042557817
0 0.332425268561265 0.5647205756422945 0.02112465601495389 0.01542493760429986
0 0.43543989126473426 0.5667047711074387 0.01794761690446861 0.028088982785122618
0 0.3731387736168055 0.5512615173579154 0.010918471734726376 0.01941061641729125
0 0.2596321668214293 0.5627307902777778 0.03900271176785858 0.024948655555555588
0 0.3554645016612837 0.5562354767080024 0.008871258284465111 0.008492144682564984
8 0.4287372379116257 0.514828147412556 0.015457347698251467 0.00987102739711021
9 0.3844420411112541 0.5006756908002676 0.006390793160008124 0.013656343282394456
9 0.4473843834954777 0.526048383007813 0.0034120224171019786 0.006835064539929547
9 0.40951093466564575 0.5195372800440612 0.004094426900522419 0.0061871413875741466
0 0.3850808520766624 0.5601176055448825 0.009553662767885551 0.03688018229969714
