9 0.42257920156250006 0.10172660902777778 0.0029244249999999528 0.01559692638888889
9 0.46601728317313695 0.09335582203686987 0.0035744996750592395 0.01848630134980117
8 0.41196547665086614 0.1002854984826864 0.006605331073267717 0.012714705298706136
8 0.4730553662278465 0.09161989679209576 0.006395968393192841 0.015014450860252937
9 0.42675062883938253 0.10172660902777778 0.0034688154912651536 0.01559692638888889
9 0.5305567783673033 0.061867799305555554 0.007275841702893526 0.025994876388888886
9 0.47999032735745933 0.14246005999727926 0.004224408706888116 0.00808775684053803
2 0.7253024827464343 0.1957051831458399 0.021536663930368682 0.10997251906945757
2 0.772535217578125 0.18602116897870052 0.026319811718749975 0.1217983435129566
2 0.799829837890625 0.18664320486111113 0.026319813281249993 0.11611044861111111
0 0.04849881026356072 0.4249295659722222 0.09699762052712144 0.29460859305555553
0 0.492765366015625 0.28726730959135094 0.14719598515625 0.20644718584936858
1 0.33641778523550103 0.16671379930555555 0.138640870471002 0.2010270402777778
1 0.4158118104643507 0.17105605739775298 0.02729617933681583 0.07683368998511117
0 0.49469406788265546 0.1760249421215515 0.01741880520713579 0.01862228702088084
0 0.4578968418825812 0.17062687234596619 0.023950857159811656 0.02167673536888004
0 0.07026938731520353 0.3536174005666801 0.07414929213628838 0.12722255808396765
9 0.5399444355436798 0.14477084766600443 0.007798908381947411 0.010398544509263141
9 0.4611429654344198 0.09248927666109794 0.004224408706888116 0.019063998266982463
