0 0.681378978515625 0.6556702104166667 0.09510310859375004 0.13814435138888892
4 0.5804769015625 0.5670405043663547 0.0498711437499999 0.10097074126729055
0 0.4971640623135779 0.5626335454071095 0.013142394939655688 0.05617640085244768
4 0.5253164352287476 0.5653447030908252 0.043931675144995075 0.10436234381834975
4 0.487693380078125 0.567706671079939 0.017396910156249945 0.09139098561789993
1 0.5346329023532062 0.5780159502466056 0.05598901673722201 0.11200954395123319
4 0.45939241532735564 0.5739047326388889 0.06629008221721133 0.12164950416666676
0 0.8469742804510274 0.6893686694444445 0.3021030781604451 0.31958768055555564
8 0.17031493931751684 0.5760525020647151 0.022842520822533657 0.046456281907208075
2 0.4006325197641224 0.5920550510615878 0.012442003719382644 0.05013666683958651
