0 0.10225251808874697 0.3549070963734785 0.039358236722406625 0.05424778225304305
0 0.691479016796875 0.3749997423611111 0.06196284765625004 0.07968744583333331
0 0.6258368772890011 0.36861209950464313 0.05350112979699795 0.0657930138362387
0 0.6472758605212546 0.37673704600468877 0.052658042917509196 0.05336458594330162
0 0.49913052421875 0.36856059626323556 0.03427732031250008 0.041869303477485686
0 0.4068729284153393 0.36571421367020485 0.021148730268178595 0.04458375958346589
0 0.38914456759956767 0.3653957582446087 0.018629642397376744 0.022291879791732916
0 0.4356828506376199 0.35839545790349137 0.04334974480928061 0.0707085425263505
0 0.04128669986377182 0.35333078621742275 0.0656352664500988 0.0634818678660059
0 0.7809181271832972 0.3621091256944444 0.14802860124159434 0.1804686263888889
0 0.5374293700489002 0.36564341812508605 0.04263322010168924 0.05667086461091242
0 0.37212710579427155 0.3650773028190125 0.008956558844892715 0.007642930214308452
0 0.35781758650008194 0.3593451051582811 0.011064183252389559 0.01146439532146265
0 0.3151365878150291 0.355809766698724 0.03437514750505832 0.057129938824774296
4 0.45578137087221904 0.3523390857951651 0.01404388864211148 0.05604815490492843
0 0.19009694688025056 0.35807128345589645 0.042269072742067426 0.03439318596438795
8 0.6483473860374118 0.29227839544327117 0.005373935306935529 0.014648949577424464
8 0.653004796636756 0.27985863384501997 0.008240034137301233 0.007642930214308452
8 0.5460634840287373 0.3150871903372087 0.012180920029054132 0.03017479178552851
8 0.5460634840287373 0.28890276355863187 0.008598296491097002 0.017578738521060566
8 0.5048991417642704 0.341830056750491 0.007810114939426738 0.013375127875039694
0 0.36697987654978514 0.358540366989448 0.009084637636374626 0.011235107415033363
