0 0.38538595167164363 0.45637480335334524 0.024222368968287333 0.03514305948446822
0 0.4160046166883691 0.4460762447641621 0.02656367794088199 0.030966764812685788
0 0.42006607940601864 0.4799934644190649 0.04513788650046269 0.06473776282853688
0 0.465845718779891 0.48532662270810634 0.04881312349728206 0.08314577060979134
9 0.3998922218717684 0.3694335018527648 0.009144872733746257 0.015483382406342894
9 0.47479309090719907 0.3798073751527445 0.010886753254459758 0.01703172064697711
8 0.4020695725226604 0.39907201726812336 0.0074029922130327 0.009730207130419888
8 0.507211812109375 0.398387434040356 0.014350397656250014 0.017031720646977222
8 0.5075000744040827 0.37272646266955034 0.012535186308165414 0.019901616327565985
8 0.8301631674505501 0.28778326574983404 0.030239222578661185 0.06222892127810964
8 0.8362753507377263 0.3516042367525335 0.018014856004308855 0.02745120914942295
0 0.675828984375 0.5516930652777777 0.22243116406249996 0.3422835583333334
9 0.514420872753433 0.428192945172566 0.0047901714319622535 0.006967522082854338
8 0.3842152971853463 0.42439950939528204 0.0047901714319623645 0.009290029443805747
0 0.4578097491854949 0.4456891602040035 0.06053034809479674 0.0394826251361744
