0 0.061994540625 0.3099901 0.044916809375 0.04741218888888887
0 0.106209525 0.30375165416666666 0.0378985578125 0.05739369999999999
0 0.643456677734375 0.34326112901224276 0.05965513828125002 0.07742621358004109
0 0.54239385546875 0.3218431451388889 0.03579308281249993 0.0536506347222222
0 0.591170703515625 0.32903369288549983 0.06176061328125004 0.08418635034011146
0 0.702059076953125 0.3505399972222222 0.09965917109375011 0.10605357777777774
0 0.466947651953125 0.3112377895833333 0.022458405468749998 0.022458406944444453
0 0.880298133203125 0.45361703334811154 0.2394037335937499 0.2797677305851119
9 0.371850344921875 0.24573410833333334 0.0063164257812500235 0.01122920277777778
9 0.285619447265625 0.07873848819444444 0.02048675234374997 0.038848951388888886
8 0.68135523515625 0.011168546527777778 0.02316022968750009 0.0187153375
8 0.08340020742187501 0.12470826180555555 0.04140768359375001 0.02869685138888889
8 0.190779455859375 0.2282664597222222 0.016141977343750002 0.01372458055555556
8 0.46837873812694686 0.2478540691474781 0.01678893312110641 0.010729613332382842
8 0.7476777117187501 0.02801235069444444 0.08141171718750007 0.03992605416666666
8 0.826282128515625 0.16151509166666667 0.03228395703124998 0.02495378333333334
9 0.810841975 0.23887181875 0.007018251562500022 0.024953781944444475
9 0.84207319453125 0.23824797152777777 0.01193102812500002 0.031192226388888855
8 0.5751655453125 0.2632710111111111 0.015023618749999912 0.02913671388888886
0 0.504144803125 0.31790235 0.028681453124999978 0.03642089166666673
0 0.427787505076746 0.30580673667806757 0.00981363515349204 0.016907048866087127
9 0.450196357421875 0.2348280423611111 0.010926267968750014 0.014568356944444444
9 0.38340563528459276 0.27172138856051037 0.010660930993314444 0.01204463545435408
9 0.21599010195456625 0.22521516580454276 0.006880141409132512 0.016154570497974446
8 0.8290063301051314 0.03923972934314611 0.029314836425974433 0.07847945868629222
