8 0.3383316703125 0.3609715541666667 0.01950056562500002 0.03466767222222222
0 0.6337365066406251 0.37235529444444443 0.012044466406249899 0.013255286111111042
0 0.604485659375 0.37337493125 0.01319155937500005 0.015294559722222156
0 0.6157016707031251 0.3772658375 0.011470919531250012 0.014274922222222208
0 0.557199975 0.3777756576388889 0.018353473437499934 0.01937311250000001
0 0.52680203671875 0.3787952944444445 0.01950056718750004 0.021412386111111126
0 0.49439668515625 0.3833836638888889 0.029250848437500032 0.03262839722222227
0 0.4476526828125 0.38542293819444445 0.018353473437500045 0.020392748611111178
8 0.5068492418908981 0.024491961999201766 0.056045266869548915 0.04898392399840353
8 0.598978447703855 0.01895662728899532 0.04990331981535179 0.03275705095571805
