0 0.03246456634630048 0.3796371753154 0.06492913269260096 0.1530575886622304
0 0.39085627949778157 0.4165610351481795 0.11623460274556319 0.14018290192586325
0 0.13569383747913827 0.3654352015090082 0.08911819688698716 0.07979439526620746
0 0.38945303331465575 0.32417261159837574 0.08261321901202462 0.0918660351365817
0 0.19029165017437114 0.36054033469350444 0.05655121284874226 0.06769178061299108
0 0.22198236998309762 0.3495341444813219 0.05691855640592247 0.07343397245513295
0 0.2561141729313457 0.3512330851180834 0.02430224117519139 0.042601207541611175
0 0.2679400446251933 0.34901374978050126 0.01756344026239892 0.03816253686644705
0 0.27200565579704483 0.3429424370972029 0.02634516039359841 0.04105363814420826
0 0.28219625367815704 0.3414968864583223 0.016371929231314142 0.03816253686644705
0 0.2913579649750585 0.3394731155638895 0.014961449112413927 0.03874075712199926
0 0.30013968510625794 0.33860578518056117 0.01300995574992514 0.02775457226650696
0 0.30713253632184273 0.33773845479723286 0.008131222343703226 0.020237708944328026
0 0.33790444902179473 0.3412077763305462 0.016984726956410512 0.024863470988745806
0 0.30915558949686595 0.3343541746013601 0.014493080593596941 0.02469338831386464
0 0.31640212979366433 0.33369091300836723 0.00650497787496257 0.022550589966536916
0 0.32241923432800473 0.33166714211393444 0.010733213493688276 0.020815929199880234
0 0.3380311812279149 0.32357205853620324 0.013985702431169478 0.013877286133253453
