8 0.1053586598311902 0.16080757999745865 0.013836972210475251 0.01124528535200528
8 0.10700921937400623 0.19240963464753771 0.028207669064487545 0.03930787792714685
8 0.27067930707594967 0.31908043820480453 0.025200017098100658 0.03822489859039091
8 0.30082133906249997 0.2261340810273173 0.08809993906249997 0.04477345372130123
8 0.3590892032039202 0.3503609217484148 0.014627656336788086 0.021787740369510256
8 0.39210026547748256 0.3587948857624188 0.00869752538944163 0.01757075836250832
0 0.151779108984375 0.3235128051153702 0.017152200781250015 0.013353776355506275
0 0.1663842516926038 0.328568647720559 0.0182952486977076 0.01924847955888198
0 0.17984634609375 0.33264874236111114 0.018711492187500012 0.02772072916666668
0 0.13777670901001793 0.3344066753001253 0.04309228488405152 0.03514151672501653
0 0.2438562844912603 0.3206921539538677 0.012632345545020657 0.02321206068551318
0 0.48988678615491893 0.3947317045403488 0.008983064684472075 0.013216462984050992
0 0.4722304176371634 0.3974851343286927 0.00712449957733996 0.01211509106871339
0 0.4576716576312948 0.38950018794249525 0.012080673196359137 0.011564405111044507
0 0.5071095008247914 0.4092698104616844 0.012700194898736528 0.018723322560738775
0 0.47822713784384147 0.4065714526302277 0.014336231937682853 0.020375380433745205
0 0.41522777617213413 0.40518168783944064 0.03044133886304562 0.03584434705951689
0 0.4437324193278036 0.37903715474678823 0.012700194898736417 0.012665777026382108
0 0.935189566591547 0.5689679638888889 0.1296208668169061 0.3534392888888889
0 0.5274623401139975 0.40184013000067875 0.01623457133450501 0.018163476668024037
