8 0.6698823050781251 0.40605317010045294 0.02669006328125001 0.06647463742312804
9 0.5345516084323254 0.4259517088560292 0.011115649963323149 0.022725328813905155
9 0.4239508912972598 0.4303979688413584 0.011115649963323204 0.01976115549035229
8 0.5233130921875 0.4859217763888889 0.01033163749999999 0.018367352777777735
0 0.5412209984103193 0.5227813707587556 0.02111973493031405 0.05631929314750417
0 0.5553934521135564 0.5277216596313437 0.03723742737713254 0.06027152424557458
0 0.5862393807617783 0.5435305840236255 0.04668572984595731 0.08596102638303271
0 0.613194831922837 0.5655884098573247 0.06613811728177299 0.11624386920718466
0 0.7016903664062499 0.5724492368055555 0.16444522656249994 0.21122458472222222
0 0.42516253671875 0.5187603791666666 0.02410715468750002 0.045918388888888884
0 0.1509089752799072 0.5481753951950333 0.1481012146223144 0.16873956539006657
8 0.05368332081659112 0.319223247480069 0.06557597600818224 0.06389268563015005
8 0.041675659132675055 0.4125402002079641 0.04365341656502694 0.045397436214575204
0 0.061244883203125 0.61839751875 0.12248976640625 0.2540817458333333
0 0.853150053515625 0.7086955526366094 0.29369989296875 0.3560790641712256
0 0.316280799609375 0.6102432321274317 0.24451541796874998 0.34482034407846984
0 0.49370159481711273 0.505984388591956 0.012782997457821688 0.010868635519693859
0 0.4823080536047065 0.4990679841703327 0.013338779955987812 0.024701444362940472
0 0.5178781334873408 0.5203112263224615 0.036681644878966524 0.04347454207877505
0 0.44896110371473696 0.5084545330282502 0.02000816993398169 0.025689502137457965
0 0.46674614365605405 0.505984388591956 0.013338779955987756 0.018773097715834686
