0 0.5057442504396397 0.5078110013170858 0.07762258525427923 0.10753433874528256
0 0.6224148101562501 0.5181645263888889 0.06531212656249996 0.08318360277777787
0 0.936311997797424 0.5069861257044768 0.12215854517963032 0.06760491388888884
9 0.7330555 0.48350469166666665 0.01169769374999996 0.020795899999999923
9 0.700399437109375 0.3598977047944416 0.016571733593750082 0.023132734588883153
9 0.43525170312500006 0.1719332654920131 0.012672501562499938 0.021530069872915086
9 0.9480231926755314 0.10298826016965021 0.020516090038562695 0.0326773481170782
8 0.947283946086918 0.07280965478330195 0.025786752735752816 0.031011519629924905
8 0.43681381242850725 0.14733029893191046 0.00994787329451452 0.020847906197154237
8 0.7028364574218751 0.3318679159722222 0.013647310156250092 0.02599487638888892
8 0.34313236210937503 0.4263159652777778 0.025345005468750015 0.0415918027777778
9 0.529808063671875 0.4393134020833333 0.008773271093750035 0.019062906944444458
9 0.699919732624501 0.44663329901794024 0.00781386056150224 0.01011245205323641
