8 0.8072904017527265 0.35301040902777775 0.02894522461954696 0.05372274305555558
8 0.40795708359375005 0.44832495416666673 0.014622117187500006 0.02599487500000003
0 0.5290814402899928 0.5105580953833966 0.011219254017485802 0.026303998122095607
0 0.49473789349174163 0.5251487738036913 0.012626677079016768 0.03407120871849367
0 0.484479499609375 0.5289090701388889 0.013647310156249925 0.0450577875
0 0.4662848311807869 0.5260717153134594 0.03379682798657385 0.060178977849141
0 0.599994229296875 0.5072466729166667 0.01852134921875004 0.029460859722222232
0 0.6059063861760243 0.5244479434041239 0.01705480128452852 0.0540836941635503
0 0.6310912684662016 0.5260275709581985 0.049908824005097 0.07854864697249192
0 0.7074770316113927 0.5318229926082445 0.12524233365221438 0.16552888213692657
0 0.8541350773262257 0.573833690467663 0.24524476878504864 0.3052728718424518
0 0.4358193139059954 0.5375740277777777 0.05393004730513107 0.06931966944444445
0 0.3991838125 0.5427730034722222 0.04581596875000005 0.05892171805555557
0 0.5113334400075813 0.525878081075331 0.03402482310983734 0.05357783328785204
0 0.5653436155533615 0.5355105172103047 0.0732895514659474 0.11390353770808315
0 0.9461904768492898 0.6249029870084638 0.10761904630142038 0.4120384466448901
