0 0.44673880594024984 0.4153777833010226 0.012283314449044569 0.027533613064524953
0 0.45528372033958514 0.4319928946330635 0.013351428748961447 0.047471746662973935
0 0.48225360641248727 0.4272457199667661 0.052337600695928854 0.0854491439933533
0 0.49353755433805446 0.4413626866789353 0.05140698194889115 0.08520002941990718
0 0.5186571297687436 0.45232722561201016 0.07280704671251276 0.09383701822042412
0 0.35728423332220816 0.4234479802337282 0.014953600198836847 0.022786438398227526
0 0.34633606174805975 0.4343664819662122 0.02189634314829675 0.04082570213015768
0 0.3364560044738283 0.4386389391658798 0.022430400298255215 0.056966095995568844
0 0.32415399743070566 0.4367400692993609 0.023535899786328307 0.07025818506120152
0 0.3057360322998296 0.44186042135697157 0.040077658349659095 0.09948758784161243
0 0.24752550246320196 0.4439789126187105 0.11163791742640389 0.13600535809591247
0 0.906367537109375 0.5979072739376863 0.18726492578124998 0.5030664888888888
0 0.7678750869379383 0.511242455192203 0.3144447973133766 0.34789367850448294
2 0.589341164998445 0.4383407962956389 0.026150600309390204 0.08105511851983338
2 0.965983197265625 0.37570788541666666 0.04011796015625002 0.08915102361111105
0 0.40428126251855245 0.4609501094458973 0.09719840129243934 0.13956583388598304
8 0.37277189067100347 0.3693301890379378 0.011749257299086102 0.005696609599556812
9 0.437850988870343 0.36534291974715283 0.006560433990686065 0.01291302995013871
