8 0.5733487855805034 0.4899395075242853 0.008302183326285073 0.022877127387985752
8 0.36738624824746546 0.4682383958460409 0.005616227744930979 0.01666865830791814
8 0.36652775 0.5017011034722223 0.0038992312500000237 0.019062909722222243
0 0.4818286434568363 0.534723889996324 0.01504978964882736 0.01887102556290754
0 0.4929836611165642 0.5359889690576378 0.009132401658913769 0.016973352578183
0 0.5077200365207204 0.5315315392590291 0.01867991248414158 0.02872170481527525
0 0.5359889606122202 0.5323728889697428 0.009962619991542132 0.02213915553676038
0 0.5484422356016481 0.533110860820968 0.021585676648341434 0.03542264885881663
0 0.4006952652024921 0.5418532068432582 0.05273810540498419 0.06353410853570585
0 0.3226643625769484 0.5463473827279 0.09339956242070802 0.09613755954420017
1 0.878789273046875 0.46617477361111115 0.10820367109374995 0.2114249888888889
