0 0.46050466875593493 0.3116239895961838 0.016354807934339743 0.019729609571584428
0 0.43334400557926356 0.3022783850622754 0.013434306517493333 0.013499206548978848
0 0.4022680029452079 0.29710929127524666 0.01834448401541583 0.011468223005062173
0 0.3540259028555106 0.3254347194652398 0.025355392726478854 0.0477664231733097
0 0.3016818894545979 0.3456821735500698 0.07629530547169583 0.0849384528998603
0 0.5096028176830874 0.2982315388788226 0.0314739650536745 0.019943121234819672
0 0.5353852188973292 0.33498295947208734 0.043454848709580385 0.06854451616639684
0 0.5834371345753111 0.3370648019384901 0.08465325342883201 0.11007045339936578
0 0.398494155859375 0.4052130027777778 0.13555974453124997 0.19620840000000006
0 0.18252503073443482 0.4021419332277554 0.19080985728113034 0.22509043076671148
0 0.6965058480407988 0.5140924993738185 0.36326104664833647 0.4052129999999999
