0 0.02292454921875 0.4661523053825742 0.0458490984375 0.1393831493344525
1 0.21040326543425122 0.3502337700355206 0.34026153081945315 0.37551138344862894
2 0.3873980430497213 0.3731607111111111 0.0061073079744425884 0.04839626666666663
0 0.4305097315862685 0.375480080155568 0.041095807465111545 0.04723019847842219
0 0.4008037217367133 0.37698146805555555 0.03076948722342654 0.03566040833333334
4 0.4554162815651239 0.3629345586847371 0.013698602488370515 0.023615099239211124
0 0.5478839259153503 0.36020966730751136 0.0092228178256476 0.009345473718310626
0 0.559048389599029 0.36826549773989303 0.017474812722279576 0.024594180868393545
0 0.6497288721823269 0.3883207971232231 0.02490654997885544 0.05460991699067569
0 0.673861241142542 0.38905876897444847 0.04494386458991617 0.07674907252743607
0 0.7176440919935851 0.3931136389599179 0.07937559300377761 0.09636785541349746
0 0.77808000877136 0.3608802181319285 0.021308880283342435 0.015950506878759263
0 0.7576765714752935 0.41022576839140346 0.09800439535268402 0.09270966043941525
0 0.8769714397582742 0.42554517700977845 0.18146210764154824 0.1792407626471098
0 0.97206070625 0.4799098630993458 0.055878587499999965 0.1732077041666666
2 0.9596072890625 0.3610616423611111 0.011462275000000077 0.05858495972222222
2 0.9716519393925889 0.3770151309661316 0.012627027222677722 0.07722124930485874
2 0.9844531353002632 0.37290577475061093 0.021947524711973365 0.09093448383211139
2 0.8206311402432398 0.3504610919232881 0.007717381914779109 0.027013268218997077
2 0.8077032416441826 0.3686388234176181 0.014385665149134752 0.043430597609208144
2 0.6165937430989961 0.37124046406128225 0.005291336197992269 0.033132974655213254
2 0.6080749475143135 0.3678340208825528 0.005339526109585435 0.02114236600967162
2 0.5986094239564121 0.3656766365958517 0.003883291716062165 0.022868273439032583
2 0.626837507189281 0.362749546404604 0.006458785621437979 0.03648903725365232
0 0.5355438109927465 0.3687141376888585 0.01997762488950694 0.02290259962228297
0 0.4780421160836968 0.3699621922232951 0.00829741341739354 0.010217804442298695
9 0.40165964452742753 0.25629762618267443 0.0049813099957711215 0.019925239983084347
9 0.575972295185733 0.26187652009561 0.005745129941034044 0.021341790364335533
9 0.40892405493792705 0.2581425558107378 0.005396419162085275 0.020663211834309747
8 0.6103370085234348 0.26928593526846323 0.027642298296869705 0.012545521470830934
8 0.953572392679575 0.16761626249123107 0.04093548054431584 0.09343734738419321
9 0.5816094681246583 0.2622752026818225 0.005396419162085442 0.017711324429408315
2 0.7905466900546043 0.35924553567594264 0.008110562342797167 0.028631648845546975
0 0.5493401603088737 0.3684812361685632 0.007281171967616573 0.01898498172297053
8 0.5932698978468266 0.3311584880086326 0.008251994896631976 0.01682759743626927
