0 0.890598441015625 0.7757027427533023 0.21880311796874996 0.37171970621375194
0 0.7284555891766977 0.7077605961682251 0.14250799397839564 0.1558709504943001
0 0.5819692787678667 0.7134827833333333 0.16711992447679624 0.2454547194444444
9 0.5965968779775075 0.569692886407589 0.004202414357485029 0.0161184144818447
8 0.6711729012227744 0.5587789694526786 0.013901769633048788 0.0146398130298514
9 0.5483850671874999 0.49922993541666666 0.007020420312500053 0.029121740277777808
9 0.7000666374112223 0.54550255893372 0.004758128072674062 0.01903251229069647
9 0.6989717437588792 0.5914977969695699 0.004460745068131988 0.014803065114986191
4 0.7369836679019224 0.6319507398052593 0.08766820142884468 0.07486680650059274
9 0.672410017988804 0.6134380541935673 0.003568596054505546 0.00793021345445688
8 0.516162293820954 0.5116189342956411 0.0228984913497442 0.008458894351420776
9 0.4392346977087306 0.6141830283066168 0.004163362063589859 0.007401532557492985
9 0.5112149071674472 0.6075504773443108 0.0038659790590477305 0.007401532557493096
