0 0.0512654208717288 0.6418795724254621 0.07836949535073949 0.08700838131166866
0 0.424664356076918 0.6455000561040465 0.09533230034616386 0.12197000943031522
0 0.7520986538195822 0.6932088623790973 0.1568196679159235 0.11302318408354839
0 0.31623485581448263 0.6387406557445092 0.04838463928378328 0.055619281724547665
0 0.25770890129476604 0.6359612032823592 0.026739072410467885 0.03023568232417062
0 0.20713708260785207 0.6305281273434651 0.02013445532726507 0.028621081424181072
0 0.12917027494568523 0.6321874794037694 0.024161346392718094 0.027534297883439418
0 0.0923087336542307 0.6371987417852774 0.027258954904605018 0.061126141301235504
0 0.01641732511300076 0.6234315928435576 0.02601991149985026 0.05121379406319726
0 0.14443087720491865 0.6305281370656872 0.01594292315983728 0.02862110086862557
0 0.1505002578125 0.6302778118055555 0.009360562500000003 0.020801245833333315
0 0.15881596639910972 0.6283326777000878 0.009110125014280573 0.012115091068713335
0 0.1644830119811963 0.6272313057847503 0.006814738726151265 0.013216462984050992
0 0.23442701785149395 0.634335168083159 0.017346607666566843 0.0247808680950955
0 0.27593497191077887 0.634335168083159 0.01424899915467992 0.023679496179757953
0 0.626718815234375 0.6736632625 0.11232673671874993 0.08736523888888881
0 0.5077620673275653 0.6549421409722223 0.07176353253236922 0.0665639930555556
2 0.557099640625 0.6478102666666666 0.008190490624999991 0.06656399166666671
0 0.34990972162625084 0.6428635462121502 0.017726048934998295 0.027548806313189456
0 0.289153572265625 0.6322093291666666 0.015210911718749998 0.027041622222222172
0 0.179413486426464 0.6269559628059159 0.008673303833283408 0.011564405111044618
0 0.19529340824072522 0.6269559628059159 0.006359453831049577 0.017071264687732457
9 0.09901717031250001 0.5589592340277778 0.007020420312500011 0.02912174583333338
9 0.302024343359375 0.4975955548611111 0.005850350781250013 0.027041623611111176
9 0.00446088359375 0.5204769270833334 0.0089217671875 0.031201870833333367
9 0.3836794722933211 0.5897449379689634 0.0051394468210336774 0.010542455017504948
8 0.3241733319817821 0.5120821860066769 0.022944159276064136 0.009839624683004589
8 0.37792033792676183 0.5529678802947668 0.008750874291023614 0.01803051892286689
9 0.025449025390624998 0.42226532291666663 0.008190491406250004 0.03536212083333329
0 0.19118439877163435 0.6258545908905783 0.006195217023773847 0.011564405111044618
0 0.18669286642939828 0.6264052768482471 0.005265934470207789 0.010463033195706961
