9 0.40203723217649046 0.4661023729752134 0.01890866591548096 0.03826782349401764
9 0.441297566796875 0.4928778006944444 0.014327842968750004 0.025471720833333267
9 0.401179605078125 0.41136829375000006 0.020058980468749932 0.030566065277777776
9 0.4434467421875 0.4610381506944444 0.012895059375000073 0.022924548611111095
9 0.5910983838560704 0.4274884525918732 0.007313636462140671 0.016957285739301886
0 0.638616804811769 0.5799205638779859 0.0716802253606823 0.08556072557247363
0 0.4784354311606746 0.5791867504490154 0.028426632633849258 0.023314827556103368
8 0.35911401488861716 0.40790578955129025 0.03335712977723426 0.06805713756408627
8 0.40238690561301904 0.5000785856691632 0.0205099481489619 0.03477894633832623
9 0.5804625762968794 0.5063657600020866 0.005308286631077075 0.00999206895261573
9 0.5269332282638297 0.52850861459309 0.005664331805596556 0.008758352906039768
