0 0.08647115625 0.6396202354166667 0.1729423125 0.33021609305555555
0 0.4569758804849109 0.6495407150191694 0.04107229215517816 0.053000825517216854
0 0.5128400487982243 0.6309321524270884 0.019859409634555347 0.03115201511302801
4 0.6733077337768931 0.6055202192006519 0.08916436682121354 0.15561017270980726
0 0.6102242382008689 0.6338775416253661 0.028416607406523853 0.05033433897148998
2 0.744522695703125 0.6250518770833333 0.012292050781249952 0.06312954861111109
2 0.7267675105468749 0.6335500861111111 0.012292050781249952 0.06555760555555556
0 0.55399590078125 0.6299079958333333 0.01365783437500001 0.00971223611111105
9 0.3266112819074142 0.22474029217995267 0.017791843502328375 0.06734919897342795
9 0.9171925548032637 0.3760851540969766 0.0138613357059727 0.056026616806046814
9 0.35526246502183645 0.21643308814981185 0.01773130504367293 0.08396360703370959
9 0.25330456585111016 0.5129777915939759 0.014095774547779605 0.026982527632396336
8 0.9473415417968751 0.3501486467014884 0.0327788039062501 0.016614408060281638
8 0.9404923678620644 0.4041454728974037 0.030087747088371364 0.014537607052746426
9 0.9123048726952179 0.5220880501917122 0.014605237577935859 0.032022175383424334
9 0.9541112853819465 0.5181331389110921 0.016271053576392913 0.024448833288926886
8 0.21647597876951807 0.46965606875 0.03039004402346382 0.01942447638888889
0 0.5821439074054195 0.625736605963194 0.011505403044151485 0.02150297548992408
