8 0.780135577691041 0.0490521 0.056073847742918015 0.0981042
8 0.7787258556703409 0.12049755000000001 0.04689684959681817 0.04478670000000001
8 0.7756843411657058 0.1940757013888889 0.06938378389391175 0.10236960277777776
8 0.783393585737157 0.45489802510779176 0.015967800400686016 0.02859195256219421
8 0.7844162205184717 0.4208229916120737 0.016953477612532297 0.02637207628616134
8 0.7522484623693699 0.45430260434702885 0.01771345286373993 0.025517391305942383
8 0.7514537681062825 0.42268557543938456 0.01612406433756508 0.026414348100991247
8 0.5014010764224387 0.3110927857489868 0.017469768469877467 0.026155228502026506
8 0.47998160610485957 0.3247482018086117 0.01062014189721916 0.010073315769225988
8 0.3424983935539194 0.23405702623312757 0.055608269142161104 0.0671664524662551
8 0.25809559507805513 0.22773442461124446 0.07309778234361014 0.07516243304730158
0 0.38817672191258457 0.3588024851617319 0.009838074924830853 0.011778435232091766
0 0.37518947907962963 0.3637505606853737 0.021873801226795997 0.020399610615882635
0 0.3502676891572965 0.3650255363488663 0.027252604807155634 0.022949561942867902
0 0.29047127510184634 0.37520337495300443 0.018104543546307306 0.021630652871768907
0 0.25578003959564494 0.3793690125631588 0.06346988224824415 0.03378685508255558
0 0.26952638918800853 0.35731888314030213 0.03597718306351699 0.019011036497173506
0 0.17574900745764155 0.37170302993989096 0.09314974772778306 0.05848913734244032
0 0.08426792275896819 0.37560782851948005 0.09394976920361559 0.04844907521272118
0 0.0762668495589617 0.39192884811053036 0.12931560849292337 0.06069150377893928
0 0.02761119171251298 0.387993801478783 0.05522238342502596 0.06557116715037115
0 0.5190016507225428 0.37317760454527515 0.040674479570085575 0.07438756260351503
0 0.3279305449058835 0.3959044986569709 0.07120971949926702 0.0783326082416137
0 0.4492850673073296 0.4344799560959255 0.1387707768021592 0.2006161517482985
0 0.8389429523782624 0.3037679574743007 0.06154090475652474 0.05786649060695426
0 0.9098942561111596 0.3000582326607527 0.09764981222231917 0.06363307912293897
1 0.3875607273144569 0.3449446696488569 0.019363692889294792 0.023587049774614344
