0 0.3064576470520699 0.523687593618595 0.008621272524305501 0.017812118608775185
0 0.2949237824587423 0.5253445348845276 0.014446456662349727 0.02112600114064045
0 0.2817906374526715 0.5304283227566691 0.012582397738175544 0.015326706709876459
0 0.2629170408454081 0.5269073225665621 0.026562839669481725 0.030653413419752806
0 0.23529507290856166 0.5248549817575094 0.026096824938438207 0.03272459000216854
0 0.21730055148326333 0.5346083474682265 0.0333200532696131 0.03686694316700012
0 0.18048160955830866 0.5427848860525567 0.04091094411661733 0.044935314005997595
0 0.12508259079446965 0.5323316342255022 0.07363032750487927 0.0935450509934398
0 0.022135699724568136 0.5468723986056672 0.04427139944913627 0.10874270555834814
0 0.34050101155793266 0.5248893023494625 0.020519612178365343 0.0236934074767029
0 0.406311884079024 0.5165326291640377 0.00908728725534902 0.02112600114064045
0 0.4152826676516122 0.5200536293541445 0.012116383007132026 0.021540236457123663
0 0.4261175101483745 0.5208820999871109 0.01700953768308916 0.0298249427867866
0 0.4421950183693766 0.5221248059365602 0.008621272524305446 0.0298249427867866
0 0.44813670619018176 0.5223319235948019 0.016310515586523855 0.03438153126810106
0 0.4634410691219245 0.5213528173407658 0.024931788110829467 0.03935235506589885
0 0.46808704448121835 0.5286019353792208 0.012377734274936825 0.037281178483483224
0 0.49268349349490664 0.529016170695704 0.04986357622165871 0.04970823797797752
0 0.6662637564305507 0.5559894729499418 0.13292115026744178 0.1461789187437293
0 0.8019669772849854 0.5769006569642143 0.22380212277587885 0.21218125829379342
0 0.93407795859375 0.650658302328324 0.13184408281250004 0.22121125758058513
0 0.38142341560991844 0.5179824527717287 0.01366079528233688 0.020711765824157236
9 0.3862838599883095 0.488778862959667 0.005126162041478977 0.00787047101317978
9 0.3457511592883973 0.48537082684390387 0.00489315467595719 0.0074562356966966226
8 0.43907096626275 0.42515608297423657 0.03965291846299995 0.02214275365848528
0 0.5569935263789152 0.5186602877836254 0.01118435354504499 0.02154023645712355
0 0.32711057004665567 0.5197523581120052 0.0058251841380442815 0.00994164759559546
