8 0.71152067409447 0.34224764567640475 0.03523965490133307 0.07023464475830171
8 0.7353188825992665 0.37572693197064433 0.053545969135791904 0.10088813178101719
8 0.05245339453125 0.4431599069444444 0.023706570312500008 0.023111783333333358
2 0.13522940625000002 0.5048338090277777 0.008412009375000001 0.010876134722222264
0 0.1292270630583211 0.5158940395833334 0.0425706613833578 0.04078549583333341
0 0.4653465162199075 0.5289650893585628 0.021967577081350498 0.023338654616207766
0 0.4805195483424699 0.5338368319444444 0.05203234980993976 0.03262839722222233
4 0.8793268355808885 0.5556343980410194 0.043747602453591994 0.06119883184764785
4 0.9666966702627915 0.5828789996109845 0.045432690525582964 0.06596398411136417
4 0.27629403654075174 0.5185058449728606 0.36001020965465313 0.41770962949872337
4 0.602860621484375 0.5281721722222222 0.08106117421874992 0.14546826944444446
9 0.6607247947399959 0.4744815439897345 0.006673508229991909 0.01728486297946913
8 0.7257472765801423 0.5939471687149593 0.017420898472784607 0.03200139312563677
4 0.8314554837156873 0.5514907271346683 0.01326771549822059 0.026137001101599555
4 0.8059958134353182 0.5479845440600635 0.03621727744108849 0.07394858848257446
0 0.776901214058932 0.5483431250422661 0.005992854680364146 0.009989767939569849
0 0.7845675046792719 0.5507216412183542 0.00773422814145619 0.011892580880440318
0 0.929571823828125 0.5856209375 0.014619589843750003 0.02380988055555555
0 0.9083723749148307 0.5655154594330876 0.015777823835721794 0.012112268803180282
0 0.9913852435050483 0.5980273388521504 0.007530325012503614 0.013387244466673054
0 0.9958906362435959 0.6078518578760821 0.007217850950308469 0.038362354641052976
0 0.8509984700576608 0.5789027038997605 0.026535430996440956 0.028686952428584878
0 0.9004834629969698 0.5951586436092919 0.04303042864287743 0.05227400220319911
0 0.9444103589032405 0.6016273886260716 0.039803146494661545 0.03843700330341249
4 0.5541495968750001 0.5294846298611111 0.025515468749999992 0.08247424027777783
9 0.9209139191889351 0.5117139759305099 0.005351661396198026 0.010941174410005194
9 0.8168241050328813 0.4969671756387639 0.004281329116958443 0.010941174410005139
