0 0.4344639076627632 0.5585030932838779 0.01864651907858017 0.023587049774614233
8 0.4520346660252715 0.541290921826727 0.007171738107146219 0.00956231747619496
8 0.4624336862806335 0.5272661895283077 0.008606085728575463 0.017212171457151038
8 0.47354988034671014 0.5052074364649384 0.010757607160719274 0.033018521514567634
0 0.39393937199116746 0.5566764907662841 0.029699400232335027 0.0301336500473679
0 0.29660612344928516 0.5545480084583754 0.078269437971483 0.0831563191943604
0 0.10542455017504956 0.5861993645816674 0.21084910035009913 0.1899323680588874
0 0.8346827658639032 0.5639217398537217 0.031197060766086082 0.026774488933345886
0 0.7953977065850639 0.5494168470189175 0.029364539954872093 0.02963909485105387
0 0.7755458044105108 0.5460143487086009 0.01464230725852167 0.015184244249464851
0 0.7599173960969037 0.5425658974902197 0.020080866700009525 0.018487147120643588
0 0.7269274008040312 0.5534031906299073 0.0487678191285944 0.0184871471206437
