9 0.42560938015542044 0.20971365047474977 0.0060767834391590725 0.03150987405050046
9 0.4178266828646161 0.21318896536486376 0.005693166685469653 0.02901406429335654
9 0.4319416322053793 0.21351405947662264 0.006595865276741442 0.02296591061991199
8 0.770102616015625 0.11648428888888888 0.03691403671875004 0.021093736111111122
8 0.78526373828125 0.09656242569444444 0.05405269687500003 0.02343748194444445
8 0.7648291824218749 0.047343710416666664 0.026367169531250068 0.032812476388888887
2 0.539004667910252 0.4047653409722222 0.020323303008004 0.1054686763888889
0 0.2557317762711857 0.40067611453316165 0.13932392597987148 0.24489704037812116
0 0.6628626437767796 0.35748266796333217 0.04919174849105934 0.05003412796222456
0 0.7149425015278617 0.5140854254189001 0.2825505952432231 0.2758907380510886
0 0.4079503199758581 0.3544206918613272 0.01661286651421623 0.03740808849956789
1 0.29369867022573526 0.33532784175024044 0.054417977951470464 0.09315609461159186
0 0.43523397551786513 0.3546095266862871 0.045545333483757444 0.043183723599414414
0 0.130517488671875 0.5179851544823424 0.26103497734375 0.3210935291666667
2 0.18005419494478497 0.34486535347222225 0.009177564889569972 0.020795901388888927
0 0.873762383984375 0.6491048966138524 0.25247523203125 0.5164315333333334
0 0.7420667580093926 0.3515938460513307 0.05801249648121476 0.03506678289733861
0 0.33876855331228806 0.353509884061742 0.014576463687923924 0.017289059790150607
0 0.3561507104386946 0.3513584830569637 0.018218133393502922 0.012145422262335337
0 0.326475595804861 0.3516958558975841 0.011527629109722048 0.0236160988434298
0 0.6004816328125 0.36046227847222223 0.04094192968749999 0.03812581805555554
0 0.38228752534299715 0.3512357982800828 0.015561322273617118 0.012145422262335337
