8 0.6706863181463176 0.033113237499999996 0.12895058671875004 0.06622647499999999
0 0.42321616425813124 0.41372480818126545 0.024018542734372594 0.033467278765011765
0 0.3826443015311505 0.4327665357544617 0.020772793716214155 0.06231838114864252
0 0.3447314932043455 0.42174606359983224 0.06179414171630898 0.13260096446700204
0 0.3440198882150648 0.47315807909154484 0.04608963605785016 0.11078823315314223
0 0.2627642571412104 0.5018343953340537 0.17095020959492072 0.22423412677921867
0 0.18070471683487221 0.426261923180486 0.02548384929474437 0.03462132286035691
0 0.1165393971965472 0.654221741035315 0.2330787943930944 0.4460982333333333
0 0.11921412328757536 0.4444615585816059 0.14067523874575782 0.10439410882987843
0 0.39400442309470507 0.41314778613359276 0.014930445483528954 0.023080881906904605
