0 0.40234781614554926 0.5923223387459041 0.019991805208901536 0.014585597508191661
0 0.4731533411775405 0.5835639917550225 0.014390382355081 0.01823835815662167
0 0.49573784983074276 0.5968700476139237 0.03784258395654533 0.048438507464377945
0 0.5164251290603208 0.6157072449611818 0.05600702425568693 0.07176075179907837
0 0.5581059993614375 0.6383668255929974 0.09071414559787483 0.10272776270289419
0 0.542480566015625 0.5770862444444445 0.028269427343750042 0.02079589999999998
0 0.60243124921875 0.5866176993055555 0.054589240624999924 0.04332479305555559
0 0.6345999078125 0.5822852201388888 0.03314346718749994 0.03465983472222223
0 0.6880147917278048 0.5700783379229846 0.06198860689310959 0.04867565193180867
0 0.7660424533020942 0.5816208878566196 0.05427621285418838 0.043056451079447
0 0.8433850544448717 0.561886681111873 0.06811665112178145 0.02870430071963137
0 0.8090010123864022 0.5600068369762194 0.057163025036931714 0.042884800398093836
0 0.9489633001578661 0.5678847234372512 0.06533640124676787 0.054382610763391126
0 0.9816099518202992 0.5677747866065086 0.036780096359401604 0.05842069965867236
0 0.44238876745378874 0.57998700019929 0.06273569165492243 0.03699536150969107
0 0.43086506796875 0.7417204590277778 0.19496156874999998 0.298074576388889
8 0.41924566306558236 0.5529278326967485 0.015440347306335256 0.01365699016205868
9 0.4558830635962278 0.5493285495470341 0.004553247807544292 0.010764112769861778
1 0.316812549609375 0.5727537652777778 0.16181810234374996 0.26168175
0 0.138910118359375 0.67933275625 0.030219044531250003 0.03119385138888897
0 0.188137914453125 0.66633531875 0.03314346640624999 0.036392826388888855
0 0.09063150839869027 0.6992774541377201 0.04099317226511949 0.03988939438655148
0 0.05092348646879034 0.6902066227901202 0.018088720447093865 0.03705193905202775
8 0.7341461287569777 0.41612265401999493 0.022200982587839868 0.03139532891209679
8 0.583676203897277 0.5125038884971129 0.018013932830445833 0.009839624683004589
8 0.5823784077136047 0.5304260620268714 0.016209024589413867 0.021787740369510367
8 0.5857449760561528 0.4889590722913518 0.015826004137694416 0.007731133679503677
0 0.6776345367152036 0.7152195342236285 0.22301896145057332 0.2366989732194098
