9 0.49258501949126265 0.26251328035093024 0.007612837579974663 0.041868660701860516
9 0.38897984140625 0.3391005341168285 0.006994242187499999 0.031622121011434745
9 0.49902141938007966 0.2609763678320487 0.006537969369449503 0.029445076863891362
9 0.4855096160165505 0.2621386734977286 0.007409698618709548 0.03176968819525117
9 0.7352600459295238 0.3384634122107102 0.006537969369449503 0.01549740887573231
9 0.07455165839664665 0.42333163539639396 0.009618143355793321 0.015347479126121166
8 0.6260759574597161 0.3283900964414842 0.01830631423445872 0.021696372426025234
8 0.6655126029587664 0.3237408737787645 0.020503843417532863 0.01084818621301259
8 0.7402481900833788 0.2443166532906365 0.020098370791757803 0.016272279319518912
8 0.39657598210257794 0.357802695900307 0.008781720131199433 0.03931897737755152
0 0.38102907902593236 0.4385222382816335 0.012034209068680801 0.013877286133253453
0 0.3618393942947928 0.4393895686649618 0.011383711281184428 0.0132990658777013
0 0.3452517007136382 0.44199155981494687 0.009432217918695696 0.017346607666566816
0 0.3299650027074762 0.44372622058160355 0.009432217918695751 0.013877286133253453
0 0.32074466193348317 0.44516316346859786 0.02156493238303364 0.015594731396137596
0 0.2452953607167693 0.4509385271336249 0.0313687042460386 0.032465056843861306
0 0.18913223171453664 0.4558688459482003 0.03219964048106472 0.03469321533313369
0 0.15552633942774693 0.45096866750753 0.04825157270700614 0.057273192762717695
0 0.12288905018083263 0.45877464095748505 0.044343912861665266 0.04166124586280762
0 0.07594561669018798 0.4699066200741234 0.060821543130900005 0.04426571540730856
0 0.4895971657145427 0.43701887091096225 0.01593719579365832 0.01734660766656687
0 0.5155194965907834 0.45448112086405135 0.04683584069973051 0.06013490657743181
0 0.5431839733246597 0.4354196866031871 0.023381278819294415 0.04629728878889677
0 0.5798743072489392 0.44190861645622326 0.05927758894967594 0.07206295127215517
0 0.6970857912962963 0.48827043440736595 0.07421984709490737 0.09635387285193459
0 0.8116141586575121 0.49707771570317516 0.17506209194334188 0.1490356463492613
0 0.9446412757809762 0.5209154877819734 0.11071744843804754 0.21532853763521748
0 0.43490793325908705 0.43152577848321605 0.06658118660682605 0.02255058996653686
8 0.7370035044280436 0.28112299937050067 0.010024886366489238 0.04494248573962362
8 0.6759824569798477 0.30553141834977904 0.015255261862048952 0.01317279754437245
8 0.38974575533386735 0.3676324402446949 0.01073321349368822 0.020815929199880234
0 0.3389093472855498 0.4434371104538274 0.00910696902494762 0.01676838741101455
9 0.43924863100684736 0.40787656473736544 0.0035777378312293884 0.006938643066626782
