0 0.34267314858073217 0.49859857887683884 0.057502327222178906 0.06697490588759691
0 0.5110759106302987 0.5025402774861656 0.036581281473712424 0.052446281682741736
0 0.6528514006049173 0.5172565954284216 0.1005315980848347 0.13234040358760113
0 0.6035648853365937 0.5014103461141428 0.027700087860687228 0.041999024438381105
0 0.573854124209342 0.48486587415694765 0.020060702743648684 0.029894380559162825
0 0.5506958129538063 0.4882748824663258 0.02212577508490665 0.03461454591060947
0 0.5363878117322333 0.4843414113401202 0.010030351371824286 0.016258347321649935
0 0.45774667612404324 0.4839218474887923 0.02196603681441356 0.034090083093782086
0 0.4326329866968532 0.47526849533386534 0.020710373481293565 0.043005382334397324
4 0.4690236333345232 0.4703788764476031 0.00970873176845366 0.021689099882571505
0 0.48379935738954705 0.47302517295142577 0.01447931178340589 0.013345659652704012
8 0.672516732421875 0.02745762222222222 0.26170545859375005 0.05491524444444444
8 0.5116659312992294 0.4430137477762537 0.014750516723271101 0.02255190112357891
0 0.5144507918349644 0.4686631693815795 0.013239989767571014 0.009866280681285589
0 0.5281275223672015 0.4754255434540541 0.008850310033962638 0.012062644787030563
