9 0.4462614159981929 0.3500077596037967 0.006223400746385888 0.018108975236850955
9 0.136631372265625 0.18914048680555556 0.014501942968750015 0.06328120694444445
8 0.43982635430431166 0.29339696858916137 0.027740458578876637 0.014143137821677199
8 0.5952898875082845 0.2517905270252223 0.017399123420930973 0.03641855983844422
8 0.63101579765625 0.30632790625 0.025048810937499888 0.09609368472222224
0 0.46394251119465585 0.3725055775420285 0.025960012594190007 0.04049997429660479
0 0.4804026100873079 0.39057422761804095 0.048138617049615806 0.08228843365280708
0 0.5129482826336439 0.4065095365732484 0.08158936057978772 0.11604277129794777
0 0.17630724066282316 0.39975566128443785 0.08499360180284429 0.09840854857782216
7 0.341499933397582 0.3587864237610543 0.016998720360568875 0.052114108033447015
0 0.39498818719961026 0.425859075 0.1409814650242205 0.22265609722222224
0 0.5868922522075739 0.43018793679095935 0.14985826099171418 0.1596321322639182
0 0.8079333991440844 0.484709363504758 0.3024192232881686 0.358080347990484
