9 0.5374690159341696 0.4774942203399347 0.0037787803058393354 0.014155642653463862
9 0.49828033046875003 0.4712029011788955 0.0038255687500000635 0.01066728013556878
0 0.59933131834581 0.5470001177657617 0.043518566143730286 0.055370645024031995
0 0.51932095859375 0.5219776027777778 0.013389490625000056 0.017002527777777776
0 0.49070532478344187 0.5254976791144967 0.026626717620616358 0.031824739614080944
0 0.6325979145806806 0.5576260116024997 0.059001132944864865 0.06918336156182736
8 0.5873823971754049 0.4893888399369818 0.005852386010762434 0.011016256020258852
8 0.6524200151042945 0.4601177905043504 0.007972222396088857 0.015701103230923108
8 0.5722350451475491 0.48908283282530796 0.00447535400823007 0.01162827024360652
0 0.5536755758752989 0.5120411634679929 0.025189090066067732 0.0439194390895542
