0 0.7405547527046359 0.5755442422664255 0.09298445325439375 0.08486676289091499
8 0.291513430859375 0.5454380229166667 0.009597149218749934 0.01066349583333337
8 0.7533669505058935 0.4899616102631558 0.016813664613212986 0.01071593502924384
8 0.6139755296966394 0.5730166701363233 0.006490227358239342 0.019487209727353516
8 0.6676674105693463 0.5847760407625707 0.0047201653514467035 0.008391405069238633
8 0.6678149157365789 0.5947408342822916 0.004425155016981264 0.00734247943558386
9 0.6599971418732453 0.4685323316325199 0.005900206689308352 0.031093696598373133
9 0.762181781133154 0.5081449682317516 0.0049422924211919295 0.021908435758719202
8 0.5869820840930533 0.5755979414680908 0.006195217023773902 0.01625834732164999
4 0.47707814104151175 0.34283152638888886 0.2555516898208613 0.6856630527777777
