0 0.43092824034735866 0.4421205851748039 0.014088226007217208 0.016779671317058875
0 0.41835416610901666 0.44605562571171875 0.009735341037358958 0.02360082675723374
0 0.40493119589084 0.44422000585282273 0.021830764750441323 0.032516694643299926
0 0.38324793630763143 0.4397620719097897 0.02743596110528429 0.044579339430330545
0 0.37340530298359376 0.44883929139735956 0.017856180967187496 0.04007697831639184
0 0.3422058710953505 0.4371727808812652 0.05016399062820093 0.08177734657080293
0 0.3239213472430338 0.45088069002866493 0.04130144682515918 0.0712220441230293
0 0.2784897568607339 0.45339811314997003 0.06218818165636139 0.0852776572172051
0 0.20911331944504305 0.4593259392608233 0.09548533298491396 0.11706289647835338
0 0.4840529531896648 0.43394053144193834 0.01180041337861687 0.01573388450482255
0 0.4927557580563947 0.44008523090112284 0.007375258361635606 0.017534027086643145
0 0.5046446799371518 0.44547871341214157 0.017582626737740303 0.030418843375990212
0 0.5131541504312165 0.44900667588159804 0.011590761637566893 0.036425842681248266
0 0.5363392023260491 0.4480680653630057 0.047416847651018945 0.07021209318832805
0 0.5510410012164332 0.4655436965768013 0.03867512080358915 0.06457631517973089
0 0.5812393872557804 0.475168303084585 0.0598669678192546 0.08382552819529843
0 0.09558334836679687 0.4852330045308608 0.1734660766656684 0.14055603490974805
0 0.44721090432075095 0.44165950287669753 0.019067122608498188 0.027395688691049414
0 0.4766514626753391 0.4436214002847777 0.015288073086821785 0.020410663319333444
0 0.46322651040370544 0.43255932739206615 0.012865002630089162 0.011922550771423235
0 0.6535097101531171 0.487370429267054 0.1272447921812344 0.16097393313255887
0 0.8695858111447987 0.5805887079803559 0.26082837771040257 0.30058909818651497
0 0.49909848024740133 0.44285639932800447 0.011210392709686046 0.02936991774233544
0 0.4893631392100423 0.437874002568144 0.005900206689308463 0.014160496054340221
0 0.4858230151964573 0.43813623397655777 0.005900206689308463 0.009440330702893518
0 0.4235168469621616 0.4455311628948913 0.006490227358239342 0.020454049856269307
