9 0.2076218182018833 0.4076097157276874 0.0121919547821486 0.015299707961911935
8 0.22390166288436497 0.4290930634393726 0.02266269406006266 0.024607014741740707
9 0.7284131671733669 0.462517572415154 0.019394834346733836 0.027869542052530283
8 0.7594401819099519 0.2712588974978566 0.009696874757403662 0.006508911727807598
9 0.8524218497465099 0.4182199107457132 0.023455438555520014 0.030961995175240342
9 0.41563841386593803 0.4599767360483231 0.0075639792943759665 0.015479858458909146
8 0.8566545733357751 0.2912278532669468 0.02139720135905021 0.03407989346610646
0 0.3032210879908829 0.5089702809753541 0.028686952428584933 0.022949561942867958
0 0.40090500328677336 0.5146728564411802 0.014329073388320512 0.020978512673096583
1 0.44906191807131846 0.5066810420895244 0.02051024230092935 0.04095804855223656
0 0.37466890340538017 0.5126749028532662 0.03420965524826031 0.023975443054967682
0 0.4315581174951577 0.526030084731117 0.03079316780281538 0.040696038871099294
0 0.46386802295885887 0.5061653384065872 0.011474780971434007 0.017849659288897257
0 0.4930928557454797 0.4956467891827727 0.02545967028036905 0.018487147120643588
0 0.528413665923175 0.5313461077605672 0.022949561942867902 0.027411976765092216
9 0.5189111129312061 0.507759057985953 0.004661629769645015 0.00956231747619496
0 0.493989323008873 0.5383584739097769 0.051636514371452835 0.07076114932384281
0 0.6422944889115934 0.5648339978625887 0.057629976260686666 0.06513548760815602
8 0.8451226877215041 0.566721192452948 0.03420942544300798 0.07411700120521514
8 0.7452958182704028 0.29078563268127927 0.005949552126199076 0.006508911727807543
0 0.33726705970923226 0.5111764376623307 0.02697237343683867 0.02397544305496757
