0 0.9401208931251622 0.7211960793023393 0.11975821374967555 0.41609178386809553
0 0.42012186687344427 0.3943097507910455 0.011622157184388526 0.01837938769320213
0 0.4095404012207329 0.3971245663201832 0.010928362829937144 0.020035331854884653
0 0.39478813773584354 0.398186914734292 0.01994220949358355 0.03126752292992363
0 0.38421213929124864 0.40632876238107724 0.020895087042502702 0.04242545023784561
0 0.3665564845401792 0.4133077611832209 0.03459893390312707 0.052966269185034054
0 0.445741551629934 0.39803526322267796 0.010926465759868054 0.016999675513235446
0 0.459929421484375 0.4038353965277778 0.018247452343749915 0.03243991805555552
0 0.4780112037306393 0.4124042642096267 0.03261530191372136 0.047742096580746574
0 0.502285058027755 0.4271798386250974 0.05242731761801006 0.07558465608313858
0 0.3497744746526419 0.42717711808655595 0.045096997742783695 0.060201911049110324
0 0.084694541088545 0.42688644699983147 0.06425103117062034 0.08618724181271092
0 0.7914779086452497 0.5974974517299642 0.32875510224101756 0.2885074993178495
8 0.7470642624293039 0.31370079258431083 0.022195810768032453 0.05918882871475323
8 0.7207797496776864 0.30819569385922024 0.03738241813563359 0.08348424839267066
8 0.1330526948666615 0.20714619928409536 0.03029213817082302 0.04497641245707962
