2 0.029102140234375 0.3936791645833333 0.02217711328125 0.11963745416666666
2 0.05051452578125 0.4045552965277778 0.0191182015625 0.10332325694444444
2 0.2260196125 0.3739661736111112 0.01529456093749998 0.06661631111111116
2 0.239019990625 0.3766852069444444 0.016824017187499984 0.07205437777777773
2 0.255079279296875 0.36852810833333327 0.007647280468750017 0.053021144444444446
2 0.265020743359375 0.36580907638888893 0.009176736718750023 0.05302114722222223
2 0.28490367304687503 0.3753256902777778 0.016824017968749994 0.06933534444444445
2 0.2982864140625 0.3760054493055556 0.017588745312500043 0.06253775972222231
2 0.7414972636533963 0.44184742401724464 0.02105226136962768 0.07496256585439964
2 0.770803388671875 0.4147516708333333 0.017588744531250033 0.031268880555555545
2 0.8049033474707764 0.42633371817139537 0.010567072245947218 0.03579901450294154
9 0.16981210156249998 0.25092992847222223 0.017588745312500015 0.03806646250000001
9 0.40958094856012317 0.16770373940848066 0.013711896629753528 0.02506266007192756
9 0.814036033807439 0.3474131634717287 0.005949552126199076 0.02115396311537454
9 0.7160972456697801 0.15613251917847276 0.012722896772914383 0.04963044998472582
9 0.733900140452774 0.15816655506331606 0.01647568281101286 0.05207129382246051
0 0.32028201874999995 0.39421730972222224 0.02905966562500001 0.06117824444444442
0 0.486992734375 0.3595496388888889 0.019882928125000032 0.019033233333333344
0 0.49218682602022756 0.40583064871175434 0.03427594327204492 0.0732252569378351
0 0.5160524 0.37722335208333335 0.021412385937499945 0.03806646249999995
0 0.647481336328125 0.40033513333333337 0.02217711328125005 0.027190330555555475
0 0.6799422820400286 0.43446985783115477 0.0681910205233589 0.06508911727807559
0 0.5761640954135858 0.43813867516859595 0.13826696270217154 0.1768947802183638
0 0.406086512109375 0.4215592430258183 0.15294561015624997 0.28074850283725217
0 0.9150533165792847 0.5035015754064743 0.16989336684143075 0.3144462490466812
