9 0.3039797985015932 0.26854813358116547 0.01863148222782046 0.037708846081605796
9 0.5605209768692745 0.21532564149171726 0.010032336584210988 0.035217978127676575
9 0.637284617067891 0.26752897557895994 0.006130190385781997 0.014268212030877914
9 0.6839519152343749 0.2388855152777778 0.011476705468750015 0.02890429722222221
0 0.5551292411677337 0.3424444318751537 0.02046009110203273 0.0428193223608036
0 0.5712816477850556 0.3386152462327978 0.00919589974238888 0.020892739045213993
9 0.21916631790387253 0.30020780759262167 0.009521906379754974 0.01847639592586764
9 0.23120652031744915 0.26078380446076604 0.008820140634898277 0.02931429385624576
9 0.8534435623228398 0.10468620886295704 0.013713176332219579 0.054494190914963936
8 0.7752172553076473 0.1573878277083498 0.03142071217779485 0.0709858539550188
8 0.7131558120433419 0.307877768271419 0.0063060401386468845 0.01139484123493989
0 0.9117588303395081 0.3251173632273633 0.030318190883483864 0.045062395767495544
9 0.8840965447125071 0.06847625305761916 0.023393065507903876 0.06094745036542019
8 0.62182881640625 0.24053263611111111 0.015302275000000032 0.006801011111111144
8 0.044167933984375005 0.2915402194444444 0.011476703906250003 0.01700252777777772
9 0.6364800967211577 0.2881669251236225 0.004872849198045315 0.012739475027569502
