0 0.028704649609375 0.45228731875 0.055444186718749996 0.1110443347222222
2 0.101062821875 0.4298289152777778 0.007018251562499994 0.03618298611111115
2 0.7804295660156251 0.4641403659722222 0.028073005468750023 0.12476891527777778
0 0.055444187109375 0.4349444458333333 0.03930220859375 0.05739369999999999
0 0.1775617625 0.43057753541666666 0.008421903125000019 0.01871533750000004
0 0.261780780859375 0.42558677916666665 0.01403650234374998 0.013724580555555588
0 0.27300998398437504 0.42184371111111113 0.009825552343749988 0.008733824999999973
0 0.270904507421875 0.4374398256944445 0.011229202343750022 0.014972270833333357
0 0.128083090234375 0.43669120347222223 0.04281133359375 0.052402945833333325
0 0.188790965625 0.43669120416666674 0.023862056249999986 0.02744916111111112
0 0.250551578515625 0.43856273819444447 0.02105475390625 0.0237060930555556
0 0.217214883203125 0.42795737916666665 0.01614197734375003 0.01746765
1 0.3178118899370134 0.4136089548611111 0.08258556268652684 0.15596114305555553
4 0.240024200390625 0.42234277847222224 0.029476657031249992 0.04616449861111116
9 0.178263588671875 0.3549675638888889 0.007018250781250013 0.023706091666666707
9 0.229847736328125 0.36494907777777774 0.004912775781250017 0.02121071944444447
8 0.41758596484375 0.20424671875 0.026669357812500072 0.056146009722222195
8 0.42600786640625 0.24604429791666665 0.018247454687499942 0.014972270833333301
8 0.42951699062500004 0.26101656666666667 0.02245840468749999 0.014972272222222194
8 0.45372995976562497 0.2959518652777778 0.03579308359375 0.024953783333333313
8 0.42283102650032445 0.34585943124999996 0.011968281374351186 0.06737521805555552
8 0.276168196484375 0.35209787569444445 0.03719673203124996 0.03743067361111119
