9 0.5664764981423054 0.3958639788954404 0.009597149999999943 0.029912446932234493
9 0.6094124059755184 0.45280869609146307 0.005431253756815635 0.011214521027347324
9 0.5732144647575609 0.3922858406535089 0.00514285764012179 0.02106507575146227
0 0.5467492261551379 0.5902291377138108 0.20173828199777566 0.2740431329057116
0 0.25399587079522634 0.5714060603157822 0.21071266889236467 0.18020536624176203
0 0.813570898046875 0.6040354411756619 0.26032269765625005 0.27202293709312053
0 0.12216996484375 0.6417204891443495 0.2443399296875 0.3446200661641163
0 0.9223491470879586 0.670066215912088 0.15530170582408298 0.46572542904639835
8 0.30759321052415617 0.37962060138888887 0.015586709347369943 0.034123199999999965
2 0.6296974390625 0.49864133313455405 0.009228509374999971 0.03209162817533634
0 0.29365889623411157 0.519009824395959 0.15295755530057228 0.13857693044325353
