8 0.11405251796874999 0.5500333934472157 0.013647309374999986 0.03254388411665354
8 0.23191408066229108 0.5661264835957286 0.007039556255360985 0.017329916666666723
8 0.18080018465757938 0.5678106724600576 0.007509358291132251 0.02323586446279957
0 0.8958588278303112 0.6012859777736121 0.04287070996437736 0.03453553332500214
0 0.865141962890625 0.6048141118055556 0.01852134765625002 0.02079590138888876
0 0.8412591707031251 0.6082800958333333 0.017546541406250116 0.017329916666666723
0 0.7870381378681872 0.5971006266561495 0.031930261673874694 0.01889295779881217
0 0.8144519550781251 0.6030811215277778 0.03411827421874991 0.02079590138888887
0 0.8182065534201947 0.629218962579545 0.04679077656249997 0.03260340518985494
0 0.7700981980468751 0.6048141125 0.023395388281249985 0.01732991666666661
0 0.79593060625 0.6298952219308014 0.04191673750000002 0.0570941855282695
0 0.7616822602992173 0.6363322671307736 0.061152751848434495 0.07118701586668419
0 0.72671924921875 0.6030811208333333 0.034118274999999976 0.024261883333333234
0 0.6740796253906249 0.5978821444444444 0.05166481640624998 0.027727866666666712
0 0.600481633203125 0.5926831694444444 0.02729461953125001 0.027727866666666712
0 0.5284957350763967 0.5911496029364679 0.005463071124903962 0.01323428019432038
0 0.5433803668557152 0.606037590427437 0.01672174597606957 0.04750474196598509
0 0.5658759546875001 0.6093742456843738 0.04386635312499998 0.06366538640903019
0 0.5712373976562499 0.6282095000000001 0.03899231406250003 0.06412069166666667
0 0.5159003684223202 0.5879350531811013 0.019277134746561342 0.0073035410333055495
0 0.49646522437455753 0.5890586748785329 0.01959315334896411 0.020787001402485128
0 0.4912356562973683 0.6045084732182179 0.01741154540723666 0.03146140752808568
0 0.47399426061205097 0.6065471034722222 0.03166914622410205 0.04159180138888896
0 0.43781599805731586 0.5862359840484721 0.02754916955213177 0.012894376347500236
0 0.4303776640625 0.6004816333333334 0.01267250156250005 0.02599487777777776
0 0.4092940674345765 0.5833318101749656 0.01779699638084692 0.004838785205624085
0 0.42004957318836145 0.6134790715277778 0.02515978700172289 0.0554557375000001
0 0.36457813359375 0.5917872024591644 0.046790776562500025 0.03298578674833785
0 0.33323644799362073 0.583122244125831 0.02369105870025856 0.01565587008167124
0 0.30414004765625 0.5862654552004187 0.0428915453125 0.03119385138888886
0 0.2856186984375 0.6128640085779667 0.04094192812499997 0.07401577728851083
0 0.3920173872048053 0.6184684790897543 0.05751366249999995 0.06412069166666667
0 0.3306312450694724 0.6192398566820492 0.051664816406250036 0.05892171666666657
0 0.45367043218803227 0.6210204081636794 0.0514595753135646 0.05892171805555557
0 0.51518594609375 0.6182592017308292 0.03996712031250005 0.051152061794991655
0 0.23527584948877023 0.6290759965277778 0.09259345050397536 0.10744548749999994
0 0.1313424933976708 0.6492494666580356 0.1683643868818681 0.13524235260669082
8 0.0077692077641568985 0.5467588888888889 0.011639184278313798 0.032926841666666595
8 0.6214494768644241 0.4983096672143843 0.022439530291348153 0.052843330972375424
0 0.03318195325227787 0.5998722626696538 0.06636390650455574 0.057188726388888944
2 0.3591551416306077 0.6120929196758814 0.018013060336950826 0.07584446457663518
