2 0.31729995429687496 0.6446729215277778 0.055564047656250004 0.24261884305555548
9 0.307551875390625 0.4155308536163482 0.010722886718750047 0.035434159433970325
9 0.2678558179013938 0.465894894445967 0.014079987634712354 0.042151561108065894
9 0.7759470453124999 0.4783057145833333 0.011697693750000071 0.04159180138888885
8 0.765645972865928 0.39216292695077803 0.017785039941317193 0.012850340542888306
8 0.7559197791480201 0.42572255301172446 0.0261217774138095 0.01673389509565365
8 0.81152753125 0.4375804111111111 0.02631981093750002 0.03292684444444449
0 0.106312687109375 0.6587999543597021 0.21044123046875002 0.5342876476082932
0 0.9206151939363015 0.7360514757708962 0.15735169552177464 0.3985284952027903
0 0.7927210176931012 0.6923301944444444 0.22575094586379774 0.23048790000000008
4 0.5425903125710116 0.5429935674105314 0.26005419985797673 0.567286967956715
1 0.714046746875 0.6056806090277778 0.09065712968750006 0.15423626527777778
0 0.40928617865409733 0.5892914086647572 0.01586315987930531 0.04520622566284749
0 0.20391055337479308 0.614960125305433 0.044834455710313886 0.049049660948035756
9 0.2634024272980942 0.5061311900769787 0.015519619284339425 0.012262415237008883
