9 0.47945168340666733 0.3802808912340103 0.005080672249165419 0.019973634198646006
9 0.5560780849534095 0.3683528207971529 0.004913797510634033 0.021353786712878464
9 0.3419685359131558 0.2966715154424162 0.006924970361188498 0.03232081633738987
9 0.7822922084270407 0.3601389157872247 0.007189440958418669 0.007971901758884015
9 0.7822969360226922 0.3293779314415519 0.009289359204615488 0.02449388711689615
9 0.7264748859157788 0.27527190896639986 0.009136621918442223 0.03520596262275594
8 0.3488212627310033 0.36616891079242675 0.018133978587006605 0.008250326684521192
2 0.7184425334321223 0.43068734166666667 0.01676383157325556 0.07312497222222214
0 0.7491861677218556 0.42548338425150234 0.024595881743788905 0.03831861205255099
0 0.8134780850575447 0.38623447291332336 0.021722359177589468 0.015566470840019941
0 0.7353483079550474 0.4198499831092327 0.018521613777405244 0.023335431003756735
0 0.7036150232262395 0.42552536850721157 0.012194367820212104 0.024775858428367548
0 0.6950388187500001 0.40995520416666664 0.014765618749999931 0.013124991666666697
0 0.6471725207441148 0.4286171337149536 0.030311714295955805 0.02476542423675948
2 0.89755973359375 0.4363577966460173 0.020039054687500002 0.11205179884759009
0 0.3759055095634978 0.4467309243001045 0.02893680756262218 0.03348662007246844
0 0.6771677573164192 0.4490546267705091 0.05894524161716175 0.06564041034787066
0 0.8085288676258204 0.4675386471855558 0.1531519977516409 0.1535875749208589
4 0.4268212191025503 0.443809156952611 0.057607241482399485 0.10238133887255585
0 0.9410702002207938 0.5090623229166666 0.1178595995584123 0.30562489305555557
8 0.5275507605166736 0.40232475420400504 0.007916673767132454 0.01164752002520636
8 0.53120075839146 0.39113418792010696 0.00771438553291981 0.005767040826452741
8 0.7626706045269811 0.35150749145246374 0.008361852219573973 0.01920129028198475
9 0.7341009427767697 0.32208615956877734 0.00348410509148922 0.01858189382127562
9 0.6832330084410279 0.3539850772953005 0.005574568146382686 0.013007325674892933
9 0.6940337342246443 0.3542947755256551 0.00348410509148922 0.008671550449928622
