9 0.28772859760450703 0.5964904905375371 0.008336737472492417 0.014820866617764272
9 0.37637590606200944 0.6127715721960971 0.006669389977993878 0.011812950052250137
8 0.2157798942815473 0.6155200673725294 0.007504700656135621 0.008379561732343332
8 0.40416503097031736 0.6626903614302174 0.006669389977993934 0.014820866617764272
9 0.43195415587862535 0.6626903614302173 0.006669389977993934 0.012844751068728955
8 0.43000891713504374 0.6350247437437242 0.006113607479827754 0.008892519970658541
0 0.4805383912555924 0.7017668026998221 0.0449249159263152 0.04140210817742196
0 0.4528595186096218 0.7047957317051063 0.021548479328949266 0.03579590959841472
0 0.4436324500019247 0.6969947638924373 0.033333226566349405 0.04785959165956988
0 0.4191673746093749 0.7009951520833333 0.015596925781249993 0.0329268430555556
0 0.395231226184616 0.6967360777650253 0.02231386955673198 0.027581063914393744
0 0.3548992314292547 0.6849926601860115 0.01935780432899059 0.03211571203868968
0 0.039967121875 0.6939432030558228 0.07603501093750001 0.11933646444497914
0 0.110640690625 0.7048087872485918 0.06141289375 0.0911532560583721
0 0.17838983515625 0.6993511275100687 0.07213577968750001 0.06047678109097365
0 0.2577163427035344 0.6923320946657459 0.03501429738446801 0.04248648430425761
0 0.011671432461489342 0.7178190423964117 0.023342864922978684 0.0632851004578533
0 0.23520715152780497 0.6854156902441226 0.01333877995598784 0.024701444362940417
0 0.34080582617937516 0.6621963325429585 0.01667347494498478 0.013832808843246558
0 0.36859495108768314 0.6681246791900642 0.008892519970658597 0.013832808843246669
