0 0.060649308169394615 0.4347301236111111 0.11009000241121077 0.0841413138888889
0 0.5588431727592349 0.4120801611509929 0.008641904733390215 0.017070429102993
0 0.5455005219500852 0.4153794899148624 0.012782997457821743 0.019761155490352345
0 0.530494394499599 0.41982574990019167 0.0161176924468186 0.020749213264870003
9 0.5374784638350201 0.36727028475563617 0.007201587277825161 0.012802821827244792
9 0.5321972998312816 0.3915956462274012 0.005281164003738459 0.0102422574617958
9 0.5456402627498886 0.37580549930713264 0.0062413756407818655 0.009388736006646137
9 0.5674850774926251 0.37409845639683337 0.0038408465481734044 0.007681693096346864
8 0.617912776953125 0.3700071467228769 0.007362364843749969 0.019127342665357427
0 0.6531304436218108 0.41785471032770416 0.03982876327483231 0.046650873433186024
0 0.567725130401886 0.3992773393237481 0.012962857100085379 0.03755494402658477
0 0.598980981640625 0.4271806251530134 0.07046835078125002 0.1441156802495287
0 0.708364690234375 0.43659993124999996 0.07677894921875006 0.08788092916666668
2 0.7972389531249999 0.4263159923611111 0.021035328125000086 0.09349034861111105
9 0.34214328228261537 0.24802889458230754 0.021115128278012818 0.04448948838824096
0 0.8066243697809725 0.4253848084464149 0.0857850285919467 0.04902001633825526
