4 0.339667098828125 0.48899962638888894 0.10954104140624998 0.18888279722222223
0 0.124330983984375 0.6650385590277779 0.24866196796875 0.48239234861111113
0 0.891078580859375 0.61272518125 0.2157876148437501 0.47733172361111104
0 0.76877147890625 0.5629421166666667 0.14578018124999992 0.24013006666666664
0 0.6472879933593749 0.5197479881944445 0.07083104921874994 0.1186008291666667
0 0.457444309375 0.6551872041666666 0.25614484218749994 0.3806940111111112
10 0.5270399328125 0.4955885611111111 0.13342592968749994 0.33969619444444443
2 0.250791330859375 0.5146690222222223 0.014001486718749984 0.02928415833333331
2 0.707486874609375 0.5146690180555555 0.013177871093750015 0.03806940000000003
8 0.41345565898437503 0.4458512555555556 0.02470850546875003 0.011713661111111107
