8 0.45596608085937496 0.505113175 0.04958434296874997 0.029383316666666714
8 0.516569166796875 0.5059293798611111 0.042238514843749964 0.024486095833333388
0 0.047354359375 0.5764726694444444 0.08631348593750002 0.06856106666666673
0 0.1267811328125 0.5847294720018925 0.11661503125 0.11734371432954838
0 0.21762806612771865 0.5702065892430734 0.04671426663043726 0.0484450992916311
0 0.25395579140625 0.5789212770833334 0.045911429687500005 0.04733978472222222
0 0.33475990664062494 0.5699430430555555 0.011018742968749995 0.01958887499999995
0 0.37378462226562503 0.5642296222222223 0.011936972656249989 0.014691658333333302
0 0.37057082148437503 0.5764726694444444 0.011018742968749995 0.01632406388888885
0 0.299867220703125 0.5878995124999999 0.07345828671874999 0.06529625555555552
0 0.353058890625 0.5772888708333334 0.03213800156250002 0.03754534722222225
0 0.331283762109375 0.49706774097222217 0.019282800781249998 0.011426843055555524
0 0.399888548828125 0.5386941055555556 0.009182286718749988 0.014691658333333302
0 0.4076934921875 0.5419589166666667 0.01010051406250001 0.004897219444444434
0 0.43294477734375 0.5435913236111112 0.009182284375000016 0.014691658333333302
0 0.42192603515624993 0.5484885430555555 0.012855200000000011 0.014691658333333302
0 0.413202862890625 0.5525695576388889 0.010100514843750075 0.01305925138888897
0 0.407234377734375 0.5525695569444444 0.01101874296875005 0.016324061111111066
0 0.40493880703125007 0.5648126055555556 0.008264057812500003 0.014691661111111087
0 0.43432212070312504 0.5558343701388888 0.01010051484375002 0.00979444027777776
0 0.416875777734375 0.5648126055555556 0.010100516406249982 0.011426844444444417
0 0.432485665625 0.5623639965277778 0.01193697187499998 0.013059248611111185
0 0.38886980625 0.5811366687499999 0.027546857812499992 0.03428053194444447
0 0.566547037109375 0.6121523916666667 0.006427599218750024 0.06039903611111108
0 0.60419441015625 0.6023579527777778 0.05050257187500007 0.06692866388888874
0 0.88838615703125 0.6415357055555555 0.11018743124999997 0.11916566388888883
0 0.9310837863281249 0.6970375229166668 0.13497960234374995 0.23016929861111113
0 0.496761665625 0.6317412666666666 0.14232543124999997 0.22037486111111115
0 0.5977668093749999 0.6113361868055556 0.046829657812499925 0.052237004166666656
0 0.7116271535156249 0.6186820173611112 0.12028794453125002 0.1322249152777778
