9 0.856139579296875 0.25088448541666664 0.03518007890624997 0.09152540416666666
9 0.9131999492187499 0.24554550416666668 0.05491524375000001 0.09305083055555557
9 0.415959576953125 0.23944380972222223 0.01458686171875001 0.05949151666666666
9 0.40051466484375 0.23944381111111113 0.016302962500000018 0.06254236111111111
8 0.534799596875 0.32868108124999995 0.022309317187499955 0.012203387499999996
8 0.522786888671875 0.3843590361111111 0.029173722656249956 0.01677965833333328
9 0.5429510785156251 0.40495225486111114 0.011154658593749978 0.027457620833333363
9 0.530509344140625 0.4102912354166666 0.005148303906249985 0.022881351388888915
8 0.9390862874261696 0.2773244659604893 0.05634171108516073 0.037625726365422996
0 0.295403456640625 0.6474204230404959 0.35180078046874996 0.5523516011412306
0 0.90890969609375 0.4880878305555556 0.17847454218750003 0.12966099166666673
0 0.79736310625 0.5056302 0.14415251406250007 0.10067794444444439
0 0.45113965546875 0.5292742645833334 0.0609215984375 0.07169490416666663
0 0.097487706640625 0.5500352528768847 0.08639298515624999 0.09729155535734169
0 0.144386535546875 0.5262234180555556 0.060063547656249994 0.10220336944444447
0 0.7386907678809893 0.04153893220008528 0.5212005476323991 0.08307786440017056
