9 0.41468934765625 0.20651644097222221 0.01439572499999997 0.04905209861111112
9 0.43508329140625 0.31208508958333336 0.01439572499999997 0.03412320138888886
9 0.33371339375000003 0.36646894027777777 0.00839750625000002 0.023459700000000028
9 0.2857276453125 0.3749997409722222 0.00839750625000002 0.02345970138888892
9 0.16816255624999998 0.019549744444444444 0.020393943750000004 0.03909948888888889
9 0.31451909375 0.38672959027777776 0.010796793750000033 0.021326999999999985
0 0.31991749062499997 0.4347153409722222 0.02159358750000001 0.036255901388888845
0 0.298923725 0.4315162909722222 0.01799465625000002 0.025592401388888852
0 0.2839281796875 0.4304499402777778 0.01439572499999997 0.019194299999999997
0 0.27493085156249997 0.4389807402777778 0.025192518750000004 0.027725099999999947
0 0.33851196875 0.42511819027777775 0.013196081250000047 0.02985779999999999
8 0.388897006640625 0.3984594402777778 0.010796792968750024 0.027725100000000003
0 0.36910288476562503 0.43258264027777776 0.05518361328124999 0.08317529999999995
8 0.40569201953125 0.1457344902777778 0.025192518749999948 0.02132700277777777
9 0.5160592453125 0.18412309166666666 0.04678610781250009 0.05971559999999998
2 0.47407171328125 0.37606609027777776 0.02759180624999996 0.1322274
2 0.543651052734375 0.4037911902777778 0.04438681953125001 0.18341220000000003
0 0.7511894203125 0.35367273958333334 0.10436900625000001 0.13862550138888885
0 0.7002045609375 0.35687178888888893 0.09597149999999999 0.11943120000000002
2 0.89874560234375 0.3739333902777778 0.07557755625000007 0.4009475972222222
8 0.417088634765625 0.28969173958333333 0.019194299218750044 0.049052101388888825
0 0.11557192695312499 0.3248812888888889 0.23114385390624997 0.6483407999999999
