0 0.134017482421875 0.8843339618055556 0.26632777578125 0.2258095375
8 0.3364550010101235 0.7891876954101464 0.023218321093749994 0.0315647736111111
0 0.4256122546875 0.8059423104166668 0.013657835937500029 0.02670865416666668
0 0.4347330704895981 0.8020893166457386 0.007780954974326182 0.019002666624810538
0 0.490486969921875 0.8059423145833333 0.02048675234374997 0.03642089583333341
0 0.511656612890625 0.7913739534722222 0.019120967968749958 0.016996412500000058
0 0.531460473046875 0.7889458951388889 0.02048675234375008 0.012140295833333425
0 0.394882126953125 0.8375070874999999 0.07511809140625003 0.10440655833333334
0 0.5273631234375 0.8435772347222221 0.06692339062499997 0.09226626111111103
0 0.971242753125 0.7683073923611112 0.055997123437500074 0.0631295458333333
8 0.9671454035156251 0.48759507565757443 0.061460253906249984 0.14379839590707322
0 0.457025275390625 0.8184294840277777 0.035510369531249975 0.05098924861111109
0 0.355957296875 0.8147873923611111 0.01365783437500001 0.019424470833333207
0 0.3334218703125 0.816001423611111 0.012292051562500017 0.021852533333333146
0 0.322495601953125 0.816001423611111 0.009560485156249965 0.021852533333333146
0 0.30337463320312497 0.8172154534722222 0.015023616406249996 0.014568359722222146
0 0.27879053046875 0.8196435111111111 0.012292050000000054 0.014568358333333253
