9 0.626355510546875 0.018367356944444444 0.03357782109375007 0.03520409722222222
9 0.59105575 0.02755103472222222 0.03529976093749987 0.05357145277777778
9 0.00860969765625 0.4392859111111111 0.0172193953125 0.039795936111111097
9 0.85982183203125 0.4219389729166667 0.012053576562500057 0.0367347097222222
9 0.43665518828125005 0.53367371875 0.007748728124999993 0.015306129166666738
9 0.9109060210937501 0.4140307986111111 0.026690062499999945 0.04897961388888883
8 0.013488524218749999 0.2821429875 0.0223852140625 0.03673471111111115
9 0.47077828828125 0.4786226708333333 0.00860969843749998 0.026020419444444498
9 0.543530234765625 0.4824492034722222 0.007748728906250113 0.02755103194444436
9 0.49531592734374996 0.51535738125 0.007748728124999993 0.013775515277777872
9 0.52717180859375 0.5138267680555555 0.007748728124999937 0.01683674166666671
9 0.5276022933593749 0.5321941236111112 0.006887758593750015 0.013775516666666765
0 0.44081652421875006 0.5718370013888889 0.015497456250000041 0.03367348333333331
0 0.50883313671875 0.5542349513888889 0.012053576562499946 0.022959191666666712
0 0.43005440195312494 0.5726023076388889 0.019802305468750003 0.03826532361111101
0 0.419292280078125 0.5787247590277778 0.022385214843750056 0.04132654861111118
0 0.4012996417900685 0.5840819041666667 0.024282607017636904 0.045918388888888884
0 0.378396216015625 0.58867374375 0.03357782109375007 0.04591838749999999
0 0.34438790976562506 0.5947961944444444 0.04477042890624999 0.07653064722222225
0 0.14249049765625 0.6338268243055556 0.14033807343750002 0.13928577638888895
0 0.2539860828125 0.6114798666666668 0.16530619687499998 0.2142858111111111
0 0.5998302549529366 0.5668765379554457 0.051471239593373075 0.08216587408910869
0 0.4905805671875 0.56127578125 0.03271685156250004 0.04132654861111118
0 0.46242687109374997 0.5605104743055556 0.023246184375000034 0.0336734847222222
8 0.4451213734375 0.5240818819444444 0.010331637500000046 0.009183677777777732
8 0.44081652460937504 0.5103063659722222 0.00688775859374996 0.006122451388888894
0 0.5701701925363736 0.5720317313219505 0.01080891360258518 0.027622779206606718
0 0.5613879502342729 0.5672277697208017 0.013511142003231558 0.03002476000718135
0 0.5576723861833843 0.5582203417186471 0.012835584903070019 0.024019808005745102
0 0.5522679293820917 0.555217865717929 0.008782242302100451 0.022818817605457897
