9 0.286289349609375 0.24961496805555555 0.007020421093750062 0.024961494444444426
9 0.472915541796875 0.24233453263888888 0.012870771093750066 0.014560873611111136
8 0.13591247492652425 0.16941425556895962 0.022185615478048495 0.014329050026808149
8 0.280438998828125 0.23193390902777777 0.018721122656250033 0.010400623611111104
8 0.272833542578125 0.28497708819444445 0.010530632031249987 0.012480748611111092
8 0.284534244140625 0.27977677638888887 0.005850350781249958 0.027041622222222228
8 0.6161147790023036 0.26521590486111113 0.02601025918289268 0.01456087361111108
8 0.045753151738608146 0.21217272152777777 0.0197176347272163 0.058243490277777754
0 0.24650696445312503 0.3182590847222222 0.07020420859375001 0.07072424166666669
0 0.31495606796875003 0.29121746249999997 0.026911614062499978 0.01664099722222223
0 0.2699083671875 0.3889833277777778 0.09594575312499998 0.17473047777777784
0 0.1985734730280571 0.38733908375579995 0.05140431644388577 0.07817297971062237
0 0.13067001835937503 0.37962276319444443 0.13104785859375004 0.14768885416666666
0 0.4682352609375 0.5075504354166667 0.4387763125 0.5075504375
0 0.2008928496250604 0.5528816481680753 0.002586603214056571 0.0076640095231306216
