0 0.5629482964940454 0.4185546035552825 0.050731857011909076 0.04557030122276834
0 0.40273293593750004 0.4086972673611111 0.032788212500000025 0.032642487499999984
0 0.3263431055068041 0.4166977670256037 0.03276364071138321 0.04398027849565189
0 0.26174362109375 0.4203552993055556 0.028853626562499984 0.027979273611111133
0 0.6173359670881685 0.4202942834179162 0.06638948249411869 0.07357449142205358
0 0.914161972265625 0.4850418902777778 0.17167605546874998 0.18932877500000006
0 0.046933984765625 0.4498334631944445 0.09386796953125 0.11424870972222229
9 0.4827085107042699 0.3330364818919427 0.009236033278960332 0.024748644549447973
9 0.418471279296875 0.3594004416666667 0.011803757031249917 0.02797927500000008
8 0.1245952109375 0.3765544138888889 0.015738343749999995 0.013989638888888878
8 0.158039187109375 0.381217625 0.017049871093750002 0.009326425000000027
0 0.504938480859375 0.4115285048611111 0.018361399218749908 0.023316062499999957
0 0.4280999098251703 0.40658496948673595 0.017278177224659352 0.027418627862360656
0 0.36040004782521573 0.41109747199015956 0.03190143964003106 0.042918453329531314
