9 0.45224395703125 0.12255391805555554 0.017551039062499996 0.08008474166666667
9 0.848019894921875 0.18131739791666668 0.020476213281249933 0.07280430972222224
9 0.46511471875 0.12723419583333334 0.015210900000000027 0.08112480277777778
9 0.4539990609375 0.4179314125 0.007020415624999998 0.01352080277777773
4 0.4063187375 0.42253514449730867 0.09770078593750003 0.20608528322760472
0 0.48926447578125 0.4425462083333333 0.025156490625000083 0.028081663888888886
0 0.5808595558931662 0.45814713194444445 0.0373679007136678 0.044722649999999975
0 0.708125940234375 0.44670645347222226 0.031591871093749946 0.03224190972222213
0 0.733867464453125 0.45190676180555556 0.05499325703124991 0.040562401388888836
4 0.941262246484375 0.42538519097222216 0.11525182578124993 0.09360554305555552
0 0.641197953125 0.47174376666666673 0.08073478125 0.11648689722222222
0 0.2278709765625 0.4369017041666667 0.03802725156250003 0.03432203333333328
0 0.146258643359375 0.4613431506944444 0.03861228671875 0.05824344861111108
8 0.29648255312500005 0.17740633611111112 0.0269115921875 0.06032357222222223
8 0.28127165273437504 0.2767322180555556 0.023401385156249954 0.01976116944444445
8 0.297652623828125 0.3152144986111111 0.03510208046874996 0.05720338888888887
9 0.27483627109375 0.35629693055555556 0.012870760937500003 0.03120184722222219
8 0.35324391171875 0.15028890069444445 0.022231317187499988 0.09048535972222221
9 0.766629405078125 0.3525808798611111 0.009360555468750031 0.03744221805555559
9 0.7704321289062499 0.3921032201388889 0.009945587499999964 0.014560862499999994
9 0.75726885 0.39314328125 0.00936055312500006 0.018721106944444454
