9 0.21296963203125 0.4642023305555556 0.013875614062499986 0.044850466666666644
9 0.5762584125 0.4238369104166667 0.011352774999999982 0.04485046527777775
9 0.49363544375 0.5426906458333334 0.007568517187500012 0.022425236111111135
9 0.508772475 0.5639946208333333 0.00504567656249999 0.02466775555555556
9 0.376323441015625 0.56511588125 0.0075685179687500215 0.017940187500000038
9 0.4246969429592885 0.4816842517156863 0.009212225018922993 0.01702365343137252
0 0.2771474130190312 0.6033616670775663 0.04323977603806228 0.027945940844867345
0 0.241021201953125 0.6061220201388888 0.03910400078125004 0.04036542083333339
0 0.184257329296875 0.6094858041666666 0.03910400078125001 0.03812289444444439
0 0.14263049023437502 0.6173346381944445 0.04414967734375 0.0493355152777778
0 0.09343513515624999 0.6232613104166667 0.056763871875 0.05606308472222232
0 0.03540984453125 0.6311101409722222 0.0693780671875 0.06727570138888883
0 0.51096494921875 0.5907447187499999 0.03658116250000004 0.0403654180555556
0 0.5134877863281251 0.5997148131944445 0.04414967734375008 0.04933551250000001
0 0.518533465625 0.6086849069444444 0.049195354687500026 0.04933551666666669
0 0.523579143359375 0.6232613083333334 0.04162684140625006 0.051578036111111114
9 0.58533343203125 0.5176232006944443 0.011482485937500009 0.03130040694444436
0 0.42852508650519033 0.5899653979238755 0.01557093425605538 0.014994232987312506
