0 0.40933585781250004 0.29839436319444446 0.032517334374999984 0.04590682361111109
0 0.36677640312500004 0.2983943611111111 0.021997020312500004 0.03230480277777781
0 0.11381067109375001 0.2932936020833333 0.06694745468750002 0.056108337499999994
0 0.194147613671875 0.28819284652777777 0.05355796171875002 0.052707837499999965
0 0.2644424390625 0.2958439840277778 0.016258667187499964 0.023803540277777813
9 0.434680248828125 0.2941437326388889 0.006694744531249963 0.017002531944444454
9 0.46911036953125 0.29329360625 0.008607529687500004 0.015302279166666655
8 0.54370896015625 0.22358324166666665 0.01625866718750002 0.035705308333333324
0 0.026778981640624998 0.2864925930555555 0.053557963281249996 0.0697103638888889
0 0.29026502851562497 0.2924434798611111 0.01625866640625001 0.015302279166666655
9 0.382078680078125 0.2694900645833333 0.004781961718750005 0.017002526388888883
