9 0.679296198046875 0.24987131666666668 0.011629833593749916 0.055526961111111106
9 0.6651847734375 0.2524741416666667 0.014640896875000031 0.057262175000000026
9 0.44849949140625 0.24900370625 0.012688778124999966 0.04685087083333331
9 0.35430971796875 0.38174784444444443 0.013664837500000027 0.027763480555555553
9 0.7408294105468749 0.3704689319444444 0.01561695703124999 0.026028261111111062
8 0.759862576953125 0.3036630590277778 0.024401496093749975 0.024293043055555574
8 0.33966882109374996 0.3392350152777778 0.02147331562499999 0.01561695555555559
8 0.34064488125000003 0.30886870902777774 0.029281795312500025 0.017352173611111132
2 0.749613948046875 0.4476861076388889 0.027329675781250007 0.11105392083333332
0 0.652007966796875 0.47458197916666667 0.042946632031250154 0.08502565555555552
0 0.888702475390625 0.5535343743055555 0.21961346171874996 0.43727480416666653
0 0.17764288945312498 0.5656808979166668 0.34942941953125 0.3991000180555556
0 0.5485456234374999 0.6264135083333333 0.3045306671875 0.42686350000000006
4 0.6106759156249999 0.4077405520833333 0.03960772031249993 0.036420893055555514
