0 0.6409034859375 0.4980465326388889 0.013183584375000001 0.039843723611111104
0 0.65342789140625 0.5332027583333333 0.04086911093750012 0.08203119722222224
0 0.703525512890625 0.5285152611111111 0.09624016953124992 0.11484366944444441
0 0.754689826453498 0.5680279165866515 0.11520052053050389 0.1483182834933635
0 0.891235426171875 0.5627714499796156 0.21752914765624998 0.41953096250000005
0 0.41144958718172325 0.4935625149422703 0.05812682407405345 0.10974921733768145
0 0.4095455088922906 0.5143889779172388 0.03362584178273548 0.09622127472107811
0 0.3724250264810043 0.5185773459344017 0.08871503766299149 0.16284448313119654
0 0.23484907812500003 0.5542964930555555 0.26367169375000005 0.3304685222222223
0 0.097080617578125 0.6468745569444445 0.19116197734375 0.5906245944444445
0 0.5367531671874999 0.46523405416666663 0.19775377031249997 0.4429684444444444
