0 0.439244340625 0.4267962005689198 0.037442245312499955 0.055006087751049315
0 0.506523375 0.45949955416666666 0.08775526249999999 0.13936835833333333
0 0.5434557990638795 0.4163955769578087 0.00951098875275913 0.03420484052882705
0 0.218101079296875 0.4376582493055556 0.023401403906250007 0.033281995833333355
0 0.177733658984375 0.43973836458333326 0.024571474218750028 0.024961495833333347
0 0.19879492109375 0.44077842777777776 0.01287077187500002 0.035362119444444395
0 0.1280056765625 0.4459787402777778 0.07722463125000001 0.04576274444444439
0 0.05897153671875 0.4553393013888889 0.0468028078125 0.043682619444444404
0 0.013689821093749999 0.45949955486111105 0.027379642187499997 0.05616336805555561
0 0.772129302734375 0.41373680625 0.036272174218750064 0.06448386805555556
9 0.510618620703125 0.37858270208333333 0.00468028046875002 0.016640995833333283
9 0.52173428671875 0.3796227645833333 0.005850350000000004 0.01872112083333327
8 0.6314600484374999 0.3328199576388889 0.08892533125000002 0.0915254875
