0 0.8599489753906251 0.34027194375 0.27911308671875 0.6251024263888889
0 0.5796664218750001 0.24602146736111113 0.041321209374999945 0.11504102361111115
0 0.38787363124999996 0.2411703375 0.06471057656250001 0.12197120555555552
4 0.564463334375 0.19473811875 0.04366014687499997 0.04019505416666669
2 0.612021709375 0.24255637361111113 0.014033617187499958 0.044353163888888936
2 0.683749094140625 0.2564167388888889 0.01247432734374998 0.07484596666666674
2 0.666986716796875 0.25503070347222223 0.011694683593749922 0.06652974861111108
2 0.65217345234375 0.25225862916666664 0.01169468125000006 0.05544145555555552
2 0.7398835687499999 0.23978430069444445 0.014033617187499958 0.04435316527777777
2 0.730917645703125 0.2474075020833333 0.013253971093750039 0.04296712916666662
2 0.33797631992187505 0.26057484722222224 0.03196546484375001 0.17741266111111112
2 0.1578782125 0.23701222916666667 0.02105042812500002 0.13860364166666667
0 0.261181239453125 0.234933175 0.20426711953124999 0.27582125
0 0.49390541835937496 0.3132442326388889 0.18945385390624997 0.2799793569444444
8 0.40268689609374997 0.14276175138888889 0.01013539218749998 0.022176580555555547
8 0.4264660828125 0.15939418958333332 0.02494865624999998 0.008316220833333332
3 0.022999541796875002 0.30562103263888885 0.045999083593750004 0.15385004583333334
8 0.27833343984375003 0.04158109305555555 0.018711492187500012 0.036036947222222226
