8 0.270021773046875 0.3422658659722222 0.02924423515625002 0.015596926388888877
8 0.580498072265625 0.3362003951388889 0.022420580468750062 0.03119385138888886
9 0.38602390703125 0.3803916840277778 0.01169769374999996 0.022528893055555554
9 0.48728342798082636 0.3450919082196783 0.008039454975847182 0.0247149942171343
9 0.52883325625 0.38732365069444447 0.004874039062499946 0.019062909722222243
9 0.53029546796875 0.4193839986111111 0.01169769374999996 0.013863936111111086
1 0.6224148089843751 0.4263159645833333 0.055564046093749986 0.03465983472222223
0 0.469857381640625 0.4540438326388889 0.031193850781250032 0.05545573472222226
0 0.49958902109375003 0.46184229444444447 0.043866353124999924 0.07105265833333335
0 0.42891545234374995 0.4419128895833333 0.058488470312499985 0.11437745416666661
0 0.943126591015625 0.5684212861111111 0.11210290234374998 0.22182294166666666
0 0.7389043468750001 0.5250964930555555 0.31388812499999996 0.3777921972222222
0 0.1662047375 0.4583763118055555 0.05361443124999998 0.04332479305555553
0 0.31876216601562496 0.5337614520833334 0.31193851171875 0.48870366805555565
9 0.49374017382812496 0.3465983451388889 0.006823655468750023 0.02772786805555555
0 0.8152111129634962 0.4417535100826818 0.0982909221341498 0.10423052951457595
8 0.995195586608266 0.2647148900983654 0.00819091017784579 0.1824034266505079
8 0.5802613210200243 0.3666462167560022 0.018106222498396107 0.03372164190177457
