8 0.35127566835937496 0.43852060625 0.019802305468750003 0.03214287083333334
8 0.351706151171875 0.47525531527777776 0.010331635156250019 0.0413265527777778
8 0.622481146484375 0.4530614256944444 0.023246185156249988 0.05204083472222221
8 0.597012586328125 0.46224510555555554 0.024247063281249925 0.0428571611111111
8 0.593138220703125 0.4913267506944444 0.02510802890625008 0.015306129166666682
8 0.923103084765625 0.4386322076388889 0.011192608593750153 0.021428581944444414
8 0.92247530234375 0.4630104118055556 0.007748728124999937 0.016836745833333333
8 0.9220448179687499 0.4806124597222222 0.006887759374999969 0.012244905555555519
8 0.923336271875 0.5005104291666667 0.011192606249999959 0.01530613055555552
9 0.9257308453124999 0.5165818666666666 0.006403462499999901 0.016836744444444496
9 0.919085234765625 0.5158165569444444 0.008609697656250193 0.01836735277777779
2 0.68059660625 0.5808676090277778 0.030994912500000082 0.12397965138888889
2 0.10531226601562499 0.5952214486111111 0.011192607031249982 0.04744899999999996
2 0.327442466796875 0.5868030791666667 0.012914546093749979 0.08265310000000003
2 0.31065355703124997 0.5799153166666666 0.00860969843749998 0.04438777500000002
2 0.302904827734375 0.5829765458333334 0.010331635156250019 0.0627551305555556
3 0.285685434375 0.6158847236111111 0.029272971874999998 0.03979593888888888
8 0.41777482421875 0.5340308548611111 0.007748728124999937 0.019897968055555548
2 0.701690366015625 0.5563777999999999 0.00860969765624997 0.04438777222222223
8 0.035299760546874996 0.47066347569444444 0.045631397656249996 0.03214287361111112
8 0.017004153124999997 0.3964287486111111 0.034008306249999995 0.027551033333333363
8 0.017649880468749997 0.35739812083333333 0.030994912499999996 0.035204097222222175
0 0.42560605429687504 0.5799891240684758 0.015497457031249995 0.039569581470285
0 0.408817141796875 0.5755104638888889 0.012914544531250016 0.03979593888888888
0 0.39159774765625 0.5816329118055557 0.028412004687499992 0.04897960972222226
0 0.758801369140625 0.5670920916666666 0.024107153906250067 0.04132655000000007
0 0.9282438027343749 0.5511737236111112 0.027551033593749996 0.035204102777777746
0 0.9067195605468751 0.5479594298611111 0.030994914843750054 0.015306129166666738
8 0.891222103515625 0.50357165625 0.008609697656250193 0.015306129166666682
0 0.9088719839843751 0.5693880090277778 0.03702170078125011 0.03673470972222215
0 0.715153783984375 0.5609696375 0.02669006171874999 0.029081641666666713
0 0.49873355781249995 0.6428723784722221 0.16014037656250002 0.26023409305555545
0 0.38242923984375 0.5891677895833334 0.038147554687499974 0.05086340694444458
