8 0.42674112731423874 0.47742153819444444 0.02490702505902237 0.030468729166666653
8 0.366684924609375 0.4717585670843807 0.021093735156250015 0.03241967972012755
8 0.348227905859375 0.47156216875 0.010546867968749984 0.0328124763888889
0 0.35218298125 0.5407027465277778 0.018457018749999998 0.0210937347222222
0 0.33504432226562497 0.5465621180555555 0.02109373515624996 0.018749988888888902
4 0.29747110468750004 0.5376153766255194 0.0566894140625 0.05070595786007237
0 0.170249512890625 0.5407027472222222 0.02900388671875001 0.030468730555555545
0 0.42073762187499997 0.5465621173611112 0.018457018749999943 0.032812476388888845
0 0.47149442343750003 0.5535933625 0.030322243749999978 0.04687496666666657
0 0.6224464675781249 0.54421836875 0.03691403671875004 0.046874968055555466
4 0.51236353515625 0.5336714993055556 0.038232395312499945 0.06328120694444439
4 0.08002487851562501 0.5382377798611111 0.15968721640625 0.11928873194444439
4 0.88743651953125 0.5887495875000001 0.22412093906250008 0.21562485000000003
4 0.5759503156632633 0.5378381040074902 0.06466508035141427 0.09713546976279736
0 0.439194640625 0.5453902423611112 0.021093735937500024 0.030468726388888867
0 0.501816667578125 0.5770308465277778 0.059326130468749905 0.07499994861111114
0 0.39041537734375 0.5840620916666667 0.07119135781250002 0.10781242499999988
0 0.3987679955003881 0.5306560205509967 0.018968423569748205 0.012262415237008883
