8 0.07706168256625777 0.11846936319444444 0.12222192549248448 0.2295917875
8 0.2788246070286813 0.37010196319444444 0.06227335624486255 0.0679591708333333
8 0.385369816796875 0.36918359722222216 0.02066326015625003 0.031224486111111116
8 0.347142782421875 0.3682652291666666 0.04132652109375007 0.02938774999999999
8 0.35075885429687503 0.3875509388888889 0.036160708593750035 0.012857138888889008
8 0.35024227265624996 0.3994897138888889 0.02272958593750002 0.014693875000000023
8 0.5486095777343749 0.3324489097222222 0.03409438046875002 0.06795916666666663
8 0.5568748820312499 0.3903060416666666 0.03822703281249995 0.04775509722222221
8 0.718564898828125 0.3618366590277778 0.1146810976562499 0.06795917083333336
8 0.808966666015625 0.39455084040160693 0.059923457031249905 0.04661243586345282
8 0.820848041015625 0.42704072569444446 0.009298467968750002 0.022040812500000007
8 0.617831502734375 0.41142848541666666 0.008265305468749928 0.020204079166666666
8 0.430828991015625 0.3930611409722222 0.015497447656249996 0.0275510180555556
0 0.341976967578125 0.4132652194444445 0.012397957031250018 0.012857138888888897
0 0.42101394062499997 0.4187754229166667 0.00723214062500005 0.02387754583333329
0 0.72528045859375 0.4481631715277778 0.034094379687499954 0.05326529583333328
0 0.7004845460937501 0.4573468409722222 0.021696426562500037 0.0275510180555556
0 0.6756886324218749 0.4499999027777778 0.025829077343750062 0.03857141944444448
0 0.630229459765625 0.4490815361111111 0.04029336015624996 0.04408162222222228
0 0.46389020664062497 0.42795909513888886 0.07955355234375 0.12673467361111113
0 0.41068231132812494 0.42061215486111114 0.02272958828124999 0.03489795416666669
0 0.38123716406249997 0.41510195208333334 0.013431120312499989 0.020204079166666722
