8 0.494685062109375 0.30146292291666665 0.02105042578125005 0.029106765277777835
8 0.424127146484375 0.28205841319444447 0.031185819531249992 0.031878837500000035
0 0.19340213281250002 0.33749986875 0.11840601093750003 0.07623200138888886
0 0.33017986484375 0.3368068513888889 0.024169010937500013 0.024948655555555588
0 0.35356922890625 0.33472779722222223 0.016372553125000022 0.023562619444444488
0 0.39177185742187504 0.3368068534722222 0.021050425781249993 0.03326487916666665
0 0.45609261171875004 0.3534392881944444 0.0202707828125 0.041581093055555574
0 0.5188540734375 0.3388859069444444 0.014813264062500053 0.020790544444444448
0 0.561734575 0.3610624895833333 0.027287592187499987 0.03187884305555555
0 0.427245728515625 0.3624485256944444 0.05769376640625001 0.0817761486111111
8 0.273529684375 0.2820584111111111 0.01690043437500005 0.029106761111111046
8 0.273793624609375 0.3014629222222222 0.007016808593749979 0.012474327777777794
8 0.50963638515625 0.2993838680555555 0.00779645468750001 0.01663243611111115
8 0.42933290078124997 0.3111651763888889 0.010915037500000058 0.012474327777777794
9 0.28137405742187505 0.3153232875 0.008576100781249985 0.012474327777777794
