0 0.36006973046875 0.48257114444444443 0.008092807812499991 0.03476909722222221
0 0.338826108203125 0.4903642194444444 0.014162411718750045 0.038365902777777794
0 0.3519769234375 0.4831706138888889 0.016185617187499945 0.03836590277777774
0 0.32432649492187504 0.48556848194444446 0.02158082109374998 0.04076377222222227
0 0.308140880078125 0.49216262361111107 0.020232017968750016 0.0395648388888889
0 0.27711845117187495 0.48856581874999994 0.04316164453124999 0.05874779027777771
0 0.20997043007812502 0.49056403333333337 0.09171849140625005 0.09471582500000009
0 0.41205880156249997 0.47957380069444444 0.023604023437499955 0.020381887499999973
0 0.47545246328125 0.4825711381944444 0.007418406250000009 0.026376562499999978
0 0.48388247226562503 0.4879663437499999 0.013488013281249933 0.03716697361111104
0 0.498382086328125 0.4957594152777778 0.02090642109374996 0.05035524722222218
0 0.531764919140625 0.5125444993055556 0.05395205234375 0.07433393750000006
0 0.44072082968750004 0.49096367777777783 0.03911523750000001 0.05515098333333329
8 0.18073937578125 0.40134306133210973 0.01618561562500001 0.03177123655310837
8 0.592460976953125 0.27935173888888887 0.022255222656249907 0.03237123055555552
8 0.589763376171875 0.32670965277777775 0.022255224218750036 0.031172299999999986
8 0.598530583203125 0.3746670333333333 0.015511216406250083 0.01678508333333334
8 0.589426173828125 0.38965371388888886 0.02427842109374989 0.02038188888888892
8 0.5884145730468751 0.4166297395833334 0.019557617968750107 0.016785081944444447
9 0.894929672265625 0.3458926034722222 0.019557619531250126 0.06594139583333336
9 0.9559862906249998 0.3527382923611111 0.02962690937500001 0.06423936527777774
0 0.8829590605468751 0.5413189277777778 0.15679815234374994 0.12588812222222218
3 0.9755205515625001 0.5964699138888889 0.04855684687499995 0.16185615555555566
0 0.775560756640625 0.5245338451388889 0.07283527109374988 0.09471582638888898
9 0.398317876953125 0.42219623333333334 0.009441608593749984 0.016785080555555554
9 0.4647463421875 0.4323871791666667 0.007418406250000009 0.010790416666666747
9 0.42284921249999996 0.44660309930555553 0.008092807812499991 0.01798401249999998
9 0.45926684765625003 0.44420523194444445 0.009441607812499975 0.01558614722222229
