8 0.32524203828125 0.5654722069444444 0.051580235937499996 0.07132081944444446
8 0.265781488671875 0.5710759756944443 0.010029489843750017 0.020377376388888924
8 0.28440768437499997 0.3558399513888889 0.0128950578125 0.022924547222222258
8 0.101727686328125 0.44117021736111106 0.011462275781250003 0.020377376388888868
8 0.44441061953125005 0.560887288888889 0.012530346874999931 0.02037737500000003
9 0.28297490117187496 0.4010240222222222 0.015760628906250018 0.0665376416666667
9 0.375389487109375 0.50943441875 0.008596705468750021 0.04330192361111107
9 0.099848182421875 0.46342973680555555 0.009490146093750013 0.04870743750000006
9 0.265065097265625 0.5954014784722222 0.0057311367187500295 0.028018893055555605
9 0.3861353703125 0.58011844375 0.00859670625000003 0.028018893055555605
9 0.40117960585937495 0.5966750645833334 0.00716392109374997 0.025471720833333378
0 0.7576358722656249 0.6771838979166667 0.02435733359375003 0.03566041249999996
0 0.39227587421875 0.7434103743055556 0.19915701875000003 0.23943417916666665
4 0.175713081640625 0.6189628208333333 0.06734086171875 0.12735860277777777
0 0.22227856992187497 0.618201319201354 0.03725239296874999 0.05246644493062547
0 0.23732280546875 0.6724534354166667 0.08453427499999999 0.11207557361111109
0 0.5360583328125 0.7208497048611111 0.09742933281250005 0.1324529513888888
0 0.076134570703125 0.6928308083333333 0.15187513671875 0.2547172111111111
8 0.643105776171875 0.6562593104166667 0.012757733593749987 0.07422681527777775
