0 0.33113114218749995 0.5528396076388888 0.01577649843750001 0.014958454166666635
0 0.31325111250000004 0.5640584493055556 0.011569429687500021 0.014958454166666746
0 0.30062991484375 0.561253738888889 0.013672962499999997 0.020567875000000013
0 0.28906048359375 0.5631235486111111 0.01788002968750002 0.020567875000000013
0 0.260136906640625 0.5706027756944445 0.04838125546874997 0.03552632916666665
0 0.2243768484375 0.5706027736111111 0.029449459375000014 0.028047102777777777
0 0.345768212890625 0.5590722881944445 0.03050122578125003 0.020567876388888906
0 0.37153649023437496 0.5553326743055556 0.012621197656249972 0.013088648611111142
0 0.39204593515625 0.5525279638888889 0.00946589687499999 0.01869806944444452
0 0.4009859515625 0.5562675777777778 0.0189317953125 0.026177297222222284
0 0.418340097265625 0.5497232541666668 0.01156943046875003 0.024307488888888895
0 0.445686025 0.5590722888888888 0.01156943125000004 0.031786719444444445
0 0.430961294140625 0.5590722895833333 0.03260475859375006 0.04674517361111119
0 0.47408371914062497 0.5656166131944445 0.03681182578124992 0.04861498194444447
8 0.48381255820312496 0.5207412465277779 0.012621197656250027 0.022437684722222184
8 0.648939887109375 0.43005560486111116 0.05258832265625002 0.0542244013888889
8 0.49327845507812507 0.073857375 0.2524239429687501 0.14397513611111112
0 0.01386768671875 0.17087540624999997 0.0277353734375 0.03400505694444442
