0 0.398144257421875 0.6304683159722222 0.010546867968749984 0.01406249027777784
0 0.38298313515625 0.6222651972222222 0.019775376562500058 0.021093736111111094
0 0.35134253242187496 0.5964839652777778 0.040869113281250036 0.06796870277777778
0 0.481200840625 0.6292964423611112 0.031640603125 0.030468729166666653
0 0.539208613671875 0.6386714368055555 0.021093735156249904 0.011718743055555536
0 0.578100188671875 0.6206922652777778 0.04877926328125004 0.04607285277777784
0 0.20895981640625 0.5835933479166666 0.072509715625 0.0843749402777777
0 0.11601554531250001 0.5999995874999999 0.021093735937499997 0.046874966666666684
0 0.056030234765625 0.5578121166666667 0.11206046953125 0.1687498833333333
0 0.282787891015625 0.5777339784722222 0.10942375234375001 0.11484367361111103
8 0.6558833382812499 0.6140620777777778 0.011865226562499998 0.018749986111111117
8 0.7890375437499999 0.2046873576388889 0.07514643281249989 0.03281247638888887
8 0.813427175390625 0.3218747777777778 0.03691403671875004 0.018749986111111117
9 0.8002435906250001 0.3769528652777778 0.015820301562500028 0.06328120555555555
