0 0.050277893750000004 0.43947876111111106 0.10055578750000001 0.36212773888888883
0 0.94665865 0.6189817277777778 0.1024337609375 0.25494624722222226
0 0.36756645703125 0.5509960625 0.4274902281250001 0.43462265277777784
0 0.16406471914062498 0.4563017416666667 0.11062846171874999 0.13839939166666665
0 0.64755206953125 0.5145751694444445 0.24720680937500017 0.3375002694444445
0 0.8496880234374999 0.5180814130400205 0.23628054062500004 0.27221435447551445
0 0.5266802316406249 0.4259509972222222 0.04370507109374999 0.06798566666666667
0 0.572433977734375 0.40774055138888887 0.06692338984375001 0.050989249999999986
0 0.080069035546875 0.4308071159722222 0.06555760703124999 0.10197849861111108
9 0.1934290640625 0.32640055833333337 0.010926268749999996 0.03884895277777772
9 0.31771535976562504 0.3239724986111111 0.008194700781250008 0.029136713888888888
8 0.725401726953125 0.40288443194444445 0.017755185156250075 0.021852536111111154
