8 0.667629850390625 0.3551977138888889 0.021010380468750034 0.058695666666666646
8 0.546069791015625 0.24556725161939272 0.09604745546875004 0.08586167731677014
8 0.524559162109375 0.39166017291666666 0.017008403906250025 0.021343879166666635
8 0.41250379765625 0.3836562173611111 0.015007414062499946 0.008893284722222228
8 0.4009981125 0.3525297277777778 0.008003954687500037 0.014229252777777812
8 0.363479576171875 0.31339928333333333 0.015007417968749992 0.02845850555555557
0 0.38899218125 0.4023321111111111 0.012005929687500028 0.014229252777777812
0 0.378486990625 0.4023321111111111 0.011005437499999993 0.014229252777777812
0 0.36648105781249996 0.40055345486111116 0.013006426562500006 0.02134387638888885
0 0.34997290234375 0.39877480000000004 0.01400692031250006 0.01778656666666667
0 0.330963510546875 0.39877480000000004 0.01800889921875004 0.01778656666666667
0 0.3129546125 0.39432815694444445 0.016007909375000073 0.02667984722222222
0 0.29644645625 0.3952174861111111 0.01700840312499996 0.028458505555555513
0 0.2734350875 0.3952174861111111 0.03301631249999998 0.028458505555555513
0 0.25142421171875 0.39699614305555553 0.033016312500000033 0.02490119444444444
0 0.225911605859375 0.3934388291666667 0.02401186328124999 0.024901191666666656
0 0.43401442539062496 0.40944673888888894 0.008003953906249972 0.014229252777777812
4 0.42250874101562497 0.4076680819444444 0.015007414843749955 0.028458505555555513
0 0.461528019921875 0.42189733472222224 0.04702323359375005 0.0818182027777778
0 0.10895382617187499 0.4663637486111112 0.21790765234374998 0.28458505277777785
8 0.82120572890625 0.31162062777777777 0.01600790937499985 0.02845850555555557
