0 0.06981662968749999 0.5219776048611111 0.137720475 0.19722932361111112
0 0.158761105078125 0.4760707798611111 0.13198212421875 0.15982376527777786
0 0.331868090234375 0.4463163548611111 0.040168472656250065 0.04930732916666669
0 0.36212444996792004 0.4371551043688035 0.016381820355691634 0.03678724571102676
0 0.409814053125 0.4284637 0.023909804687500036 0.03740556111111104
0 0.38303507109375 0.4327143333333333 0.018171451562499996 0.025503791666666664
0 0.394989974609375 0.42931382569444443 0.009563921093749983 0.025503793055555557
0 0.43754942734375 0.42421306736111114 0.014345882812500044 0.022103287500000013
0 0.452851701171875 0.41911230972222224 0.01052031484374999 0.022103286111111176
0 0.46767578046875 0.42846369930555556 0.017215059375000064 0.034005056944444445
0 0.48345625078125 0.4259133201388889 0.025822589062499957 0.05270783472222218
0 0.49254197734375 0.4327143333333333 0.017215059374999897 0.06290935555555555
0 0.528406684765625 0.4361148361111111 0.06981662890624996 0.10711592500000006
0 0.562358606640625 0.4573679972222222 0.06886023671874997 0.10881617777777786
0 0.641260962890625 0.48542216944444444 0.15397914296874993 0.1717255333333333
0 0.34574262961222846 0.4363887034164905 0.030177037497326697 0.047516859043409576
