0 0.09114453359375 0.5389604270833334 0.1822890671875 0.3015405597222222
0 0.22128138085937502 0.48783717083333333 0.14622117734375 0.17849814722222224
0 0.30316524023437497 0.43411442708333337 0.07018616484375001 0.09878052916666663
0 0.897798026171875 0.5970156493055556 0.20081041640624986 0.3587292875000001
0 0.7817958921874999 0.4809052041666666 0.2261554203124999 0.2686137166666666
0 0.6404487546875 0.4479783611111111 0.12867463593750006 0.14037233055555554
0 0.510799311328125 0.43411442777777776 0.07408539609374998 0.08491659444444444
0 0.404057851953125 0.41071903958333333 0.032168658593749955 0.04505778472222216
0 0.50738748359375 0.4029205756944445 0.053614431250000094 0.04332479305555553
0 0.46157151484375003 0.41765100624999996 0.03996712187500001 0.051989751388888894
0 0.36262851875 0.41591801458333333 0.03509308281250001 0.04159180138888885
0 0.321686589453125 0.38905664236111115 0.031193852343749995 0.04332479305555553
0 0.383099483203125 0.4037870722222222 0.013647310156249981 0.02079589999999998
8 0.5109216794758658 0.33966637847222225 0.032898730110768715 0.031193851388888916
