0 0.12094694140625 0.47728359652777774 0.08131891875 0.09141734861111112
0 0.19688446328124998 0.4709056409722222 0.07055612343749998 0.05314962361111103
0 0.351499322265625 0.45025321319444445 0.04903052578125 0.03614174305555551
0 0.5266937597656249 0.45739044444444443 0.04305119296875004 0.06377954444444445
0 0.5737948129848829 0.4379215053211165 0.015519619284339314 0.026057632378644058
0 0.5846396149182078 0.44212871253991515 0.01797164541555074 0.020708821750299033
0 0.6059717335663484 0.44481911389193407 0.025315070257696748 0.0490496609480357
0 0.6205036792350747 0.45221282113349337 0.03763683034514931 0.06077147162190205
0 0.6435405902343749 0.4538977631944444 0.03826772578125004 0.08716537638888894
4 0.70632358046875 0.4740946173611111 0.13513291093750013 0.15732287916666665
9 0.55265473984375 0.3986221569444445 0.009566931250000077 0.014881891666666702
9 0.58015966796875 0.3901182180555555 0.011958665625000031 0.014881894444444432
0 0.940713408984375 0.6250395430555555 0.11599904765625002 0.41244105833333333
0 0.498840747265625 0.43582689236111116 0.019133863281250052 0.021259848611111132
