9 0.19353508828125 0.3665623722222222 0.009492184375000018 0.03937498611111112
9 0.412382668359375 0.30937489027777776 0.00843749765624996 0.04124998611111114
9 0.11852730269529796 0.49417410936395406 0.015570308515595918 0.020848557616797048
9 0.404472515234375 0.3103123902777778 0.009492183593749981 0.039374986111111177
9 0.5326170007812501 0.4190623534722222 0.010546870312500012 0.02812498750000003
8 0.128671830859375 0.44718734375 0.021093742968749996 0.01312499583333332
8 0.448242030078125 0.3178123875 0.027421864843750032 0.028124988888888924
8 0.54421855859375 0.39562485972222217 0.02320311718750001 0.014999994444444387
8 0.288456930078125 0.4528123402777778 0.024257803906249986 0.020624991666666648
9 0.336445194921875 0.43433020833333336 0.004218749218749984 0.016874994444444458
9 0.341718630078125 0.43526770625 0.0042187476562500215 0.022499993055555556
9 0.39550767421875 0.44276770833333334 0.004218748437500031 0.018749994444444473
9 0.39076158281249995 0.4418302076388889 0.005273435937500015 0.016874993055555565
8 0.315351451953125 0.4442409104166667 0.01898436796874997 0.016874993055555565
8 0.425566257421875 0.4461159118055556 0.011601558593750005 0.009374995833333344
8 0.44455062578125 0.4479909118055556 0.02003905625000002 0.01312499583333332
8 0.6074997875 0.2921873888888889 0.02531249062499996 0.05437498333333335
8 0.6760754359375 0.3156444222222222 0.022148429687500082 0.03937498611111112
8 0.6826245140625 0.3374846951388889 0.052121579687500086 0.040694418055555626
2 0.07648580390625001 0.56689433125 0.018984368749999994 0.0693749763888889
2 0.78207149296875 0.5453318402777778 0.05273435781250013 0.23624991666666662
2 0.722481669921875 0.5050193555555555 0.03269530078125005 0.1331249555555556
2 0.551622354296875 0.5172068506944445 0.015820307031249925 0.07124997638888886
0 0.237304605078125 0.5508748131944444 0.018984367968750027 0.04499998472222222
0 0.454042809765625 0.5231248159722223 0.015820307031250036 0.054374979166666615
0 0.456152183984375 0.5306248138888889 0.013710932031250067 0.06187497777777773
4 0.41396469882812503 0.49687482569444447 0.04535154609374997 0.06562497638888887
1 0.342390990234375 0.5150623152777778 0.053789041406250016 0.10312496388888892
0 0.20475432031250002 0.5581872993055556 0.050624982812500025 0.061874976388888836
0 0.288074603125 0.5572497993055555 0.08648434531249996 0.11624995972222218
0 0.39459800273437495 0.5581872999999999 0.08437497109374997 0.13312495555555548
0 0.48024599674317014 0.5306560205509967 0.04569665678166607 0.07357449142205363
