0 0.5668972044140653 0.48186377166723876 0.060354074994653395 0.03117086222107812
0 0.6151326629421503 0.4827254415662671 0.029219233490699215 0.046811497021423176
0 0.64552187109375 0.48627976041666665 0.04728589375000003 0.04593197083333339
0 0.270421388671875 0.5055780111111112 0.04913340078124995 0.051270402777777835
0 0.36070731171875 0.49393086180555557 0.07300874531250001 0.05858835972222226
0 0.4151850640625 0.47829159444444447 0.03145341406249996 0.0459319694444445
9 0.77802968984375 0.3676022020833334 0.013775515625000012 0.019897968055555604
8 0.197897454296875 0.3627552645833333 0.01635842421875003 0.04897961249999999
2 0.894907474609375 0.5050229944444444 0.038884849218749906 0.16820887499999998
2 0.72441636171875 0.5192309555555555 0.043730051562500094 0.1597633722222222
8 0.42181274492187504 0.41039216041666665 0.007863353906249981 0.017973379166666636
8 0.01423226484375 0.05976860763888889 0.0284645296875 0.061908306944444436
8 0.596310981640625 0.2954195798611111 0.039316767968750055 0.017973379166666636
9 0.008806146093750002 0.40026429166666666 0.012356698437500003 0.027958591666666643
8 0.00543613828125 0.44220217916666665 0.0101100265625 0.04792901111111114
9 0.6552861308593749 0.2957048770833334 0.013480035156249959 0.03394971250000001
9 0.550254196875 0.2947063576388889 0.0168500437500001 0.03195267361111109
8 0.686358420703125 0.39341730138888886 0.008986689843749951 0.02396450555555557
8 0.68804342578125 0.42037737222222227 0.010110025000000022 0.02596154722222216
9 0.7604986101562501 0.32152378402777776 0.011233362499999955 0.01997042361111112
