0 0.03704269765625 0.5883506888888889 0.07213578125 0.23048789722222235
0 0.8665798163880039 0.6018815304592358 0.2668403672239924 0.2460089863243769
4 0.2835289597585361 0.45057784930555556 0.28241402576707214 0.44364588194444443
0 0.44499978203125 0.5120990548611111 0.051664817187500045 0.07798462916666665
0 0.4792490112488295 0.5125843659419744 0.024632106872659043 0.040829434661726505
0 0.531757678125 0.5331899716589497 0.08675789843750004 0.13978230112654522
2 0.5951201890625 0.5172980298611111 0.014622115624999932 0.05372274305555552
2 0.579035861328125 0.5025676013888889 0.007798464843749908 0.04159180277777774
2 0.583909898828125 0.5086330722222222 0.009748078906250068 0.03985880833333327
2 0.948000630859375 0.4878371701388889 0.03411827421875002 0.07798462916666671
8 0.7371099652754667 0.10597177505316342 0.18361662817295732 0.11143003066188242
8 0.864354369272188 0.1545906926807869 0.055189620830624286 0.083892457583796
8 0.10652165973394101 0.33189056352992174 0.017011332094617956 0.032881550717934305
8 0.10543968884718466 0.37358702729530757 0.025665887069369328 0.0396041898538293
3 0.10399888562589994 0.5616923169494332 0.04423005250179987 0.06279369778775523
