9 0.6416866855384131 0.18805356180555555 0.017512057048173713 0.06476016527777775
9 0.6546565212361544 0.1916301431588114 0.011229739347308754 0.06693177520651172
9 0.2177024237417557 0.17435429652777779 0.023320037734382154 0.04234318750000002
9 0.07216734060345792 0.024907757638888885 0.01888896098058418 0.0423431875
9 0.09638276167700999 0.02856551773386477 0.02113551241651994 0.05464026046772954
8 0.16588565976562503 0.14446498819444445 0.06164669765625 0.0996310236111111
8 0.08535822979931453 0.25375489569377024 0.01906039920530861 0.03352564295841995
8 0.46966262001007686 0.2743844178625434 0.028527913104846203 0.03905421983046875
8 0.593909889453125 0.27345318273975516 0.018213797656250086 0.030953584520489685
8 0.6422309284209591 0.2783384686066191 0.016781583404417932 0.03361404832434933
8 0.15025388762394765 0.29612006341647296 0.022756196104574827 0.018324332769542373
0 0.298426059375 0.4059964340277778 0.022416981250000023 0.034870862500000044
0 0.43923272109375 0.4047510458333333 0.02662016406249995 0.027398533333333308
0 0.336254713671875 0.40478777791099896 0.05043820703124996 0.062342858599775786
0 0.47776190742187497 0.40101488124999995 0.019614858593750062 0.024907756944444415
0 0.49317358085937496 0.39976949305555554 0.014010613281249973 0.01743542777777779
0 0.5043820722656249 0.40350565625 0.011208491406249965 0.019926206944444413
0 0.172330540625 0.3810886763888889 0.08126155468750001 0.06476016666666662
0 0.09737376171875001 0.3673894111111111 0.0714541265625 0.0473247361111111
0 0.39369822695312495 0.40879485342332467 0.06444881953124998 0.06537545684664936
0 0.77758902734375 0.46203888541666666 0.11208490468749999 0.14197421249999997
0 0.710073200094417 0.433879818856086 0.018897271957171835 0.03573952143200332
0 0.626570101076519 0.46870356692323834 0.166601936909462 0.2697888161535233
0 0.032574675390625 0.3561809208333333 0.06444881953125 0.047324736111111154
2 0.9095362069268093 0.4668050319316465 0.01940916385361846 0.08425556386329303
0 0.94605913984375 0.5872924584841955 0.10788172031249998 0.31881928333333337
9 0.9162940964843751 0.3845757659722222 0.019614858593750006 0.01992620416666674
0 0.243329229234355 0.39747012022486844 0.07404590378120995 0.06935891510581871
9 0.7725086836964846 0.23395498541666665 0.012088560294369 0.05728784027777775
