8 0.4393545482323351 0.345107490705686 0.022021454277170283 0.02375623656950765
8 0.4856081910807881 0.3591793611111111 0.016192329036576247 0.012140297222222207
8 0.487072511328125 0.34339697430555555 0.02185253515625002 0.01942447638888889
4 0.118310972265625 0.37617577916666667 0.16662558515625 0.1286871555555556
0 0.2172371396436315 0.4160551701902968 0.05309037327949098 0.05008071493031352
0 0.26368045628689507 0.3964723265316486 0.023045406323790096 0.02632447836080576
0 0.3344330263163149 0.40064571944250804 0.016612895198883204 0.02054593433038504
0 0.34996286339807076 0.4049809988483126 0.010835188945615526 0.0176594050811526
0 0.38199015148772497 0.3919581645833333 0.013491897024549948 0.014568356944444416
0 0.40697072356018404 0.3943862243055556 0.012292052343749915 0.014568356944444472
0 0.393993574494501 0.3973351240664177 0.008606022885998044 0.015610037021724199
8 0.456827427191164 0.3458250340277778 0.008590395617671887 0.01942447638888889
8 0.45419126434183155 0.37131965833333336 0.016184516183663122 0.007284177777777845
8 0.590872055078125 0.40167040277777777 0.010926267968749959 0.019424477777777782
0 0.42038907821311244 0.39550923585991177 0.010112452053236354 0.011557088060841547
