0 0.107980900390625 0.7588549444444443 0.21596180078125 0.40333659999999993
0 0.94921838359375 0.8669657847222222 0.09901497656250002 0.25918881111111114
0 0.8409680459536304 0.7054925402777777 0.31239707059273913 0.3437370333333334
0 0.20767991797926783 0.6520658805104118 0.2952944328335356 0.31475878342362085
0 0.3640880649725077 0.6078493923345021 0.10601902994501533 0.15924934588655137
0 0.41555104609375 0.5904515173611111 0.054575184374999974 0.11365498750000003
0 0.4444603256187779 0.5845686894596239 0.03754777623755584 0.08854052439319604
0 0.46388906640625005 0.5791065092788471 0.02806723750000001 0.07761804027777774
0 0.48454967265624993 0.5674540268259574 0.019491137500000033 0.05431119912586291
0 0.49663417734375004 0.5592656979166667 0.01715220156250008 0.040195056944444474
0 0.6569742769084699 0.6030822535563141 0.13619205868306017 0.18541606510959407
0 0.587462876171875 0.5828283166666667 0.045999083593750045 0.09563651388888883
0 0.569141207421875 0.5752051159722222 0.02962652890625006 0.07484596527777787
0 0.553158475 0.575205117361111 0.022609718749999952 0.05544145694444447
0 0.545751841796875 0.5724330430555555 0.018711491406250058 0.044353166666666666
8 0.8248838438542426 0.5183007224666898 0.02491082479151463 0.055595257844398116
