8 0.43960291913260446 0.3066649154567501 0.03812902427329601 0.03370409811944142
8 0.5408227035626769 0.31069800259108205 0.022900831937146093 0.02621616148450262
8 0.5409850771764307 0.3336195356722407 0.02067039022743189 0.017316658852710165
0 0.58050104375 0.40532715625000004 0.10179610312499987 0.1248074847222223
4 0.4988116678870025 0.35470339990289523 0.052222084538495084 0.10956801408309846
0 0.4684131528738084 0.37224616038250313 0.010530632812499996 0.017042995765006286
0 0.4592584913688733 0.37099915824334945 0.009641137574753378 0.01870924426447662
0 0.45062325546875004 0.3720451604166667 0.01053063281249994 0.012480748611111203
0 0.43592049432198365 0.36663733915842733 0.011854469168532666 0.022466347761299077
0 0.41669122031250005 0.37224616038250313 0.010530631249999978 0.017042995765006286
