0 0.7099387349653459 0.5513135443355806 0.03049425506930803 0.029336177995505475
0 0.6715425494109852 0.575989010435771 0.06143752461552954 0.06586385420487528
0 0.7387074341120174 0.5980856235425138 0.06465505208846534 0.07949101375169432
0 0.751692371875 0.5468778423611111 0.038685176562500034 0.02292454861111115
0 0.613249702255446 0.55653329173986 0.057669340801607905 0.05965143040916898
0 0.52602884296875 0.5490549341279298 0.03152125312499998 0.033853392855251574
0 0.5538843454214282 0.5521354072940503 0.03565202365535636 0.03278679096745474
0 0.4988059421875 0.54305708125 0.03725239218749998 0.035660409722222175
0 0.435047040625 0.5366891520833333 0.03295403906249994 0.02801889583333339
0 0.406391353515625 0.5366891534722222 0.030088469531249995 0.03820758194444451
0 0.38418319804687495 0.5405099118055555 0.02865568515625 0.04075475416666663
0 0.355527511328125 0.529047638888889 0.04011796015625002 0.053490611111111086
0 0.326871825 0.5328683958333333 0.03725239218750004 0.0458490972222223
0 0.289619433203125 0.530321225 0.045849097656250004 0.05094343888888897
0 0.25236704140625 0.5252268805555556 0.051580234375000006 0.050943438888888914
0 0.20308623139367482 0.5189904890228251 0.07050692841234965 0.053227533065461075
0 0.16668533082462833 0.5127358198075297 0.05894969016968565 0.05143304517061503
0 0.07699032810954631 0.5249006894802659 0.1245058111342498 0.0740823692553903
0 0.270993237890625 0.49720798611111106 0.04871466796874996 0.025471722222222215
0 0.33045378593749997 0.4997551576388889 0.04441631406250002 0.025471720833333322
0 0.38730252529886755 0.504322337202425 0.02629763653523509 0.01124302003959432
9 0.642795087286446 0.49056983543508503 0.010040844177108044 0.01626198349508573
9 0.564714019921875 0.40306854885305365 0.011462274218749902 0.03587226992832948
9 0.346214413671875 0.40678337777777784 0.012895058593749953 0.028018894444444442
8 0.03884055640538567 0.2927157029115425 0.037169145623271345 0.06504793398034275
8 0.8152032361218637 0.39710244304121867 0.032666593851558456 0.11285241553234221
2 0.555400919921875 0.5876325958333333 0.027222900781250003 0.10443405555555552
0 0.4606039667430283 0.6041589174542662 0.10505963682644343 0.13239235990853238
9 0.555400921484375 0.3923903834943997 0.01002949140624998 0.024704633655466046
9 0.3389607184756923 0.3817938000936696 0.0071146177790999965 0.018794494631783565
