0 0.6560481894644763 0.6766903491992231 0.013037153516682332 0.02152165024976116
4 0.7349714421846476 0.6695665902946117 0.0623959171932047 0.10281738614477887
0 0.7325603454150156 0.707198043876595 0.02125593885746868 0.06349865669125443
0 0.7518209498273725 0.7176315826388888 0.04068703003275498 0.12078947361111114
0 0.76363617327232 0.7247001843717673 0.04103684564286014 0.13906297084461106
0 0.8391514856994082 0.7602631631944445 0.17577102860118365 0.27355263194444446
0 0.08908588713565382 0.8454605263888889 0.17817177427130765 0.3090789472222222
0 0.9086799657104597 0.8496993112263458 0.18259400295408068 0.29718033310286407
0 0.48636983791549426 0.7072069810908732 0.07442311913395594 0.08834920448492012
0 0.6443778045947264 0.6797859531522543 0.015770690810547272 0.016952033030942948
0 0.6717331524893877 0.677793761715489 0.009020520021224776 0.012692778986533537
0 0.6802401230468751 0.6803289506944443 0.007993421093749897 0.010657893055555534
0 0.6893394921945756 0.6803463688207746 0.008381027260724316 0.010623062358450897
