9 0.10367241015625 0.3133591520833333 0.011865226562500011 0.05859370972222222
9 0.12408707068557388 0.38178059004631215 0.015860091441352225 0.03425075879626449
9 0.896403834104381 0.42322873147109674 0.01634269116623832 0.02052054349774901
9 0.812949266015625 0.4446090611111111 0.011865225781249933 0.02578123333333332
0 0.8292474769531251 0.5104684020833333 0.0184570179687501 0.03749997361111107
0 0.8152310152885427 0.5287185088743458 0.032611564952085614 0.04787472669575299
0 0.849022853515625 0.5214840145833333 0.026367169531249957 0.030468729166666653
0 0.7759434628262852 0.5246229775489187 0.04368936340992957 0.06262826156882922
0 0.505771743359375 0.5225170522081984 0.04614254765625009 0.07152760947249187
0 0.445127253125 0.5240555505202079 0.08833001874999996 0.09092427604041581
0 0.38316440546875 0.5253364487489802 0.04877926562500001 0.10338879972426168
0 0.5654382383237045 0.5337743483354396 0.11274119539740912 0.10098687722643462
0 0.8930660085747704 0.5160933888888889 0.024442562462040685 0.03749997500000002
0 0.218369595703125 0.5817183416666667 0.33881812578125 0.2578123222222222
