0 0.348511597214043 0.4767603665021869 0.009264049322020573 0.010374314875909618
0 0.32760290154295024 0.4825802057754718 0.031372969739516254 0.031309598756573354
0 0.3058835130250319 0.4819413842445678 0.01809961615532729 0.019306257232349133
0 0.43531784921875 0.45765138194444444 0.020084235937499972 0.025503791666666664
0 0.4481666066905218 0.4486826857314933 0.013474158693410343 0.026438656314791253
0 0.4623638182036932 0.4589077123355202 0.015724691717613648 0.024615946893262686
0 0.40871148700796955 0.4756085017749012 0.03527005374614872 0.04525300675771443
0 0.36997611743489245 0.48641042527057454 0.0340672048120188 0.04397536369590638
0 0.5460832402287319 0.4789045416666667 0.040168471875000056 0.0714106166666667
0 0.5843733230263974 0.4806289965600893 0.06674218355135997 0.07136221243537694
1 0.11043752621816158 0.5046526273934056 0.22035336806132316 0.3707686729909668
9 0.2718656301395218 0.37622057521829977 0.009563921874999992 0.015302274999999976
9 0.38662791176240885 0.41783712083333335 0.005027671154257618 0.008501263888888944
9 0.3891944148802617 0.4283128919324868 0.003916801841957973 0.007865512205771863
9 0.40237825998632715 0.42884917685560764 0.004351272214845603 0.006792942359530207
9 0.4185987401338587 0.4243938777825559 0.0034291367241520154 0.006407935171539758
9 0.47341413359375 0.35324604833114615 0.009563921874999992 0.02214035221784788
9 0.53653601796875 0.40678547708333335 0.011476706249999968 0.020403031944444427
9 0.2769140108841329 0.36713777678280546 0.008466720123903315 0.02081361818848937
8 0.7587484415785275 0.317996196209193 0.016556187155444935 0.02115530758161399
2 0.6329503702377609 0.4645224603687197 0.015302275000000032 0.06467203436058916
3 0.2705892615221436 0.5322667651765796 0.03559591177214377 0.04664883035315903
7 0.2677898125 0.5092257069444445 0.017215059375000008 0.07481112222222225
2 0.6776606932175031 0.4641615492435499 0.018960847599818198 0.0775287990748123
