8 0.364578134375 0.48411093199668365 0.007798462499999992 0.018542394548922814
8 0.3238825757572741 0.5129655506944444 0.009049808077663701 0.02079590138888887
8 0.2462553331355369 0.5043005923611111 0.008647594385323087 0.02772786805555555
8 0.1388642772805947 0.5055379208618834 0.021920646232563096 0.03146204882308751
8 0.5146985429687501 0.44364588194444443 0.05848847187499995 0.07625163611111113
8 0.44499978203125 0.49694203212323484 0.014622118750000024 0.01647673091313623
0 0.38114986757812497 0.5354944416666667 0.009748078906250013 0.01732991666666661
0 0.373838809375 0.5432929055555555 0.01852134843750003 0.025994874999999973
0 0.35824188398437495 0.5372274354166666 0.012672502343750003 0.01732991527777783
0 0.33094726328125 0.5415599145833334 0.012672501562499994 0.0225288930555555
0 0.315837742578125 0.5463124830122543 0.01949615703124996 0.028568046580064288
0 0.295854180859375 0.5493583777777777 0.020470963281249976 0.031193852777777753
0 0.2724587921875 0.5441594027777779 0.022420579687500053 0.013863936111111141
0 0.127212423828125 0.5476253847222222 0.012672502343750017 0.02079589999999998
0 0.1121029015625 0.5545573520833333 0.01754654062499998 0.03465983472222223
0 0.0867970612587251 0.5559432241521536 0.04086360404504978 0.04575202114013721
0 0.041630440439920306 0.580081525175676 0.08245645349515938 0.08544806441724906
0 0.00804427384681215 0.5691864743878546 0.0160885476936243 0.04006142622429065
0 0.34455855466972873 0.5515511960406027 0.030291081285542587 0.045977436525649784
0 0.4108804198884143 0.5821522936703136 0.08091122584817134 0.11411160122951602
0 0.19106233749999998 0.6212775354166666 0.18131425937499995 0.2096919986111111
8 0.19252454960937498 0.5077665743055555 0.012672502343749975 0.017329918055555615
8 0.585036994086443 0.5005376981249636 0.0198007303603861 0.06179387680548276
8 0.3747413295407105 0.5208315054590998 0.0038635866725366674 0.010565865397922591
0 0.395771985546875 0.5346279465277778 0.03119385078124992 0.015596926388888877
