0 0.586757345703125 0.4448961875 0.010766189843749885 0.025519858333333367
0 0.60595705078125 0.4576561159722222 0.03911715625000001 0.0561436847222222
0 0.658413650869497 0.48299273297404044 0.07201118419850605 0.11298423261474749
0 0.7883414578125001 0.486609 0.2275254781249999 0.2973063388888889
0 0.29628555703125004 0.47492456180555553 0.03588730000000001 0.025519859722222205
0 0.253579670703125 0.4762005541666666 0.03947602890624999 0.02041588611111106
0 0.21482137578125 0.47811454374999995 0.032298568750000006 0.01913989305555558
0 0.34595356640624997 0.4653546145833334 0.02870983906250002 0.02424386527777772
0 0.359231867578125 0.45769865694444445 0.01937914296875004 0.026795850000000065
0 0.387941706640625 0.47139430833333335 0.05239545703125004 0.07460303888888886
0 0.47155911406249995 0.4494684868055555 0.007177459375000084 0.012759926388888954
0 0.47981319375 0.4398985416666667 0.009330698437499951 0.011483936111111093
0 0.47155911406249995 0.43734655555555557 0.007177459375000084 0.011483936111111037
0 0.47981319296875 0.4641424055555556 0.015072665625000037 0.03189982222222221
0 0.533093883984375 0.47254269374999996 0.10058013671874999 0.16247641805555546
0 0.44521785 0.47535724062853035 0.06531488593750007 0.07824616040960614
0 0.913929898828125 0.5405105770833334 0.17034503359375008 0.5394897875
8 0.7405703238281249 0.22878552430555554 0.048519655468750034 0.16205109583333333
0 0.114784984375 0.5150461805555555 0.22930896250000002 0.20251675000000002
8 0.195585781640625 0.34962204444444445 0.03660504453125002 0.12377130833333339
8 0.19963207304687502 0.2992203277777778 0.038758283593750026 0.04465975
