0 0.4173354673216914 0.25014701116686955 0.013536778393382853 0.01946919733373914
0 0.39548975664062497 0.23525776944444446 0.03479381953124994 0.018556705555555553
0 0.3895160006066447 0.25019000239132216 0.04372260121328947 0.0401737436715332
0 0.381572228125 0.2589691145833333 0.048711346875000006 0.045360831944444485
0 0.497551628515625 0.253814475 0.009278352343749963 0.022680416666666647
0 0.502190804296875 0.25484540347222223 0.009278353906249981 0.028865981944444452
0 0.509149568359375 0.25484540347222223 0.011597939843750016 0.028865981944444452
0 0.520167612109375 0.26412375555555556 0.024355675781249975 0.039175266666666625
0 0.47518205821585235 0.25579179972934274 0.012726555305093479 0.018725769985758978
0 0.526546479296875 0.26824746875 0.02783505546875009 0.03917526805555557
0 0.4447810015625 0.2527835451388889 0.015077323437499901 0.02061855694444442
4 0.26849231171875 0.2105154986111111 0.1960051859375 0.2000000361111111
0 0.10670104921875001 0.2525773604166667 0.21340209843750002 0.21237116805555556
0 0.0782860953125 0.2989691194444445 0.156572190625 0.214433025
0 0.8210319560808126 0.4183678068819533 0.3560292550258747 0.3212716082083511
0 0.9550903640625 0.3340206736111111 0.05451031875000001 0.08659795277777771
2 0.61028361953125 0.27505159375 0.011597939062499951 0.06185567916666665
