9 0.4548908990479278 0.47301823008028837 0.00337369984852004 0.015236325802796769
9 0.48743382940466895 0.47905583885445946 0.002918854941833249 0.013590831067800402
0 0.4193047840530698 0.5398835001947566 0.02086477748113963 0.036794719054931035
0 0.4396372612453703 0.5373480107792545 0.01344456456407861 0.019555730275023442
0 0.5597827791225454 0.52974300456119 0.00831118536688491 0.015644584220018798
0 0.7410399541091687 0.5249518642658668 0.04913377231599636 0.01040802146826636
0 0.7684795433812301 0.5259918982197541 0.03752346792503958 0.017702950782714
0 0.842668855458905 0.5374005622883592 0.12381264845719009 0.0605105809788371
0 0.7445896679930695 0.5886285957375381 0.10903367182636092 0.1221169001915905
0 0.25132855859375003 0.5348433770833334 0.03823239687499996 0.018749990277777795
0 0.21836959609375 0.534843375 0.0408691125 0.028124980555555457
0 0.17222705117187498 0.5477838889014244 0.09624016796874998 0.049118922197151194
0 0.11244544908138465 0.5262664302900747 0.07186730876071105 0.0225977327622493
0 0.09576225859375 0.5477339923611111 0.05932613125 0.03515622638888882
0 0.29483438867187495 0.557764344126978 0.06723628203125004 0.07603298119048862
0 0.23156198476704012 0.5859040204864363 0.08834762422158021 0.08537858124934938
0 0.0397320234375 0.5207808854166667 0.052734337500000006 0.01874998750000001
0 0.05458923945312501 0.5573427847222222 0.10917847890625001 0.06374880555555551
0 0.023821087890625002 0.6039839520833333 0.047642175781250004 0.0632812041666666
0 0.00745562216735268 0.6189535201151082 0.01491124433470536 0.05103287078577179
0 0.45477694134215424 0.5392316425189226 0.020321091893055088 0.032014429432147606
0 0.48410356827731565 0.5391218455258866 0.01828753844536868 0.027306927162884187
0 0.501459278896399 0.5382527019581077 0.014468309765295617 0.023830352891768936
0 0.5194878668951595 0.5402082749856101 0.015078128033443328 0.01991920683676418
0 0.5447110968721942 0.5440838734295405 0.023634893755611786 0.03389659914337395
0 0.38448276367187506 0.5653778908401216 0.06723628203125004 0.08517606964232427
0 0.11843439147811059 0.6144845024196248 0.13957902483797965 0.13471725300571702
0 0.635805680566699 0.6018536435383592 0.15497916242956067 0.1894167434788372
0 0.9386224242916841 0.5190777997119638 0.09446165639586823 0.045593645020516715
0 0.9806972359826073 0.5490729091436342 0.03759950615978558 0.09341585393495389
0 0.88216308671875 0.6307700957262714 0.23466780781250007 0.20122843311920924
0 0.9934084602707475 0.7047651333333333 0.01217705602100505 0.14296865277777782
2 0.9538466048875884 0.6379683041666667 0.04647658084982298 0.253124825
0 0.032168658984375 0.5779527409722223 0.06433731796875 0.04332479305555548
0 0.19763509909195542 0.5221379983431254 0.03055582855472408 0.011733438165013932
0 0.46444859403180627 0.5373480107792546 0.005377825825631455 0.023032304546138693
0 0.4712930996280644 0.5288738609934112 0.007822292110009288 0.007822292110009288
