0 0.5692877820312501 0.5047338388888889 0.448411609375 0.5502248722222223
0 0.8804951871093749 0.54069341875 0.23882792109374995 0.46617477361111104
0 0.093094148828125 0.43064844305555555 0.10625405546875 0.1438383138888889
0 0.1861882984375 0.4710202374594866 0.11697694218749999 0.13490665307897176
0 0.28557216560395376 0.5069000784722222 0.14826386097959243 0.19582806250000007
0 0.35824188359375 0.4367139159722222 0.03216865624999993 0.0311938541666667
2 0.15743146757812498 0.4081195527777778 0.014622117968749987 0.05372274444444436
2 0.23444128593750002 0.3873236506944444 0.01072288593750001 0.0467907763888889
9 0.8422351235322758 0.16116823125000002 0.022617786127051676 0.08664958750000003
9 0.723209966015625 0.15943524097222223 0.02437019453125 0.08664958472222223
9 0.593073088671875 0.19236208263888888 0.0370426976562499 0.07625163472222221
9 0.6117350734375 0.03206034791666666 0.046379557812499916 0.06412069583333332
8 0.014268972921814314 0.23461294614475575 0.028537945843628627 0.04951630493271064
8 0.579695881640625 0.17763165277777776 0.17546541171875002 0.10571249722222223
8 0.05897587343749999 0.37086022916666667 0.010722885937500003 0.027727866666666712
