9 0.33313178920242303 0.30978584373806195 0.005332513560854124 0.02775740136415289
9 0.15911439882836687 0.317812865464216 0.009228510156250036 0.04257651912180149
9 0.24567405372458948 0.3531363042973127 0.006106508957312962 0.030083380815987604
9 0.5267095110868556 0.3021936656355159 0.005514434857296635 0.0244178909928241
9 0.5354916403844563 0.3313078911567255 0.007796487981087452 0.02269622879766009
9 0.3234776825603468 0.3092944836689401 0.00661832980106053 0.02133056733444011
9 0.67979506015625 0.39070285 0.017138657812499902 0.016406236111111028
8 0.7567892574212689 0.32580488901824495 0.021353283594962025 0.060047697480934414
8 0.66942903280621 0.36310148391407837 0.017216607798952732 0.012636950226108834
8 0.5371646634325407 0.37296705609147346 0.012475419833105739 0.00845542878906036
2 0.719345815234375 0.45632780347222224 0.01450194296875007 0.07265619861111111
2 0.705503051171875 0.4504684333333333 0.01054686796875004 0.06093745833333336
2 0.6745216265625 0.4551559291666667 0.014501943750000024 0.0749999472222222
2 0.5571877230468749 0.4375778166666667 0.009228510156250036 0.03984372222222221
2 0.17090869257812502 0.4317184472222222 0.014501942968749987 0.06093745833333336
2 0.600693553515625 0.45164030694444446 0.014501942968749959 0.0726562
2 0.544004137890625 0.43523406805555553 0.00659179296875001 0.035156224999999985
7 0.19002488984375 0.43874969166666666 0.013183584375000001 0.0843749416666667
3 0.7147315609375 0.5114058909722222 0.044824189062499964 0.07499994861111103
0 0.39176906748122386 0.42641598322310836 0.013112919725052186 0.025315976740518498
0 0.43194366835937503 0.4282028215277778 0.014501942968749904 0.030468726388888867
0 0.42266978867628846 0.43007819690564497 0.009137767977576816 0.031405478410932275
0 0.473471960546875 0.42937469652777777 0.007910150781250014 0.032812476388888845
4 0.45831083828125 0.4270309486111111 0.035595678125000085 0.03281247500000001
4 0.49522487617187505 0.42468720069444443 0.04350582890624999 0.07968744583333331
2 0.504453384375 0.43874969166666666 0.011865226562500053 0.04687496944444447
0 0.3710937224613608 0.4252015441272222 0.027685528125000025 0.02906172702204346
0 0.4086851589883047 0.43077828979097554 0.02599269610160948 0.04499465458195112
0 0.24671430390625 0.43874969166666666 0.1028319609375 0.12187491666666661
2 0.015251757812499999 0.3496872520833333 0.030503515624999998 0.19218736805555553
4 0.083806398046875 0.4176938116520543 0.16761279609375 0.281325517748553
0 0.870297859375 0.6063277006944445 0.25839825937500005 0.5226558902777778
3 0.190574933984375 0.45057784930555556 0.010722886718749991 0.04852376805555558
