0 0.456820992578125 0.45304736805555557 0.014350397656250014 0.023385833333333328
0 0.613479500390625 0.4647402847222223 0.05500985703124994 0.04251969444444442
0 0.736653747265625 0.4763427294319789 0.12676184609375007 0.08734635224715326
0 0.832801440625 0.4860001479166667 0.17698823749999992 0.07653545416666668
0 0.43948092851562504 0.45836234375000007 0.02511319453124994 0.03826772916666671
0 0.48611972109375 0.47962219375 0.04424705937500001 0.059527576388888837
0 0.084308586328125 0.55828363125 0.16861717265625 0.3954331819444444
8 0.017415816867100923 0.21292801535321437 0.020481235296701848 0.03467481959531765
8 0.0484325921875 0.3040158333333334 0.041855326562499996 0.06377954722222218
8 0.03947810673133438 0.34653552847222224 0.029825762298108523 0.021259845833333346
8 0.49030525468749997 0.42009461805555554 0.014350398437500023 0.02125984999999997
8 0.5348586083011706 0.39012859621308466 0.007961848349765877 0.022803720911395486
8 0.9202683917486362 0.32396060205994137 0.02442878399469728 0.08630591664589077
