9 0.323261605078125 0.07781247222222223 0.013710932031249956 0.08062496944444444
9 0.28371083945312503 0.37406236875 0.01054687265625004 0.020624993055555596
9 0.01476561953125 0.2999998951388889 0.008437496874999999 0.029999990277777833
9 0.10757808789062501 0.3881248652777778 0.008437496093749997 0.018749994444444473
9 0.44597302775897685 0.21061732985357023 0.010227614892953651 0.051265170848415115
9 0.67183570234375 0.40218736041666664 0.012656245312500092 0.04687498472222218
9 0.29847645820312496 0.0778124722222222 0.01898436796874997 0.08812496944444444
9 0.43021817148203817 0.22086116069813355 0.014953975785923723 0.06827750360373297
9 0.8701168835937501 0.3496873777777778 0.02742186562499993 0.039374986111111066
9 0.802616906640625 0.3187498875 0.023203116406249946 0.05249998055555555
9 0.7740098889899976 0.2045079367390665 0.03190154389500488 0.120265973478133
9 0.23912512714184322 0.3858265414123656 0.011124573841313545 0.023346636619713257
9 0.19933586796875002 0.3790804538801613 0.012656245312500009 0.023161163315878197
9 0.1892348347829526 0.30177393008078474 0.011438546128405197 0.033548060161569526
9 0.010546871484375001 0.2503124125 0.01898436796875 0.05812498055555554
9 0.074882786328125 0.0356249875 0.018984367968749985 0.071249975
8 0.0195117125 0.06281247847222221 0.039023425 0.03187498749999999
8 0.050097638671875 0.1303124548611111 0.05800779140625 0.04312498472222223
8 0.28265615039062497 0.32906238402777777 0.014765619531249996 0.039374987500000014
8 0.340136599609375 0.39843735902777777 0.013710932031249956 0.03187498750000001
8 0.69134741484375 0.34874987916666667 0.02214842968749997 0.018749997222222203
8 0.707167722265625 0.3328123840277778 0.020039055468750067 0.016874993055555565
8 0.6861890809509681 0.32245256108219006 0.013480727160563921 0.018844641724508837
0 0.3728319 0.43312484791666667 0.03480467499999995 0.03374999027777781
0 0.33855456953125 0.45562483958333333 0.029531239062499992 0.0262499902777778
0 0.27939175392064 0.4529956197407141 0.046606906221219935 0.03525843551857166
0 0.2358064983603807 0.44622680489958055 0.030789242272961648 0.019983141369400104
0 0.5125779453125 0.5728122979166667 0.31007801562500004 0.5268748152777778
0 0.8285217585937501 0.6101218879806177 0.3384478593750001 0.4150683518165424
