8 0.48680774180498754 0.3370407458333333 0.028615692984975183 0.056938763888888855
8 0.73947978828125 0.26759804374999996 0.0793680484375 0.10907372638888885
8 0.5457411430532979 0.4383962582863792 0.007060862092844733 0.015817927536088516
8 0.45182616002699116 0.40160883681996706 0.006178030991482342 0.01464642363993418
8 0.44205976505932565 0.3810555161932754 0.005089454256348602 0.027684717613449095
8 0.5044498300059289 0.4334692958333334 0.006042741261857776 0.018367344444444378
8 0.39725839031539734 0.40481890140580534 0.010201520186419066 0.016917730146045862
8 0.4182234487305663 0.391695252137195 0.011294009961132612 0.05185646436105462
8 0.280331568359375 0.4046508393071929 0.020663260156249974 0.020730428614385954
0 0.5831352458728378 0.4498010205670454 0.03545790710777541 0.043833718934609134
0 0.620242210546875 0.4536312266938007 0.06405611015625001 0.0746095783876013
1 0.6727613421875 0.44204071666666667 0.10021681562499996 0.09551018333333339
9 0.71322688359375 0.4075120192682047 0.010331631249999917 0.015432377425298238
0 0.14923466666127247 0.49121712005311347 0.12246776084733414 0.13876096232844914
0 0.2399458886757544 0.4631802189516426 0.04771013827349124 0.07894545931893704
0 0.32476374364468863 0.5332651902777779 0.12396723614812283 0.18612241388888895
0 0.46970042675905677 0.48548729636059706 0.0833638398656113 0.09546456494341643
8 0.73803598046875 0.34968591875 0.0774872203125 0.05510202361111116
