0 0.4085197408385318 0.6233735744144617 0.010204098864563693 0.031122973828923484
0 0.42482526637761775 0.6321565756604179 0.013899230749038649 0.03515622638888882
0 0.43796883121238556 0.6340135347550657 0.026367169531249957 0.049218718055555555
0 0.4571678909249919 0.6335933208333333 0.04141917028803571 0.04687496944444447
0 0.38667285935063567 0.6274849344363039 0.03650386043423132 0.07399774940487358
2 0.14364280112517738 0.7328898126405747 0.06316466318785476 0.13109429971885056
0 0.6225912738047688 0.7482027006944444 0.6853781607247733 0.4989057513888888
8 0.12218958810913136 0.48281216875 0.017621518405762746 0.0374999763888888
8 0.20980057449501105 0.5097652743055555 0.01618345836502208 0.03515622638888888
8 0.4984104335939919 0.5552530704946743 0.013183584375000001 0.027694388211570775
8 0.6489281191574681 0.471617318920013 0.018906660189452418 0.03176469827108491
8 0.8190819120358308 0.37069399228945066 0.036151430615838365 0.03826346791223456
8 0.8218360979932223 0.33937476527777777 0.05636859911144465 0.05624996111111108
8 0.6617346575720705 0.4331247034722222 0.018294432331640964 0.02812497916666673
