0 0.2512126135153543 0.5180838687396215 0.1843762301030123 0.12253443747924314
0 0.42411105976562496 0.5185962993055556 0.15101692109374998 0.09915252638888888
0 0.720138545703125 0.5048674909722223 0.14415251640625004 0.0899999847222222
0 0.8728715675781249 0.5094437597222222 0.1544491242187499 0.08389829166666668
0 0.9736925226562501 0.5010539312500001 0.048908889062500016 0.08237286527777782
8 0.45453146308668935 0.26385058541666667 0.024802679298378705 0.05033897361111109
8 0.4739121584518588 0.32993871734551966 0.02752594034121769 0.01578980419784959
8 0.4589493773408445 0.3611154872373229 0.023341899994188953 0.017504050525354253
8 0.38925186246051535 0.2745821269611033 0.009654845391469269 0.04739528169998436
8 0.7087389026539395 0.23769143438150198 0.021749743428075674 0.05644066805555556
8 0.788782600390625 0.22342686458333333 0.0480508382812499 0.01830508194444444
8 0.2307139283737231 0.4094881491417166 0.016106579219355766 0.03325160974826841
9 0.3180014827071772 0.2465757306882117 0.013923245698764075 0.05556520859860739
9 0.30012273437500003 0.2491127731169589 0.016302962500000018 0.04916699469413663
