8 0.41538472559369455 0.4710458496103431 0.006532757137628575 0.018754889724822477
8 0.41538015796053485 0.49283366319201427 0.008314427828930271 0.016903191020519293
8 0.5196723210851213 0.5152078549960389 0.013077083126851963 0.00596118945350832
9 0.4736194890241584 0.5164898880416859 0.0029712640465757167 0.01396161775003868
0 0.203233339453125 0.5645823704836506 0.027735372656250007 0.038908920143809866
0 0.27783193046875 0.5649950158889934 0.018171451562499996 0.02705681768910584
0 0.3268559315069254 0.5599190924394191 0.029152160423649376 0.0380339595656064
0 0.45093891640625 0.5525821541666667 0.012433098437499956 0.02550379166666661
0 0.44041860234375 0.5559826583333334 0.01625866718749991 0.028904297222222097
0 0.460981034765625 0.5483315222222223 0.007651138281250025 0.017002527777777665
0 0.49445476015625 0.5485613710877886 0.007651134375000035 0.011092719107215765
0 0.51262621328125 0.5474813958333333 0.009563921874999881 0.01530227499999992
0 0.544187155078125 0.5559826597222222 0.015302274218749967 0.02210328611111112
0 0.545143532421875 0.559445151388889 0.013389519531250005 0.02537981944444445
0 0.5580548265625 0.5560481514742743 0.01434591093750004 0.035574324829229176
0 0.56714056796875 0.5627836715277779 0.024866196874999913 0.045906826388888766
0 0.584355627734375 0.5721350618055556 0.022953411718749983 0.04760707916666662
0 0.5881811964843751 0.5746854416666667 0.017215060156250073 0.04590682777777788
0 0.6129130755340637 0.568866427822571 0.05137654325562757 0.07794788046596901
0 0.6271182301672646 0.5794435026504448 0.04344394939702945 0.07618047213438073
0 0.170716005859375 0.5627836736111111 0.04495043203124999 0.05270783888888886
0 0.11489629257602338 0.5686839965977628 0.053299500785453244 0.05430697375108118
0 0.25105295000000005 0.5614130221673033 0.037299295312500036 0.03996536958259245
0 0.428941896875 0.5576829125 0.02199702031250006 0.02550379166666661
0 0.36107651139395813 0.5667778928603322 0.04502735403791619 0.05492090872378008
0 0.46704504377064004 0.5572770789577439 0.016563749958719842 0.024298337091996358
0 0.4862473612221049 0.5506742699653535 0.013964941018905552 0.02165721349504035
0 0.5014515265306854 0.5550657332076394 0.012080745248870761 0.02026943308194562
0 0.5193209582031251 0.5571953446489017 0.015302274218749967 0.023078419035529762
0 0.674271253911497 0.592663468481342 0.0925759628110353 0.10232529114941524
2 0.8548741933593751 0.5813759208333333 0.019803389843749852 0.13409891111111116
0 0.922222912109375 0.6517619611111111 0.15302275078124994 0.33154929166666663
