0 0.4781265602864857 0.4647970746920813 0.007723743359952406 0.008934823937829017
0 0.45278544765625006 0.4606931462765679 0.01156943125000004 0.015651803664246844
0 0.29389359335937504 0.5157996201388889 0.26624715546875005 0.34778409861111115
9 0.335273097265625 0.3665890173611111 0.009195444531249986 0.02371983749999995
9 0.45606048192865195 0.40743094375 0.006760402919803954 0.01682825972222224
0 0.39167621320011026 0.44136477025142584 0.009455507468154933 0.02068897360553562
9 0.40295008748906425 0.4270320213388522 0.006303671645436604 0.017458970455482226
9 0.469630546322818 0.43163983294313923 0.0053198585320980984 0.010721545224832763
9 0.523929944921875 0.44261002638888886 0.008414130468749947 0.022437686111111077
0 0.46507380436331325 0.4688540083259236 0.014918240269987393 0.030363539973838727
8 0.7934075238281251 0.27406028055555554 0.06205421953125001 0.127146875
