7 0.30088470390625 0.5285382111111111 0.02579011718749996 0.10443405555555557
3 0.30088470390625 0.5540099305555556 0.03438682343749999 0.08405667777777781
2 0.214201253515625 0.5310853854166666 0.04155074453125002 0.16047184305555556
2 0.14972596015625 0.5400004861111111 0.038685176562500034 0.17830204444444447
2 0.1051206632691836 0.5413081672214421 0.04568554117142869 0.19103790833333334
2 0.37753866484375 0.5132551784722221 0.018626196874999945 0.07896233472222225
8 0.3048852321869763 0.3582053907219911 0.030925604998952527 0.06433472311064886
0 0.26772810745546405 0.512811754659845 0.054040686785928105 0.06195041331461215
0 0.205604547265625 0.4954249715277778 0.058744157031249994 0.0840566791666667
0 0.156889881640625 0.4979721451388889 0.05301301953125001 0.0789623347222223
0 0.5654050515766147 0.5088750636083675 0.007333398853133777 0.024353010550068444
0 0.5871245277291048 0.5045594763989194 0.010828199208209655 0.020816175020061167
0 0.6618392464953239 0.4959911119979501 0.045222626260991605 0.07783005655965541
0 0.6944071730590229 0.516241223418894 0.035373253881954336 0.07808458649554517
0 0.6162746389342947 0.5162290579238783 0.06160972500000006 0.09051725569070362
0 0.5409364753353373 0.5172524451589393 0.044537113170674436 0.06148514865121191
0 0.5136870692237516 0.5115771484288899 0.018626196093750047 0.028018893055555605
1 0.85189261015625 0.43255355635174136 0.29515356718749985 0.5965623932590384
0 0.5754455220870562 0.5106133507439252 0.021058727534634225 0.02956787195674143
2 0.48786305585937506 0.5094344215277777 0.010029489843750017 0.03056606527777772
7 0.6513057988442754 0.5045342225998066 0.011482143001050882 0.04508827702260887
3 0.6540747654047732 0.5244936267059441 0.01510729174704628 0.04243760896744386
0 0.5610050122647343 0.5108391319620007 0.004400039311880266 0.010864294597235258
