0 0.03154323096016487 0.5013100625 0.06046580703125 0.029121747222222272
8 0.45185427851562504 0.4493244303176934 0.05265315859374997 0.06236876714239098
8 0.38677512646171014 0.43863346202701864 0.06552392968749998 0.05729312764864858
8 0.29912306952011336 0.4701081916666666 0.06559803283477322 0.04160249444444447
8 0.34849568472250947 0.5137908111111111 0.013655607117481205 0.020801247222222097
8 0.4816910671875 0.528351686111111 0.014040842187499958 0.020801247222222208
8 0.160506807421875 0.4815488784722222 0.022231332031249967 0.0228813736111112
8 0.13652036796875 0.4503470069444444 0.02106126250000001 0.03536212222222229
8 0.1074518662796198 0.4513870701388889 0.018354615878260414 0.0208012486111111
8 0.07143761701367277 0.4504883259325059 0.03598446215234553 0.03091922869054381
8 0.5776368210937499 0.4742684423611111 0.018721123437499987 0.02912174583333338
8 0.5764667515624999 0.513594071093221 0.00936056093750004 0.024568019964219867
0 0.21081982460937498 0.5226241301380543 0.04797287578124998 0.07385884805722476
0 0.2580904702431749 0.5179510604166667 0.017551054687500012 0.029121745833333268
0 0.08503728046875 0.4940296270833333 0.014040840624999995 0.022881373611111033
0 0.118762122265625 0.4915324329101469 0.010530630468749996 0.01511346304251604
0 0.11057163085937499 0.4870958888888889 0.010530632031249987 0.014560874999999973
0 0.09945596328125 0.49021607500000003 0.0140408421875 0.020801247222222208
0 0.24062304665614503 0.5225661117013941 0.010183377000209964 0.01477708729167726
0 0.334055033203125 0.5401390687500001 0.010530630468749969 0.012480748611111037
0 0.06731807246323537 0.48364229058268954 0.009499873972913991 0.014587450609823582
0 0.24161948984375003 0.5096305604166667 0.010530632812500024 0.016640998611111124
0 0.7630929421875 0.620917236111111 0.04329259531250007 0.035362122222222236
