0 0.039479717578125004 0.766848838888889 0.07895943515625001 0.3310014194444445
0 0.516648158984375 0.6316754840277778 0.3197369742187501 0.4349809236111112
4 0.8466206148437501 0.4145512333333333 0.30121562343749997 0.8276376222222221
0 0.71209713125 0.5259629902777778 0.041916737500000134 0.17503216388888881
0 0.400158620703125 0.5008346090277778 0.02437019609375002 0.07278565416666671
0 0.670667798046875 0.49216965 0.06628693359374993 0.10397950277777773
0 0.6355747152343749 0.4904366590277778 0.019496157031250072 0.045057784722222216
5 0.364578133984375 0.5718872694444445 0.046790775781250016 0.09704753611111117
3 0.12818723125 0.5285624763888889 0.07116097187499999 0.07278565277777771
3 0.188137914453125 0.5363609388888888 0.07213578046875002 0.08491659444444444
9 0.5486579242434035 0.3581772059716626 0.005732582404273656 0.024910146698781832
9 0.6116919234375 0.3595957833333333 0.004874039062499946 0.025994874999999973
9 0.5393292819501282 0.36142307749812635 0.005327761099743755 0.018874306114858408
9 0.6034006887376129 0.36190216715055645 0.0058595834622743315 0.02367567596777964
8 0.657020487890625 0.4029205763888889 0.015596925781249937 0.008664958333333306
8 0.42452881679687504 0.3978054428105776 0.00877327109375009 0.01889522548995587
9 0.6657937585937499 0.4237164770833334 0.011697693750000071 0.008664959722222199
4 0.5746078434331224 0.4073782532623871 0.055481283741244836 0.020545504586336916
