9 0.9210362795929274 0.1929160566814748 0.006636658001645146 0.02440209391850512
9 0.927170611891811 0.19164960883259086 0.005568018181055234 0.022791355198416047
4 0.05858146757812499 0.30198617152777774 0.11669489296874999 0.19372877638888886
0 0.029055749847514932 0.37628796842349455 0.058111499695029864 0.14885397981967752
0 0.2124674336294628 0.31079555080152454 0.033195712571425645 0.03272021228583971
0 0.2572361978850167 0.3086342581811507 0.02145126718750004 0.019830506944444437
0 0.28811002578125 0.3238185286982507 0.059205496874999985 0.04633526482572092
0 0.28529329685415394 0.36452853263888885 0.09479046760334128 0.06864405416666663
0 0.3184011550874722 0.34997220024790177 0.0454766875 0.060887317162470145
0 0.4033621865773411 0.32105396249999996 0.042591221592182205 0.04881355000000004
0 0.443417199609375 0.328289554614694 0.018019064843749988 0.026674567562721407
0 0.3860708593081573 0.34510784001915507 0.05548718138368536 0.07556537170497679
0 0.500906594921875 0.32105396527777774 0.009438557031249961 0.015254236111111152
0 0.5218410836469571 0.34195028889435747 0.04272702510641435 0.07108868610017394
4 0.58557571171875 0.2992315611111111 0.070057909375 0.13635515555555555
0 0.623942836328125 0.2856117041666667 0.010108542968750078 0.019020122222222213
0 0.6807445214956489 0.29408632309900895 0.02044060232120226 0.02843758230912896
0 0.6961291236662667 0.28427530546783086 0.013728810937500002 0.016627133779913816
0 0.7116532597461663 0.2829183791666667 0.015635355429832742 0.021355930555555513
0 0.729655584584308 0.28615649236111107 0.01687310270638387 0.020981390277777734
0 0.5455207405948923 0.40800309930555556 0.10038294993978447 0.14949149583333327
0 0.7362235219239028 0.358212661922493 0.09993280818690986 0.11788595948834729
0 0.8519550076693361 0.3164776951388889 0.03432202734375012 0.051864398611111084
8 0.9287650348530833 0.3020174250134174 0.010536952518666487 0.019767997195387466
8 0.9479510023437501 0.30198617083333334 0.011154659374999931 0.025932200000000016
8 0.961570925603292 0.3086482713059267 0.01137243473091576 0.027053009278520057
8 0.992140612890625 0.30351159513888887 0.012012708593750032 0.01983050416666665
8 0.9939665653442233 0.2249763607829868 0.012066869311553319 0.04419008267708474
8 0.9455895623306501 0.24758131428844338 0.00912733627619966 0.021737996423113276
8 0.923124636328125 0.2592130256944445 0.011154660156249996 0.01372880972222218
8 0.671715785546875 0.22962422451587605 0.021451266406250058 0.03324540374602572
8 0.6709871772593349 0.2630265861111111 0.014327981418830182 0.021355930555555513
8 0.543653944383732 0.26836556666666667 0.021875845607536193 0.02898304444444444
8 0.45565411526844135 0.1738179553086086 0.02126849853540641 0.05649794950610609
0 0.6259939304687501 0.28449147083333337 0.007722456249999898 0.013728811111111072
0 0.6342830874237444 0.2842751533200396 0.014586859375000039 0.01830508055555552
0 0.6478742226562499 0.2852541840277778 0.013728810937499891 0.02135592638888889
0 0.6609606204856322 0.29612909015575484 0.01563100815876428 0.04092658586706516
8 0.759972426953125 0.22227597569444446 0.007722455468750056 0.024406773611111127
8 0.7608967742069999 0.24204149333807026 0.00785504997649955 0.015124256120584989
0 0.79300737734375 0.28558105 0.013728810937499891 0.01677965555555555
0 0.8059229686013001 0.29053280982751895 0.0138184715776003 0.02058148632170448
0 0.8247775254853286 0.2913097412808671 0.013984766160267226 0.02213534922840088
0 0.841357302016715 0.295194398547608 0.02394490875831834 0.027832846552954205
9 0.82089402421875 0.1841403902777778 0.007722456250000009 0.02440677500000002
9 0.5503478728907489 0.28133214644753246 0.005546074531002088 0.016998523450620417
4 0.351049972265625 0.28427356111111113 0.01458686171875001 0.028983047222222225
0 0.36520781015625003 0.2924454652777778 0.012012710937499949 0.01830508055555552
4 0.40553618984374995 0.2832929243055555 0.015444909374999982 0.024406773611111043
2 0.16227882265625 0.3095519923611111 0.006006354687499993 0.025932198611111124
0 0.1202343390625 0.3194672423611111 0.014586860937500015 0.048813548611111146
2 0.140398530078125 0.3118401263888889 0.006864405468750001 0.021355927777777783
0 0.32916968085937504 0.2904841986111111 0.017161013281250026 0.02135593055555557
0 0.3067357160508619 0.29257592797044674 0.015195618039223868 0.014121621836884202
0 0.4334152131727048 0.2843293064408856 0.011169911154590373 0.015147837881771153
0 0.6404632813367903 0.3241914082099963 0.03739663298608065 0.05767030302445186
8 0.6474199201798707 0.23988295607286936 0.0077504933696189715 0.00942755801230638
0 0.19366635057199913 0.312822822387845 0.011945321095228278 0.017092491973659973
