9 0.38505797265624997 0.5579922396133299 0.007748728124999993 0.023126845893326364
0 0.4257645792879077 0.5586493018725255 0.008988611736684637 0.018318514856161983
0 0.45343357656250005 0.6123545055555555 0.020806259375000025 0.0400146027777778
0 0.4698634953125 0.6122451736111112 0.02410715468749991 0.04285716388888894
0 0.48363901171875 0.6122451715277777 0.030994912500000027 0.04897961250000005
0 0.5081435581808518 0.6176450022308895 0.03721614904834486 0.08103711776044342
0 0.5410506826295933 0.630130815423306 0.049591856250000066 0.08724493749999995
0 0.5957296194857475 0.6434009608381727 0.09663986206137876 0.12914141149440028
0 0.33429459188921185 0.6066849464454427 0.01671206971592376 0.02823815677977426
0 0.31302401171875005 0.6083573565876512 0.024107154687499965 0.03770542706419122
0 0.288111613742598 0.6123256854798598 0.029161519389803936 0.04258085984860838
0 0.25005095396443855 0.616618750511148 0.025994561053877152 0.05728943991118507
0 0.43485123398437503 0.615525063888889 0.012914547656249997 0.03673471111111104
0 0.20821118632812502 0.6163268145833334 0.06285079453125 0.07040819305555557
0 0.3694577758441794 0.6022961874999999 0.01721939531249994 0.0290816444444445
0 0.4078807958534683 0.6231035086860706 0.05594293588026511 0.09363512688226161
0 0.09749406718749999 0.6293303085875359 0.1747768640625 0.18011553838048378
0 0.66673801875 0.6719101096609847 0.15176139218749995 0.15618045290025273
0 0.8748848340367579 0.7742719448079443 0.25023033192648425 0.29633341744697195
