0 0.2310148247894807 0.3097348005395901 0.010397514499462884 0.012287163312726501
0 0.24407656221384008 0.3207269941068208 0.013990499443604476 0.01460111327026159
0 0.1521287191846732 0.28780889739751914 0.015450573042193355 0.013880992045570417
0 0.17849334586472637 0.29006436266821944 0.00934879828010185 0.012539409820517211
0 0.20075675295827272 0.29870056611920914 0.010897943748154615 0.011113744500274525
0 0.18889534514249215 0.30107757735646967 0.015296476602755182 0.015867766974795527
0 0.08875240019883224 0.33903940591945386 0.023946901960164482 0.016741463161092263
0 0.06690178585717771 0.33885615748947173 0.015547262660644608 0.016374966301128002
0 0.22139683359375 0.32534641805555553 0.015776495312499944 0.02617729722222223
0 0.27345927109375 0.31973699513888887 0.014724729687499993 0.022437681944444454
0 0.3103367989112835 0.31323369580462845 0.01695966657256709 0.016910316609256903
0 0.34234997187499994 0.32628131805555555 0.01577649687499999 0.01682826111111113
0 0.3192111109375 0.3521514496552989 0.026294160937500033 0.032401056244957704
0 0.3587890927280053 0.3501821330527246 0.029449460156249996 0.04487536944444448
0 0.38652416289062497 0.36180765138888893 0.04101889140624998 0.05796401666666667
0 0.4405342319610256 0.3734548766095971 0.04537166580023605 0.05810471913303494
0 0.2583453974155053 0.37676610833333335 0.08308954765624998 0.08788093055555551
0 0.14829592102983044 0.36691156610256337 0.09918052894421552 0.09548967723909868
0 0.04334780078125 0.4177683020833333 0.0866956015625 0.186980698611111
8 0.33025465859375003 0.2313153420167871 0.079934246875 0.0505252395891298
8 0.331306425 0.19670368819444445 0.02734592812500003 0.014958454166666663
8 0.4170253875 0.2032480125 0.028397693750000008 0.016828261111111076
8 0.41124067343750004 0.22669858471016313 0.04838125625000006 0.029760944468562645
8 0.41176655625 0.24905828749999998 0.04522595624999998 0.018698072222222167
8 0.252949826171875 0.23503473749999998 0.019983561718749987 0.04674517222222219
8 0.500640821484375 0.2561635576388889 0.012621196093749953 0.02617729861111112
8 0.5500738421875 0.21689760972222222 0.033656526562499955 0.08227150555555554
8 0.5543627998358746 0.10130912719099675 0.02961324498424922 0.026856401604215707
8 0.895203494140625 0.28060460000000004 0.03996712421875004 0.09536015555555558
0 0.4473238022119639 0.34572307884155773 0.02169022754000216 0.026939460688952532
