9 0.482213286328125 0.24976795624999998 0.010071288281250035 0.026856768055555563
9 0.21330988164062503 0.27797481611181635 0.010071288281250007 0.020575689998589497
9 0.274744740625 0.30616717222222223 0.008057029687499995 0.014323611111111134
9 0.541130325 0.23186344305555556 0.007049901562500072 0.023275866666666672
9 0.6133086210762204 0.19375244972955324 0.009734123472559308 0.022252835570217594
8 0.5174446230771197 0.244743383815464 0.022073530547932596 0.01310917813135748
9 0.40818931484375 0.31243375416666663 0.007049903125000034 0.016114061111111078
9 0.4811259652569747 0.29729187905734045 0.004363372317614578 0.014169683551985779
9 0.449985161328125 0.32675736527777777 0.004028516406250016 0.016114061111111133
9 0.48055923597526995 0.32212777380110413 0.0037432516739244193 0.010910629761782975
8 0.49298941300947896 0.2953775291811384 0.012690130231042152 0.010648833362276844
8 0.5164556671875 0.29542446527777777 0.008057031250000013 0.010742705555555565
8 0.5647978539062499 0.271318022007101 0.008057031250000013 0.00882295876357575
8 0.1749175041786569 0.28355261272951193 0.008299991642686189 0.013000999540976166
8 0.17068251523981615 0.29811014166666666 0.01475570858286765 0.01253315833333335
0 0.28129107890625005 0.3858422569444444 0.03726376874999998 0.0519230916666667
0 0.09655544324679909 0.4261274111111111 0.10891493805609817 0.0823607583333334
0 0.05505549188990187 0.4924388854252588 0.11011098377980374 0.20424100140607315
0 0.4298411735706535 0.3492428958961483 0.01812549557880694 0.028857002903407813
0 0.38301109375 0.3715186458333334 0.08157743749999996 0.11637933611111112
0 0.4761705140625 0.34466187569444445 0.014099803125000088 0.016114062500000026
0 0.48976675234375 0.34197619930555556 0.013092676562500072 0.017904512500000025
0 0.5124461064303899 0.33570961944444444 0.042337322235779684 0.06982760277777778
7 0.460056451953125 0.3482427791666667 0.012085547656249918 0.04118038055555556
5 0.46114397735728596 0.37073197010348413 0.01627485471457185 0.04676883187363484
0 0.5481802265625 0.3249669131944445 0.019135446875000017 0.030437673611111105
0 0.5647978519531249 0.33481439375 0.02215683359374998 0.05013263472222218
0 0.611000458945974 0.32739551768768377 0.06750393644309649 0.09536677797453086
0 0.630608644567614 0.33774396297660153 0.04563309523977199 0.08105809261986974
0 0.701767377734375 0.32317646180555554 0.12085546328124996 0.12354114027777774
2 0.24855939179687503 0.3795756784722222 0.012085547656250056 0.050132634722222236
2 0.24050236015625004 0.38852793472222225 0.010071289062500016 0.046551736111111075
2 0.210288493359375 0.39479451249999997 0.01208554765625 0.04118038055555545
3 0.68363905859375 0.3786804513888889 0.04834218437499993 0.09489391944444447
7 0.677092720703125 0.3106433034722222 0.04129228359374992 0.13070294583333328
2 0.7727699632812499 0.28915788750000004 0.029206737499999913 0.12712204444444447
2 0.8095301660156251 0.2802056284722222 0.02618535078125006 0.09847481805555552
2 0.837729774609375 0.28199608125000003 0.03021386640624979 0.13428384861111112
2 0.9057442584861279 0.26665716052121335 0.02712590802774406 0.1394150349313156
2 0.9337381366137328 0.26578460617966687 0.022819076352465606 0.17705985402600044
2 0.97822425078125 0.2655091891432985 0.03524950937500004 0.17292811717548592
