8 0.53389185234375 0.28316155555555556 0.03711340781249994 0.02474227222222225
8 0.5175958680706859 0.31081549206883186 0.06970537635862817 0.04444252443550606
0 0.24734134238799266 0.44548465900678696 0.05415925818315673 0.054380611544165625
0 0.38737119765625 0.44175265069444447 0.015077321874999994 0.02061856250000005
0 0.5181959640625 0.46597945902777776 0.016237115625000076 0.020618562499999937
0 0.37748333769084896 0.45651614041286187 0.009426147756845693 0.020009961952886512
0 0.5339807247387718 0.46685820312441295 0.01811590104004368 0.022247394517120045
0 0.5086856582031251 0.47525781041666665 0.01623711640625003 0.022680415277777755
0 0.5482885412627737 0.4675198858174897 0.011258165911952611 0.019575702190535005
4 0.525502670703125 0.45257739444444445 0.01739690859374987 0.022680416666666703
0 0.487227715534445 0.46531777564025656 0.012761240806110019 0.01781821260837574
8 0.497203704296875 0.46185574583333333 0.01043814609374999 0.012371136111111125
8 0.29670338716629757 0.3737964292529312 0.012581914957595086 0.023541291494137473
0 0.129317031640625 0.6578140647996014 0.25863406328125 0.3678224130956579
