8 0.4221905827996384 0.6243662421663011 0.007276591829868173 0.013501976474314059
8 0.43349016719889943 0.6472252136040715 0.005992181227201188 0.01009947279185719
0 0.2879566496552449 0.7294154843390537 0.05845936181048983 0.07302905909967039
0 0.23815470985287146 0.7369333627418573 0.052413005643242916 0.08756209673850757
0 0.504315460546875 0.6896979583333334 0.01715221328125005 0.008316225000000066
0 0.5294454223422405 0.7271154066178778 0.051819213434480815 0.08317335898646672
0 0.55261986160295 0.7260497264806572 0.030269186518941504 0.10438209434108914
0 0.5913759308593751 0.7432914027777778 0.09043893671875003 0.1432238583333334
0 0.4105868171167611 0.6964346933002168 0.01785512858264371 0.031971495408811945
0 0.18075882210006744 0.7542506913903482 0.11122240670013486 0.11021698666374802
0 0.4474819983985157 0.7710966604456748 0.11625294957694521 0.1800158374419839
0 0.6534991798268661 0.7671945145162614 0.14711611277873204 0.17488377930081045
0 0.5041829960598219 0.7140121788005038 0.025140232970025322 0.03778234324933927
