0 0.03254445233257454 0.5589347904924393 0.06508890466514908 0.3738898245113661
1 0.020725862282931433 0.33933919971452053 0.041451724565862866 0.16056923406173967
0 0.159967368359375 0.5364277055555555 0.19530703671875 0.22095341666666668
1 0.16734041862581903 0.41704910688511754 0.2482950747516381 0.2314730195630983
0 0.2832658386532756 0.513463082749176 0.0825568773809488 0.15033580394609258
0 0.32247512257847094 0.46897100828346605 0.02864339945746075 0.03836645760817475
0 0.5127167197559486 0.5199609768586986 0.0485568488868971 0.07558329989424695
0 0.5531318827779854 0.5151456009924497 0.029536870002017213 0.043705070833333304
0 0.5030280587694727 0.4803076692787118 0.032329968631339634 0.008935956637743436
0 0.403244315214087 0.5647800413502292 0.19224049300932605 0.31964455341065273
0 0.654841661380898 0.5679880786069617 0.22443292411320392 0.2443261450620799
8 0.7522370632812501 0.25846443444661127 0.04056838906250004 0.08265310778211149
9 0.4943954731009199 0.42080190791092886 0.005194605424657217 0.018482010560951834
9 0.48832181507370365 0.4215544750691298 0.005696091727592667 0.015487550138259532
2 0.8468076922489634 0.5286805295245145 0.025457566487863903 0.12074029558939092
2 0.8142428669825388 0.5277590567479719 0.020356322284922235 0.11134985516261037
2 0.8305670546874999 0.5357841065480052 0.015023618749999912 0.09955044027777776
8 0.978041912376467 0.1341072512692253 0.04149360180956607 0.0786511141282161
8 0.992159547265625 0.2345788073127094 0.01416353359375011 0.08829916462541881
8 0.9602926328124999 0.21843742361111113 0.026367178125 0.06562497777777776
9 0.49982016834315957 0.4212931223169477 0.004398166157639383 0.01675491869576906
