0 0.5091499110206268 0.6669331230187512 0.0315212546875 0.05415603170527106
0 0.5531701011859775 0.6709547461965394 0.06211468156069444 0.08522424589974142
0 0.5822609901158943 0.6953032499662488 0.08499915297865135 0.10243123894611805
0 0.4446240327649589 0.6443554796576141 0.017160032717417728 0.020219253759672706
0 0.4262833571636989 0.6407760953449342 0.02059664245239784 0.02563973524947516
0 0.4088865726805634 0.6431662401563258 0.020189896923626716 0.033027455575595166
0 0.3816477216981879 0.6431609548611111 0.0314222378536243 0.03820758194444451
0 0.3526084173389678 0.6496192738327824 0.019322972011682094 0.04330192777777775
0 0.3208329467936421 0.646304672171516 0.039362413240406346 0.06412376495970384
0 0.28577439446221964 0.6563299517470851 0.04787896753692755 0.07796980495193961
0 0.22043152446531222 0.6629957683861973 0.10512524062500003 0.10397568047537575
0 0.8909530335937501 0.7616044576388888 0.2106192937500001 0.3515097486111112
0 0.5126045798340515 0.6372995210738188 0.022489089816276953 0.016948299571686976
