9 0.4146817139232053 0.30327355069444445 0.00467599034641053 0.038125818055555594
9 0.4964319718343567 0.2914670361535968 0.009263361645764079 0.0526386000849714
9 0.42062958515625004 0.30414004652777776 0.00487404062500002 0.03985880972222222
9 0.4092819208747887 0.29816283501506263 0.0041739785629225645 0.03101733552543029
9 0.3478252046818395 0.30673953680555555 0.0075791140738069585 0.027727868055555605
9 0.7130132577270718 0.37358542632100344 0.01060552326664388 0.015848347086451386
9 0.5957643649480531 0.38105382481248695 0.007543285578772596 0.008005201813208851
8 0.8491405225994835 0.4057122122095391 0.0099138576989668 0.03184554255961841
0 0.1233131921875 0.4263159645833333 0.049715200000000015 0.04852376805555553
0 0.07147190703035888 0.43324793125 0.10270776406428221 0.06238770138888883
0 0.015830865625000003 0.43082619791666665 0.0190282765625 0.06101021805555562
0 0.29439196875 0.4201216993055408 0.07798462812499996 0.08170819583336303
4 0.3832735688419824 0.43943426903781935 0.08613125955896472 0.08120887581325004
0 0.45513916611482536 0.4365441347222222 0.02515281035465078 0.044718225000000056
0 0.4190272321720726 0.49104770311402435 0.08216414034335473 0.12355331321639573
0 0.5729810445394699 0.45924280625 0.04491326858552269 0.06585368472222225
0 0.69359591694849 0.4415349767268152 0.05302282836176475 0.04234762987970303
0 0.6763288220339926 0.4362839330667728 0.08540744406798528 0.050952868095389514
0 0.8344288394789431 0.4468566570839615 0.025436627119495236 0.035667007666772665
0 0.78910695078125 0.44277938541666667 0.06726174062500012 0.046790776388888844
0 0.9063582611862468 0.45842994338784043 0.10924312549749371 0.0913196534423476
8 0.663088289639175 0.38515622384498693 0.01403539643297591 0.0339344695979506
