0 0.086100175226756 0.5468601118055556 0.17181787701601203 0.21315799583333328
0 0.25095231241372135 0.5110206927333036 0.13374476736005728 0.15269799657771843
0 0.7148644990090386 0.49560190586516883 0.08729256364307725 0.10251641049188448
0 0.5239176446300436 0.48254859979804443 0.01799676660728511 0.022584177703259767
8 0.5874356623003427 0.45060547706887494 0.013338718350685563 0.028127956915527608
2 0.9452033734375 0.52535733125 0.030501226562499872 0.1477147513888889
8 0.6539810571775295 0.39102187159031737 0.007899684901195303 0.008693833118775807
8 0.6481503373695043 0.406403268646613 0.01278996603050675 0.014043884268791773
0 0.5832011111011006 0.48584212571310315 0.052931666492015084 0.03858130357640216
0 0.4582598694236893 0.4762415529367695 0.0620784771373577 0.04751685904340963
0 0.3284986081851846 0.48007355769833476 0.05259426535248368 0.06131207618504464
0 0.3681598574673854 0.4800735576983347 0.02845263535462228 0.0490496609480357
