0 0.259086749609375 0.5915131611111111 0.01898437421874999 0.03197368333333328
0 0.2759666203421634 0.5982891384144782 0.03918022650317321 0.061053312059932696
0 0.31047718475878916 0.6005280648870164 0.025844191392578264 0.04645086032958834
0 0.3418833544681629 0.5994667249405423 0.03696814802616932 0.06564396932552918
0 0.37054567220019885 0.6127430604661577 0.026885925837214053 0.04523663712293158
0 0.3971495405544905 0.5995065805555555 0.035323773296480954 0.058618422222222244
9 0.37337107679083503 0.4811300546868221 0.0079841931344099 0.01450986473754401
9 0.2582969303646635 0.47643568668349895 0.009602116370433567 0.015363386192693729
9 0.1329893117305052 0.5290979448377879 0.010562328007476945 0.019630993468441993
9 0.010021264067536909 0.49606668015194094 0.016445514072573816 0.023898600744190257
1 0.7339050832526577 0.5000328965277778 0.5281470584946847 0.9929605291666667
8 0.4292308234397318 0.5639833807099683 0.008336737472492417 0.017785039941317193
8 0.4696875237249256 0.5162951360342469 0.012962857100085323 0.009388736006646137
9 0.48000979882314176 0.5615317731571785 0.005761269822260218 0.01450986473754401
8 0.20140439086984452 0.5487289383062299 0.009122010551911919 0.019630993468441993
