9 0.147307634375 0.27991519930555553 0.013728810937500002 0.07169490138888887
9 0.130575646484375 0.35618637430555555 0.024883471093749998 0.03813558750000001
9 0.5115501499999999 0.11440675763888888 0.01801906406249998 0.08237286527777776
9 0.79327679375 0.4034745006944444 0.0214512671874999 0.025932198611111068
9 0.46307028632812497 0.3020338409722222 0.013728810156249993 0.04881355138888882
9 0.392710130078125 0.32415248124999996 0.010296607031250016 0.03813558749999996
9 0.748801164453125 0.28983045486111114 0.018877114843749987 0.07016947916666666
9 0.77025243125 0.36762704930555556 0.02059321562499994 0.03355931527777778
8 0.7461257466249979 0.3432202729166667 0.015242380749995732 0.027457620833333307
8 0.76210095078125 0.24499972604721815 0.030031773437500076 0.022542822905563725
8 0.7512204541253618 0.21558745680884328 0.015135187938223438 0.02645211138231343
9 0.490098883203125 0.11440675763888888 0.01973516484375004 0.08237286527777776
8 0.40643894062499997 0.3714406069444444 0.015444910937499945 0.010677963888888864
8 0.421025801953125 0.3907360695072061 0.005148303906249985 0.01265872512552324
8 0.7005710109294994 0.39085322518057536 0.0064990903182894355 0.014304876044488934
8 0.703466931067635 0.40811098102748344 0.004863398802229968 0.013608385167255266
8 0.6993101809207537 0.4043351778364698 0.00459639128349254 0.009348472339606284
0 0.610225978515625 0.48737279097222225 0.04032838203124989 0.0625423625
0 0.4637492600382027 0.49871291577704 0.06828590132640544 0.0825739628903645
0 0.7349340232331933 0.4663238456085562 0.007899684901195303 0.01939393541880763
0 0.5460151906249999 0.5392371874999999 0.12870760312499996 0.18152538888888892
8 0.8129407023525129 0.38133204812448585 0.01227807501752598 0.01702775303023557
