0 0.5254275811967439 0.4082598556143086 0.015047018859419725 0.0267502557500795
0 0.5087683817452436 0.4143105087006361 0.024003577704312384 0.03757774022034971
0 0.4804656557953827 0.4060306676351353 0.0068069847221184365 0.028660988303656654
0 0.5752260483743474 0.4050753013583468 0.0372592847947536 0.030571720857233697
2 0.08792553308120625 0.4549142861111111 0.019797376025087493 0.0752698444444444
0 0.4643438498745759 0.41756724123280353 0.039050596563732165 0.05399306579894031
7 0.5127092676369964 0.4148513020833333 0.021854003581538106 0.06312954583333336
5 0.5137052890625 0.44120962094802163 0.02321832031250004 0.0735424608817345
0 0.38980797399692735 0.4493567525874736 0.10824543235862938 0.14766822167411486
0 0.7204756037764435 0.4592512059830034 0.18752933271456784 0.22962725641045129
2 0.106018921875 0.4537002555555556 0.024584103125000006 0.0728417833333333
2 0.8885462445894778 0.4174664217243298 0.03226311100465684 0.19461887678199297
8 0.5969009207789877 0.38055423358744056 0.008956558844892548 0.019744236386963432
2 0.6120229692229497 0.3936109060368841 0.00952302438339947 0.04840522469062003
8 0.5958261337176006 0.35858080922130386 0.006806984722118381 0.022928790642925356
