0 0.359806394140625 0.6402102159722223 0.013253974218749964 0.012474329166666576
0 0.3212139421875 0.6402102159722223 0.009355746875000015 0.012474329166666576
0 0.309129436328125 0.642982288888889 0.010135391406249972 0.009702252777777809
0 0.2978245765625 0.6436753069444444 0.00935574687499996 0.011088288888888798
0 0.28574007187500006 0.6464473798611111 0.011694682812500024 0.011088293055555587
0 0.27365556796875 0.6457543618055556 0.014033618749999976 0.012474329166666687
0 0.261960884375 0.6485264354166667 0.009355745312499997 0.009702254166666702
0 0.2494865578125 0.6485264333333334 0.014033620312500023 0.012474327777777683
0 0.23545293750000001 0.6499124715277778 0.015592909374999991 0.006930181944444502
0 0.215571978125 0.6533775631944445 0.013253973437499983 0.016632437500000097
0 0.19958924609375 0.6554566173611112 0.01247432812499999 0.018018473611111196
0 0.160996793359375 0.6637728347222223 0.013253974218749964 0.018018474999999978
0 0.18594544882812497 0.66169378125 0.011694682031249987 0.011088290277777801
0 0.13137026562499998 0.6733160095683144 0.033524756249999996 0.01833663641892669
0 0.09316763554687499 0.6776101900213306 0.03508404609375 0.023516599487105605
0 0.072896853125 0.6727820722222222 0.010135392187499995 0.011088291666666694
0 0.0514566015625 0.6845633826388888 0.04054156562500001 0.02356262083333338
0 0.0366433390625 0.6720206875092141 0.023389365625 0.017881738907317146
0 0.598767736328125 0.6256568354166667 0.02027078203124999 0.022176581944444496
0 0.61397082265625 0.6312009805555556 0.014813264062500053 0.01386036666666668
0 0.6506065985958672 0.6220007184919558 0.011709807495765556 0.015628451904977303
0 0.661919019921875 0.6270428708333333 0.02027078203124999 0.030492802777777772
0 0.681020336328125 0.6298978708402783 0.028846883593750094 0.03343072501388977
0 0.7309774676428454 0.6302207967797416 0.038322269660690855 0.04239279633726101
0 0.8061534363281251 0.6201085181450697 0.04521943828124997 0.05267772482097155
0 0.7686576198023272 0.638859941469205 0.017006533354654185 0.034722430160632145
0 0.8502034062499999 0.6224651408779722 0.06315128437499984 0.0645969126885001
0 0.892226317578125 0.6111034513888889 0.017152200781249904 0.026334691666666687
0 0.9195139097656251 0.6277317188395142 0.09355746015625 0.06792412620986055
0 0.98188554765625 0.6299535541666668 0.035863692187500074 0.08454822222222214
0 0.45427345546875 0.6486650465277778 0.05613447500000002 0.09702255138888893
0 0.335559414453125 0.6411804583333334 0.012474328906249943 0.01386036666666668
0 0.7954009281840168 0.6352038245444942 0.05809791061389591 0.05164258721235193
0 0.7484497097227869 0.6310003581434889 0.012835584903070019 0.031225750407468555
