8 0.1469299350752389 0.2547323140674614 0.05284203453702219 0.0942294051984105
8 0.569920940234375 0.30501324305555555 0.07124011640624994 0.12031664444444437
8 0.5743409877213348 0.5164839862818977 0.019655954244830465 0.05621427188064915
8 0.6046000291573259 0.48644081010506585 0.007616741127151605 0.01075971590097946
0 0.4290318918055046 0.5647680876518573 0.007109716411075884 0.01108121927958039
0 0.4337717027462218 0.5592449520374754 0.005529779430836712 0.016887609173366736
0 0.44068664083025744 0.560982963545666 0.009869178535514944 0.01755485533598966
0 0.44720116707825397 0.5612571165846594 0.008689653391314833 0.018103161413976276
0 0.45845821806245735 0.5573777783526426 0.01619435404745051 0.027197146072492795
0 0.47270895607669694 0.5556244105266619 0.016921712153393942 0.03492551783556508
0 0.496376705588195 0.5550143127314295 0.029623818379482636 0.04494042966013356
0 0.6046112652289785 0.5629912639747773 0.043259272645456814 0.0581865387171121
0 0.7939558813925832 0.5661004095896315 0.13342603153516652 0.12795770582073707
0 0.41007264804263577 0.5637917403994244 0.01026959037155395 0.01334169005535224
0 0.3956103919226849 0.5613340606523858 0.015495047907869708 0.02106582640318766
0 0.38518864060387037 0.5585252837986274 0.006319747920956298 0.011235107415033418
0 0.37728895570267507 0.5599296722255066 0.008689653391314889 0.014043884268791773
0 0.4254770335999667 0.5634406432927046 0.005529779430836712 0.012639495841912596
