0 0.4890101128958645 0.8725886904485538 0.030046904069611635 0.07630959763710898
0 0.5212032243990199 0.8802196502122648 0.057232198227831654 0.09411517041910111
0 0.5539733499999999 0.8942097431124014 0.08451509687500003 0.11446439645566342
0 0.2899083374516952 0.8840571629793157 0.027934763420727426 0.04481674781861955
0 0.25039086724676374 0.8853366153707669 0.06200154808015099 0.08613608314735521
0 0.20094410429687498 0.9002730268278848 0.06685522734374996 0.09662869078867464
0 0.136737862890625 0.9285989546461791 0.09586787265625002 0.10725253515208633
0 0.056343394140624996 0.9162576638888889 0.10932301953125 0.1655729749999999
0 0.3290041663141836 0.871082095274825 0.03150338887836729 0.05035946222812793
0 0.69159420234375 0.9112119798611111 0.23983785000000002 0.16893675416666665
0 0.4222806500179995 0.8644016583173435 0.005840020227329712 0.00807508969704851
9 0.40266644606933966 0.8315245074079314 0.005191129090959812 0.0092286739394839
9 0.4284451158135143 0.8482514789232464 0.003893346818219845 0.00807508969704851
0 0.368943277861558 0.8628600525245631 0.05791353392102022 0.03876043054583311
0 0.45932091006517684 0.8655936439984855 0.05222438088289655 0.06486315799154263
