9 0.4518619763483742 0.4615100194736601 0.005529779430836712 0.010729308274902094
9 0.3693102691308827 0.47468328828516076 0.005529779430836712 0.011235107415033418
9 0.35311591508343226 0.4922381436211504 0.004739810940717182 0.009830718988154241
8 0.4959246399691898 0.47039727249780555 0.008338509739558131 0.016436615336940408
0 0.2559775393573036 0.5469511363841812 0.027524466575847895 0.02265944945385956
0 0.2378483466763129 0.5437102305614379 0.017731914459874154 0.02710870278954214
0 0.20807438017243846 0.5596171004669651 0.014291549952844068 0.015997125873142393
0 0.18266718025627116 0.5647951953840149 0.02911241657060834 0.024471300898636916
0 0.13865005246173379 0.5648086317399785 0.04053342600969481 0.03660161219923064
0 0.1212785841718646 0.5648086317399786 0.0109375911454732 0.018300806099615263
0 0.0759197503038728 0.5836813380302068 0.03216938572198001 0.028595009530648863
0 0.3128731845553595 0.5340429799182245 0.015338388701780892 0.015663284607995487
0 0.04181675196058124 0.5889024929267891 0.039661249282200765 0.04291845332953126
0 0.0154413051465504 0.5920134742033227 0.0308826102931008 0.05440968492668807
0 0.462329058842458 0.5163448850093093 0.010664574616613742 0.02293449109249257
0 0.476108677734375 0.5137496381944444 0.02373045234374993 0.037499970833333285
0 0.4186832997633537 0.5164638439848162 0.01263949584191254 0.016150466909110373
0 0.43882749626140183 0.518921147741744 0.016589338292510303 0.022469462849845412
0 0.5098919727679827 0.5303832690544292 0.04920812471015845 0.06735271346759159
2 0.5941315046330087 0.4941633250929276 0.011924713953517463 0.05197945661861386
0 0.4498870551230753 0.50979299895714 0.006319747920956242 0.008426330561275064
