8 0.9096399640688677 0.0778267035555412 0.05292811251273544 0.034975676222250965
8 0.8845597387892434 0.16240489761970392 0.07521696460901306 0.05446308690607449
8 0.59219576640625 0.4294368181445546 0.006823654687499903 0.01663966128910921
2 0.04581596953125 0.5606228243055555 0.05069000781249999 0.19929404861111116
2 0.10576665078125 0.5614893180555556 0.03606788906250001 0.1871631055555556
0 0.284643890625 0.5242299965277777 0.1403723296875 0.12304241249999992
0 0.37140178945312496 0.5017011041666667 0.05848847265625001 0.08838257777777786
0 0.4219980016555007 0.48176872062691317 0.052114404869607556 0.07091562363600923
0 0.673592221484375 0.4904366590277778 0.09943040078124998 0.11437745416666667
0 0.651171641015625 0.47461345788878884 0.07018616484374995 0.10352695466646672
0 0.6213838541148998 0.4600365131109167 0.042463589153013626 0.09379163126052836
0 0.588296534375 0.47137374861111114 0.02047096562500006 0.04159180000000001
0 0.496664596484375 0.46790776666666667 0.06921135703124998 0.07278565277777771
0 0.5522397862010782 0.44941751960581244 0.010346412856226395 0.015328019046261132
