9 0.2193952106239036 0.4081079751487705 0.015441305146550371 0.022876007624519135
9 0.217143353623365 0.4492847888729049 0.004503714001077186 0.011438003812259512
9 0.1936597020463196 0.4544318905884217 0.0051471017155168 0.0102942034310336
9 0.28645124765156205 0.05210259030174847 0.03728641405312422 0.07514271393683027
9 0.7437274801401825 0.3976697348016864 0.01580436809286534 0.02446619251186477
9 0.1563039199881396 0.35738999742017336 0.003938915528004017 0.008368881140497386
9 0.06884248544503721 0.3840062179671071 0.0064338771443960135 0.011274105460422845
9 0.729927680924889 0.41046832759223817 0.00952769996856273 0.03312524481552365
8 0.2987399630444778 0.27075426407609937 0.04535842370832388 0.0843790413272946
8 0.472353895062803 0.4469785170436836 0.010146283311893989 0.016938133277444867
0 0.329770887109375 0.5137496395833333 0.04746090390625002 0.05156246527777775
0 0.450564415931186 0.5075042343858591 0.037959875151936495 0.04460821486781219
0 0.8712552304585695 0.5115441374103142 0.08680793304690493 0.07003595851270478
0 0.5799925083058834 0.5044740751900192 0.018989994325732895 0.014115111064537389
0 0.605307807421875 0.5125777659722222 0.029003886718749983 0.030468729166666653
0 0.9233047716142637 0.6163045661320676 0.15238443802147283 0.3245772816247538
0 0.4843700481307323 0.49487160816563197 0.030938164676035385 0.033068567002069504
0 0.3776952786168156 0.5160835780047117 0.04200225995386869 0.045753696768354224
0 0.415755546484375 0.5146985423611111 0.028269427343750042 0.045057784722222216
9 0.7360148225714708 0.4451906087189622 0.007939749973802313 0.014115111064537389
2 0.7259578059379879 0.4997690381685067 0.013232916623003743 0.06304749608826693
