0 0.3089696989685152 0.5430957019117237 0.01764388883067175 0.025093530781399753
0 0.32863003223697795 0.5377185167442808 0.013610999955089575 0.012546765390699877
0 0.4269316985792918 0.5511614796628879 0.033775444333000115 0.04480987639535672
0 0.5304608938395797 0.5654949102234132 0.02305783557214225 0.0549024182988459
0 0.601181481354094 0.5855114168948675 0.0411768137241344 0.07434702477968713
0 0.6626250080830758 0.602843987095419 0.09715154488037969 0.11517270953949721
9 0.42247515092671994 0.47150329437582855 0.003949842450597707 0.009168764672422669
9 0.47066322882401157 0.46169269533652835 0.004739810940717237 0.009128524774714653
9 0.2662983768138991 0.5123911261185732 0.0031598739604781767 0.00772413634783542
0 0.2773250526429404 0.5395109118000951 0.022456292785880794 0.03584790111628533
0 0.24998869916312688 0.545977753231958 0.03881655542747775 0.05236637409163958
0 0.3645992366159834 0.5375695083333334 0.03312185333053319 0.04674517499999997
0 0.464992087342598 0.5534019734826557 0.04032888875582108 0.054668049202335256
1 0.8578900659954296 0.5160944024570485 0.2784909460467575 0.6759656399401175
0 0.5680470140604545 0.5769329140356729 0.035386324294177984 0.06862802287355729
0 0.546493525626728 0.5694982115577041 0.024448733148704882 0.06062142020497563
0 0.3886192542612618 0.5605715537059128 0.059989222024283806 0.06721481459303513
9 0.4406444261994693 0.4975046002219473 0.003159873960478121 0.006319747920956298
