8 0.3963666899174768 0.37302050997326147 0.009874606126494212 0.006770960609032595
8 0.4139434888226365 0.38578549657785566 0.006319747920956353 0.009830718988154186
8 0.45769212880240434 0.37174161230906394 0.00729893885480859 0.012639495841912485
9 0.31302501420986584 0.3703372238821848 0.004344826695657444 0.008426330561275064
9 0.3837271940755642 0.36752844702842646 0.005924763675896505 0.009830718988154186
0 0.318994448849954 0.41019299370396023 0.03305556636259199 0.029222807036524023
0 0.3069223264863864 0.41791856014861417 0.04419909929680016 0.05005112509327464
0 0.29022176628425245 0.4161556179397479 0.06423375649399515 0.0501100307871708
0 0.2830583879549191 0.4224675160229122 0.057972777586492774 0.05914903684187084
0 0.06328120781249999 0.4036594390337644 0.12392569687499999 0.06552251417863986
0 0.39181659089006315 0.4214500635752848 0.011075119280126222 0.02077115062720808
0 0.40492562390229925 0.42472852121560356 0.010926013429598591 0.02732806590784559
0 0.44554222842741786 0.4229823393809421 0.07109716411075823 0.05051908234922692
0 0.47329069062500007 0.43305487549491295 0.09228509374999999 0.0538114934546185
0 0.501635397265625 0.44853036169374805 0.09624016796874996 0.06504799327917049
0 0.5761091883273137 0.4435311583664439 0.06330813115787237 0.05620351395511003
0 0.18193346953125 0.48727920809666936 0.20302720625000004 0.21294074491777254
0 0.04133649451251189 0.48515591527777774 0.08267298902502378 0.18749986666666663
0 0.8370955396240957 0.5237411527276523 0.3231220004393087 0.5134541195446954
0 0.4648964564353465 0.4370456741589456 0.056087762798486984 0.04494042966013351
0 0.35509083630873106 0.4275660522775111 0.029228834134422843 0.03862068173917732
0 0.37957985950243667 0.4191397217162361 0.01974921225298837 0.030194351177902257
