9 0.44573088710937503 0.035093081944444444 0.02144577265625003 0.06845317222222223
9 0.424285115234375 0.03584097249824748 0.02144577265625003 0.0699489533298283
9 0.465373265234375 0.03812581805555556 0.017546541406250005 0.07278565
8 0.38997689271220815 0.5008346090277778 0.01570443386191639 0.02772786805555555
8 0.6760292414062501 0.40696423055555553 0.04386635312499998 0.029460863888888855
0 0.34654418828125 0.50718891875 0.012672499999999975 0.017329912500000044
0 0.3183264465678878 0.5431827142113208 0.016675102510775697 0.03892388824402515
0 0.27211075439614524 0.509771928630591 0.0178252712922905 0.01916990202690072
0 0.3421475249640068 0.5591786715277778 0.03316352194698652 0.06585368749999998
0 0.2954595204781216 0.5590480206434485 0.02671788880073145 0.021508740669771154
0 0.3589518073041904 0.5655121097935715 0.026957674725329117 0.0560350982324791
0 0.164352603125 0.6661620291666667 0.281914428125 0.3327344277777778
0 0.38748611796875 0.5710207756944445 0.05751366249999995 0.07798462916666671
9 0.6522334912785015 0.4343021483714834 0.029082733161955865 0.03026495808723878
2 0.4678577044121024 0.5667499454939308 0.02000816993398169 0.09880577745176167
0 0.30039980992761905 0.5175540723663703 0.018652111049567266 0.017027753030235515
0 0.3200601431960818 0.508592097087299 0.01260277773619406 0.009858172806978427
