8 0.2838085214800534 0.2883943174492478 0.042612667977393215 0.078380218231829
8 0.387973523046875 0.33325430833333336 0.02534500546874996 0.04679077777777779
8 0.420142181640625 0.3358537944444444 0.011697694531249914 0.027727866666666656
8 0.535936056885759 0.37831209861111115 0.010944431540981903 0.00519897500000005
8 0.6824538848459386 0.36998588816577516 0.011910855308122636 0.02185139033511635
8 0.26604081992077466 0.27496960902876844 0.05983505744288281 0.0617652205862016
0 0.4947208330431565 0.4077256348291092 0.013830580788686986 0.02955550811955948
0 0.515153543273762 0.40192325290437864 0.00748965369927157 0.00768169309634692
0 0.3965764429066133 0.4066260279098654 0.012656717063226686 0.017428649735824697
0 0.5822039851562499 0.41678451111111114 0.102354821875 0.1299743805555556
0 0.4503491556593314 0.4431403701710998 0.10583511524383704 0.15569825145331062
0 0.24710884065646105 0.3939248486762678 0.010712989125422095 0.016013205337163328
0 0.23707797324697866 0.39907195039178456 0.014046643368957307 0.01715700571838935
9 0.5239466010717817 0.37749960807365857 0.0027648897154183283 0.005617553707516654
