8 0.43375124960937506 0.3310413276583274 0.015953253906249965 0.023631541905567488
8 0.4739172362146306 0.3925182699561385 0.0355950056957387 0.02369210380116582
8 0.29992117734375 0.6173318506944445 0.017016804687499998 0.043487390277777815
8 0.4311569047536734 0.5374208257847748 0.011612536804757156 0.011059558861673424
9 0.48107323328442564 0.4762070482686793 0.01260277773619406 0.049893213204025344
9 0.43368678899633584 0.3765755784722222 0.017643888830671695 0.06995797361111106
0 0.14911011512253614 0.6799158881944445 0.014463551004927688 0.03781512083333338
8 0.24892302297761534 0.5851981335676424 0.005806268402378578 0.00958495101345036
9 0.2491303897062717 0.6065799473668778 0.00870940260356784 0.033178676585020495
9 0.3265631782386861 0.5028564383786489 0.009073999970059698 0.029574518420935447
0 0.2600912674447484 0.6571133577943256 0.020313903639496755 0.01544827269567095
0 0.23717171171875 0.6617646173611111 0.023398106249999967 0.022689073611111166
0 0.2165959825924371 0.6684337564425058 0.0198804535651258 0.028258351003877302
0 0.16727939039528544 0.6761563783310895 0.021874999540570927 0.03634654555106798
0 0.43525795078125 0.6537289020833332 0.010635503125000056 0.018907559722222245
0 0.3979782281686529 0.6503852658755074 0.004976801487753146 0.012220287306570543
0 0.6653762502832528 0.6181970574853194 0.007561666641716425 0.010754370334885577
0 0.6877625347656251 0.6267856305555555 0.04679621328124994 0.03214285277777773
0 0.7150311945638574 0.6352539474926597 0.056460444258149556 0.03411378001468057
0 0.6178115256684469 0.6334032763888888 0.008021781475606282 0.022689072222222273
0 0.415670910546875 0.6664915062500001 0.037224258593750004 0.06239494861111117
0 0.3587074206781141 0.6502850298611111 0.08237496645627174 0.16449577638888901
0 0.09716118373757658 0.6835083097222222 0.10559881221234682 0.13046216666666655
0 0.82637856484375 0.5551259868055556 0.025525207812500006 0.015126048611110998
0 0.8037547498266637 0.5642565836005369 0.028230222129074778 0.01826119497885148
0 0.78170945390625 0.5702520340277777 0.019143904687499935 0.018907559722222245
0 0.7566912369088206 0.575256857268109 0.030892529307358974 0.021354178425107007
8 0.01891363046785182 0.5491439761787327 0.014429154685703636 0.011796862785785067
8 0.5525256145078247 0.6307760832520463 0.05368858932285092 0.029048898570817938
0 0.686296861325335 0.6302957241120657 0.013106888845641818 0.020612543141864115
8 0.42929060419576603 0.513089796289093 0.012856737176695443 0.03907710797791303
0 0.4406957742718668 0.6446985467430077 0.010783069890131614 0.01622068633045448
9 0.04396174647515215 0.5377157653550034 0.009124136060880639 0.03465328443324367
1 0.1718971422446146 0.6490381243397703 0.06714732166016049 0.035811904885418966
0 0.19065889388495358 0.6760726015571943 0.03989340875103653 0.0435360412332545
