0 0.021035328125 0.3066262243304385 0.04207065625 0.04607766254976592
0 0.24786894810450646 0.2872467938877584 0.023834719415987082 0.01655968213100162
0 0.1620062380264139 0.2994201834448684 0.03510971067197938 0.02816824422137415
4 0.2014531015174337 0.2893319238486222 0.04320208428486744 0.02964669396942221
0 0.3222211642838492 0.28979443729252796 0.0064487223683227235 0.010190573619077936
0 0.416551643131589 0.27737467569427676 0.0060904600145270105 0.008279841065500781
9 0.46855346749747767 0.23977696908903526 0.0050106365265724095 0.008383810135964231
9 0.5236004300724266 0.25731198388171717 0.00537393530693564 0.01019057361907788
0 0.4529875207316108 0.2691145581058283 0.01197357740072158 0.01468316065610109
0 0.3742375433930401 0.2786272155113055 0.027664485223580226 0.02861842453294461
0 0.4635428309709053 0.2651903935636769 0.008547556427682346 0.01100375080345306
0 0.4703271803699049 0.2778244683457629 0.005589617333012886 0.0048326123577590585
0 0.4927309330280705 0.29238218653119596 0.007405640193859031 0.010110361951280844
0 0.4784593734941675 0.2958450903788554 0.01755485533598966 0.0248395231965024
1 0.5069412306209262 0.28501760590858516 0.02149574122774245 0.037577740220349765
0 0.5270039224334859 0.29882419820280876 0.014330494151828299 0.021880986927715784
0 0.5482016584227098 0.2983927337836249 0.0271074246579196 0.038851561922734534
0 0.5694556827715125 0.30375578188137264 0.025441284293024835 0.04193472790392144
4 0.6187892609375 0.2733034541666667 0.09676251250000001 0.12527706944444444
0 0.650868136328125 0.3197369930555556 0.055743621093750084 0.0673130555555555
0 0.704157623828125 0.33376054791666665 0.06836481640625003 0.07666208749999998
0 0.7888248214843749 0.3434212180555556 0.10938370859375002 0.09598342777777785
0 0.911005043359375 0.36897525000000003 0.14619553359374993 0.11592803333333335
0 0.985018692578125 0.38819384690900377 0.027345927343749854 0.07853189583333331
0 0.5262873977258944 0.28310687335500806 0.012180920029054021 0.014648949577424464
0 0.4625112293330816 0.27829009690112105 0.005894866501849894 0.005763869468475402
