8 0.45765165937499996 0.3183427199072919 0.09755852812499993 0.04862657129652731
0 0.3797207784169868 0.32908409678038153 0.05771231152147355 0.027143820328125734
0 0.49720241328125003 0.3543940614956044 0.058007773437499965 0.028163603546764338
0 0.224961389453125 0.2910935416666667 0.10415031953124998 0.046874969444444414
0 0.069395089453125 0.2688279333333333 0.09624016796875 0.039843722222222266
0 0.3577311712477137 0.5071245239025515 0.01790750906707267 0.027312718861563945
0 0.3144634052773987 0.5160933888888889 0.0367650122536915 0.03749997222222223
0 0.089829645703125 0.5114058909722222 0.07910150859375001 0.07499994861111103
0 0.49521663070992017 0.5138934644290973 0.012193163644995064 0.024773411850148697
0 0.5032728281182204 0.5173772254705244 0.016983335076957373 0.025547580970465833
0 0.48225058142344684 0.5289897622752817 0.019356794965606272 0.07044938994886019
0 0.6026710906249999 0.35554662291666667 0.08173822499999994 0.06328120416666672
4 0.5361508229466891 0.4946691155275814 0.06444957926640227 0.12722349394483717
4 0.667975464146218 0.5042964733659019 0.14624653264506393 0.18734352450958147
4 0.282667096078051 0.49265590416666666 0.07047712815639798 0.0843749416666667
0 0.027776162890625 0.5238254719246861 0.05555232578125 0.10641074781729448
0 0.43787628203124995 0.5395308722222223 0.081738225 0.14062490277777784
0 0.5753674697958977 0.5374395849242393 0.08888456353320473 0.12605749126263266
0 0.861069350390625 0.5717187258207648 0.12656241328125006 0.11374917335847046
0 0.9806115123352359 0.6557445545753433 0.03777095501702821 0.17069735751597992
0 0.37697182812499996 0.5087085909722222 0.012069535937499987 0.019668873611111026
0 0.3438754150803518 0.5119868373106657 0.007353002450738222 0.019608006535302036
