8 0.02660459453125 0.46503225791791486 0.020393943749999997 0.0168542897197258
8 0.37718172403590833 0.5069989593211406 0.016157677759316647 0.028690515864503385
8 0.3773023220676977 0.4699983023364679 0.01239257773960456 0.027201004672935736
8 0.9287532328727839 0.3009673368238992 0.02042701730806762 0.05291049382541829
9 0.81716982734375 0.32736945208333335 0.029991093749999975 0.05331750138888891
9 0.073390699609375 0.3369666013888889 0.010796794531249987 0.05118480000000003
9 0.78058069375 0.3284358 0.009597150000000054 0.05118480000000003
9 0.903884730078125 0.3145732513888889 0.019712836718750126 0.06184830000000002
8 0.8705083852731961 0.4606632013888889 0.026483341953607797 0.01706160000000001
0 0.4062446689497003 0.5728090209485323 0.009502805086900601 0.03661403911928662
0 0.31811802421875 0.5827159717789916 0.03239038124999999 0.03510094355798332
0 0.36490413164062496 0.5794512642770779 0.07317826953125 0.05673647422362171
0 0.2690123906587587 0.5895131165644338 0.02743229211998255 0.049408969648910284
0 0.21374901875000002 0.5918242493055555 0.09477185624999998 0.10023689861111107
0 0.12358023522537098 0.5864879405957625 0.10715929986175804 0.10237872436403062
0 0.022599536328125 0.5971560013888889 0.04519907265625 0.06824640000000004
0 0.958879382421875 0.6110185534722222 0.08224123515625004 0.21966810138888881
9 0.40284117735217934 0.45632780416666674 0.009425720295641371 0.044531219444444436
9 0.034458590625 0.4926559055555556 0.010546867187500003 0.042187472222222244
8 0.029578345474692354 0.33314559312343206 0.030854226238115307 0.04714580819758035
