8 0.5474958921874999 0.30069665562321213 0.060474428125000035 0.05222139153135347
8 0.5478786417968751 0.3411093504017656 0.06277092578124999 0.02316044802575329
8 0.5894859239511321 0.3880472784722222 0.014319646339764347 0.029939518055555503
8 0.617156309375 0.04539530694444444 0.052819437499999955 0.09079061388888889
0 0.5701799138750067 0.4449083000362864 0.014820866617764272 0.02258417770325971
0 0.5448007402987809 0.4473380421167237 0.0168820805975618 0.032780812011225124
0 0.518753215234375 0.4413811083333333 0.04439894765625002 0.06260081388888888
0 0.44067230820312503 0.4332157847222222 0.053584936718749976 0.08165323611111114
0 0.3593217180323136 0.4167355878888732 0.06624829362287277 0.10372653255558678
4 0.5735881935347775 0.41417597046613647 0.01740289261794492 0.032636081289949326
0 0.143722454296875 0.4893736576905817 0.28744490859375 0.46923674572994784
0 0.5580056305818433 0.4514953518664038 0.011644966628243325 0.02634820732046983
