4 0.04630337265625 0.6533378805555555 0.0887075140625 0.09358155277777769
0 0.11746434531250001 0.6473240453720607 0.051664815625 0.043221520366989674
0 0.3225320276470984 0.6421376485174971 0.03288472873169679 0.0466623474094503
0 0.28150998611578665 0.643806426388889 0.04915935433092666 0.060654711111111204
0 0.533491202803457 0.6316041668961057 0.0462481522055862 0.06775253310977936
0 0.6521464484375 0.6278401372788958 0.08578308906249998 0.1204489477507189
0 0.593657978125 0.6193418307494505 0.03899231406250003 0.07145808294554357
0 0.566125636577284 0.6223691614464449 0.01412275340793212 0.03164411455955651
0 0.705049797673642 0.618241864626737 0.03705216654441057 0.08092663677001433
0 0.7569382921875001 0.6308089881944445 0.09065712968750006 0.11437745416666656
0 0.824200033984375 0.6522098465394717 0.11600213359375 0.1160156726677487
0 0.9384359420964017 0.6632433853011557 0.12171019920157444 0.24371550283555254
0 0.5069000796875001 0.6225416188647195 0.01169769374999996 0.01812509606277246
9 0.5159249516823254 0.5704689391153854 0.004763849984281365 0.013234610658118151
9 0.5410674932660327 0.5657336485949314 0.005293166649201542 0.011292088851630022
