9 0.086207349609375 0.04056242986111111 0.023401405468749997 0.07280435972222221
9 0.065146089453125 0.03952236944444444 0.023401405468749997 0.07904473888888888
9 0.07345619023381694 0.32374262502835804 0.00864190473339023 0.04489910272106162
9 0.05377185167442809 0.37341563662797284 0.01728380946678046 0.02645916510963925
9 0.4567112359683063 0.2744278756944445 0.01005536087588732 0.04368261805555557
9 0.8086422389270648 0.39074212477225156 0.014883280374172081 0.02901972947508824
9 0.7858483593750001 0.3919549222222223 0.007020424999999997 0.02496149722222224
8 0.07867726702632614 0.3700015508073743 0.015483560615152298 0.016216907647843393
8 0.22795424043634338 0.3756347976208435 0.015363386192693701 0.03158029384053712
0 0.5484248852883145 0.495298503028084 0.051371322581819756 0.06742819495682245
0 0.9738346636635782 0.5177792113489484 0.0499329257978437 0.08117138285765874
8 0.45884072994295677 0.38045457834594965 0.029279253635913494 0.0514621127525452
