9 0.6203365747571457 0.16317856520598056 0.012105007160441716 0.05044159681206464
9 0.961923773046875 0.16874988333333335 0.014501942968749959 0.06562495555555556
9 0.21253256408831497 0.05190761862784199 0.044834455710313914 0.09912773725568397
9 0.17328224874318301 0.05046390753711529 0.03875871501363398 0.07749032896311948
9 0.940170858203125 0.16874988333333335 0.01845701953125012 0.06562495555555556
0 0.5426156019538688 0.37793930294500677 0.021124656014953835 0.030726772385387513
0 0.5178901523000023 0.37367169566925856 0.01968433855938878 0.032433815295686785
0 0.5745426388855605 0.3834129732997482 0.029286454929822403 0.040263946599496336
0 0.6043091996339046 0.4045341946185961 0.04945089930773294 0.07313139201496988
0 0.6967813060614952 0.4144160059502975 0.06956816837299051 0.10695750634503948
0 0.6698436438621138 0.4358839297537047 0.07681693096346875 0.08895589561852063
0 0.9078710769531251 0.5888270284850216 0.18325182734375012 0.2942199319188458
0 0.477619162720906 0.35658201718356325 0.06373827550993377 0.13660193158934875
0 0.46819852578125 0.401849036668963 0.044824187499999946 0.07713607333792599
2 0.44710479140625 0.41015596875 0.018457018750000054 0.09843743194444443
2 0.42321090880975976 0.3640082399994985 0.010220008244519407 0.04832944666566363
2 0.41366720066436613 0.3625991997231506 0.01414084242126773 0.05957385777963453
2 0.38909701953125 0.3796872388888889 0.018457018749999998 0.07968744444444448
2 0.3826958506978946 0.3561605460430751 0.010747870613871224 0.06114344171446745
2 0.32937172187499997 0.37650257777777774 0.03084227187500005 0.1123267361111111
2 0.255237871875 0.3853046330949954 0.022320570312500038 0.19873466063443535
8 0.41019075351562506 0.20507798541666666 0.031640603906250064 0.030468729166666653
9 0.3860575987106244 0.28461377885836003 0.018169275272749308 0.030165427161164604
0 0.08977135132691721 0.33515602083333335 0.17654344484133444 0.1874998722222223
0 0.038658755056746416 0.3482876004121468 0.07731751011349283 0.10595060637984915
9 0.3983021103074772 0.2874080937037496 0.007899684901195414 0.024576797470385547
2 0.4319569243448044 0.35010989295674766 0.004657410599344103 0.021018058089348146
