8 0.27039036506255165 0.05488890407149704 0.018418250437603312 0.035035472105739804
9 0.271706453125 0.12959440694444443 0.03040617343749996 0.11781309444444442
0 0.470827918359375 0.5235059652777778 0.03820262890624998 0.04296712777777778
0 0.49595884951376656 0.5245313006975212 0.05104150840253324 0.046460606938290794
0 0.5247778329206788 0.5228008205898332 0.04942641740385767 0.047149489375888975
0 0.5733512878906251 0.5179618201388889 0.05457518359374991 0.06237164027777775
0 0.61545214375 0.5207338916666666 0.07328667500000008 0.054055419444444364
0 0.6774339609375 0.5220502104932457 0.04911766562499997 0.056022875815148865
0 0.72577198203125 0.5207338902777778 0.06159199375000002 0.059599566666666715
0 0.7826861261718749 0.520040875 0.06159199453125008 0.07207389444444451
0 0.8277364500617866 0.5186548381944445 0.06348951237642697 0.06375767638888896
0 0.8864452954501156 0.5209416546047201 0.07586431099968072 0.06750025745722643
1 0.032753230078124994 0.5126857429277403 0.06393093046875 0.13430264307200257
0 0.02934671693984251 0.5562626222222222 0.03488026143281499 0.09425047777777773
0 0.205054883203125 0.5772618447469808 0.37422983515625 0.4181656521727051
9 0.6987749957031251 0.37973066666666666 0.015592910156250084 0.05128334722222222
9 0.7786951007652121 0.4115476685314058 0.0225968328445757 0.02923044071496622
7 0.630351497265625 0.5181466222222222 0.038202630468750165 0.1566221166666666
3 0.6321706734375 0.55857268125 0.041321210937500075 0.11088291527777783
9 0.11435612343750001 0.3624485243055555 0.020270782812500013 0.05128334583333333
0 0.4169694941244294 0.5443410838619789 0.08677778356135873 0.13603980383506892
9 0.06897608570817526 0.36509881334106825 0.027097747956783137 0.05693264217182714
