0 0.8564948097180558 0.6879917915900233 0.28502041650138843 0.5047681779310645
0 0.011544426395386203 0.5712234083333334 0.023088852790772406 0.05186439722222225
0 0.13274870406257322 0.5400223770130611 0.030140069999853553 0.03189359319609997
0 0.25397738069849646 0.5062003395447356 0.023833654493700562 0.02250956257738379
0 0.43429436880060845 0.49099535608819783 0.013499574035530149 0.017066301712493237
0 0.5421652914622405 0.5201888959701441 0.03189240167448104 0.03952231098070458
0 0.5852405480923863 0.5370686787100107 0.041554511627727275 0.041521026864466015
0 0.6377656796875 0.5478159919696585 0.058347445312500024 0.05901822161623871
0 0.4773493475233892 0.5506301916666667 0.042824242453221584 0.06254236111111111
0 0.38965416846169754 0.5810913464352021 0.0855353416108951 0.13873111581113895
0 0.34173819453125 0.5561466595126334 0.03260592812500002 0.06066196708584426
0 0.38965867381257624 0.47611400899504397 0.010451283124281396 0.010838367684440076
0 0.4185337296875 0.4743590201388889 0.011154659375000042 0.01983050416666665
0 0.4769345996447222 0.48520054500058085 0.01984201178944439 0.0256050766655051
0 0.4020695725226604 0.47175367327101614 0.009144872733746257 0.01140772568019005
9 0.4353830374813076 0.4521727644984801 0.003483761041427169 0.00785768766970657
9 0.4175287621439934 0.43701846841902814 0.0026128207810703907 0.00541918384222001
9 0.4752285543926306 0.4533225608641942 0.0047901714319623645 0.008608942160500566
0 0.501917782352846 0.4734710923613726 0.017931189981808093 0.016433887500522992
0 0.5142902237406832 0.4961486783096217 0.02003162598820607 0.019077201063687765
0 0.2901002632905113 0.4863389607999852 0.049901714096185545 0.02515774641001728
0 0.4118676504516743 0.4714689942731411 0.006096581822497504 0.007741691203171475
