0 0.05578624110000325 0.5904515180555556 0.1100131931375065 0.18850095555555557
0 0.14605115732279345 0.5521152472157622 0.15020683495808687 0.11649294475158489
0 0.05621724421481284 0.5218427159722222 0.0528503521953743 0.04296712916666667
0 0.35772826018934106 0.5159986198517545 0.03947449025519156 0.035750481740550843
0 0.4838726340090431 0.5145804919840876 0.017101318732347603 0.023713386588422702
0 0.5413321532138391 0.5106282608860171 0.03334694988996956 0.055331235372986454
0 0.5663368303726939 0.5100916776509543 0.025577065432887847 0.03332542474635308
0 0.513786378125 0.5344152590753107 0.05301589218749997 0.07326349851604519
9 0.5566161719134084 0.41985488102105323 0.0061136074798278095 0.014088679624560174
9 0.5021494870931248 0.41725680119410236 0.008336737472492362 0.014820866617764217
9 0.35264023818304596 0.39117104723002 0.012933016070282854 0.02145922666476563
8 0.58512393984375 0.41379859898329074 0.025728301562500056 0.009880577745176145
8 0.7560446611491894 0.41122295557341504 0.030762892610878945 0.040721366702385575
8 0.44829615625 0.4631717671944394 0.014033618749999976 0.007845021166676736
8 0.442504946684671 0.44047615889526637 0.008688363681841949 0.00592834664710562
0 0.275214857421875 0.5786702083333333 0.18087775234375003 0.19265906388888887
8 0.2698335103539651 0.4033391603559503 0.021677732417069828 0.016627318176988426
9 0.2609398828890117 0.4508964271960695 0.015006127450486295 0.014729543281027935
9 0.6302212609206725 0.4704930373251779 0.008820335971154836 0.012606983682977468
9 0.4390681735512657 0.4745641521161241 0.007780954974326182 0.01284475106872901
3 0.7110366859375 0.5675819159722222 0.0592530578124999 0.054055420833333256
3 0.6934946621093749 0.5648098430555555 0.045999083593749934 0.048511274999999965
3 0.68413891796875 0.5668888986111111 0.04911766562499997 0.041581094444444466
3 0.679850867578125 0.5606517347222222 0.06860880234375 0.04573919999999998
3 0.9562351941406251 0.6382697729166666 0.08654064921875004 0.13444553194444442
0 0.39943715555331705 0.5139393793466012 0.06032893793717953 0.047813514248757794
