8 0.1811539303872059 0.05882808194444445 0.1984688701494118 0.1176561638888889
8 0.43787628203124995 0.06351557777777778 0.19248033593749997 0.12703115555555555
8 0.661997221875 0.06351557777777778 0.1792967515624999 0.12703115555555555
8 0.9078347024141222 0.06492182361111111 0.1701409873592553 0.1289061611111111
9 0.03817984366339069 0.3948621029550249 0.005944167276935072 0.015349753132271937
9 0.030635323658050013 0.39534288542430573 0.006401410913622389 0.016501159706943935
8 0.1971656281829139 0.4025629704323326 0.009008042303327773 0.01882014808604987
8 0.5395854090272756 0.3798846898348476 0.020114033266965703 0.04610936281082206
8 0.6307488820278149 0.40132749628832626 0.04560871561812985 0.051406907423347525
9 0.8790139922435583 0.40113425961008975 0.010346412856226395 0.013795217141635008
8 0.8176692715779159 0.40113079347778 0.012972083406668111 0.019444606480841287
8 0.7973503940141304 0.35080357670383794 0.01737146828986924 0.028595009530648863
0 0.8687112478490191 0.4961922403380362 0.03784951021612237 0.044402729951902975
0 0.9209012672931196 0.49597157936252834 0.05963292010126098 0.08163129761394555
0 0.11578758673340861 0.4722063856233425 0.05191588127931722 0.026836548197759436
8 0.8333801060227481 0.41908845706323883 0.007077264858835641 0.009150403049807576
