0 0.044558665625 0.6723990375 0.0874101421875 0.12868715277777787
0 0.4105886359375 0.643262325 0.08741014218749998 0.12868715277777776
0 0.2412668262590787 0.6134418085362199 0.0738229884556574 0.11548639959422691
0 0.3619595631352003 0.6048773331359272 0.04751490439540057 0.0889102809503679
0 0.2953793906289539 0.604933290834792 0.03440214028409311 0.05202908444736176
0 0.19400194299447449 0.6210251718919296 0.043111542887660975 0.08575131732725194
0 0.45565949140625 0.6044133729166666 0.04097350468749994 0.07041372361111109
0 0.5143584701182247 0.6115607206713694 0.043764492576050584 0.05551943685384708
8 0.5819944625 0.25419266475806757 0.15706510000000007 0.08128623992830925
8 0.73701088671875 0.27662533819444446 0.038241937500000045 0.11411879583333331
9 0.5102083321050244 0.556982291221825 0.004763849984281365 0.010351081447327437
9 0.30289876163791085 0.504516537348441 0.00624137564078181 0.017923950558142665
9 0.4322929186249415 0.48772414052170815 0.004763849984281365 0.01787914068174734
9 0.1852343640625 0.5780515909722223 0.010926267187499977 0.016996412499999947
9 0.1001581299410306 0.5688594837844979 0.008709402603567895 0.01548338240634295
9 0.42647043531081985 0.4857613873757354 0.0058224833141216625 0.021804646973692943
0 0.3245558893509063 0.6108194359302271 0.006532051952675866 0.024773411850148586
9 0.415003470262723 0.5599954319331684 0.002880634911130109 0.011095778916945354
8 0.10255321565701175 0.5286026895280063 0.010886753254459827 0.009290029443805747
8 0.10843206241442008 0.5467956638554592 0.01741880520713575 0.010064198564122884
8 0.24473421316025737 0.5162841233059094 0.021773506508919682 0.010702088278485289
8 0.5443492569923741 0.5122844395174566 0.014820866617764272 0.0112920888516298
8 0.7479594293980254 0.41569587770403793 0.027590434283270127 0.14408337903485496
8 0.6703964118105395 0.4610223239535036 0.021523971204785886 0.12234609306766292
8 0.5337629236939712 0.5348686172207164 0.011644966628243436 0.02634820732046983
8 0.5366741653510319 0.5593348097325811 0.010057016633482907 0.020702162894654874
0 0.3876374386069873 0.5809067075843348 0.025925714200170646 0.023898600744190257
8 0.19596155858027725 0.5448602410546663 0.013935044165708621 0.009290029443805747
2 0.08665855590550038 0.6311800979700279 0.013935044165708593 0.05186933106124869
8 0.27064468590587176 0.564214469062595 0.005661111692319143 0.012386705925074404
