0 0.304140048046875 0.6039476166666666 0.023395388281249985 0.01906290833333324
0 0.3314233950136507 0.6195348292703113 0.005826304089801448 0.012111516873956063
0 0.313400721875 0.628102916441731 0.0321686578125 0.03617965788346189
0 0.35775447890625 0.6308089881944444 0.05263962343749995 0.09704753749999995
0 0.12087617304687501 0.6556543971799907 0.03899231484374999 0.07508458619557401
0 0.1710787765625 0.6560816256668778 0.12185098125 0.11235594866624443
0 0.05215221992187501 0.6522593859697023 0.10235482421875 0.13039838083837274
0 0.5514185514588013 0.6242161130012089 0.04743615489489761 0.05266793433575134
0 0.58451824759252 0.6085446218387853 0.026561701435040108 0.03172289923312632
0 0.4488782053689892 0.6490054013888888 0.14333837051202158 0.22355593333333323
8 0.523959216796875 0.49390264236111114 0.014622116406249996 0.04852376805555553
8 0.15589700719796945 0.5128660889755499 0.011842188729061148 0.01019902517332194
3 0.66485965564524 0.6793327569444445 0.06738682074111768 0.21489097499999998
