9 0.06162211981029425 0.4300777810228785 0.005077478036803279 0.018873857752965684
9 0.06767787257956123 0.43115617912184656 0.004967284221622473 0.018358266577026605
9 0.05700623068592764 0.4296674797673793 0.0041543002119299455 0.019694460263964153
9 0.0036927112994932882 0.37706685380381466 0.0073854225989865765 0.022156267796959728
9 0.21842755558521035 0.4390223433842021 0.005731066954579311 0.01805325524196716
9 0.2262671429374486 0.4390940257803706 0.004438737437397172 0.017909890449630095
9 0.2231782391631256 0.43868372452487137 0.004154300211929973 0.01708928793863157
8 0.43770140635573307 0.06243954375 0.0483351435385338 0.1248790875
2 0.463224791455959 0.5138282123261578 0.02338207033619033 0.13163239596670118
2 0.48963391796874994 0.5142080090277777 0.026628628124999998 0.1338573208333333
0 0.015860102213698272 0.5493047451388889 0.030365812239896546 0.10284160138888887
0 0.16455644728366964 0.5113174296117309 0.03184963495812962 0.03856831801692989
0 0.21965663743100725 0.5390206201919034 0.0970641079835613 0.1536069120561947
0 0.15828745297852725 0.5325523483392833 0.036079023144554495 0.044931644988100206
0 0.11908993940865854 0.5293706848536981 0.03877346864467954 0.03856831801692984
0 0.13893826264343495 0.5182925509552182 0.006462244774113252 0.009847230131982077
