0 0.32439057852916364 0.5490702412861755 0.006497705495827344 0.011059558861673535
0 0.3087690589693469 0.5553373246411238 0.006221001859691322 0.014746078482231306
0 0.3050364578535321 0.5564432805272912 0.007050468774316809 0.02285642164745849
0 0.3002670230944354 0.5593924962237375 0.009953602975506182 0.02875485304035108
0 0.29052981355162977 0.5591505725452381 0.017851592072536726 0.03416943707624509
0 0.2816705696465811 0.5604263666910789 0.011115649963323204 0.041498426529739896
0 0.2675231391964567 0.5638793709322658 0.030517990892913405 0.05632968908675384
0 0.23762765703125 0.5691219310235502 0.06371176406249998 0.06481790184178837
0 0.4010954828672459 0.561765376970337 0.019174198328008263 0.030551398837103783
9 0.3428567723716992 0.5416972020450599 0.003062274006601695 0.005161127468780946
7 0.057684975 0.5429849381944445 0.04993624687500001 0.07500003472222228
7 0.38614494414062506 0.5621385748521861 0.019802305468750003 0.07045014692659424
3 0.0774872796875 0.61186251875 0.044770428125000004 0.10255106805555558
3 0.3847476120781137 0.5774237277777777 0.03292860396877262 0.05204084166666667
0 0.044339943359375 0.6485972284722222 0.08867988671875 0.2984695208333333
0 0.5835374353202769 0.5728287670342703 0.08741877376555374 0.09184302426479274
8 0.229448445703125 0.4473216298611111 0.018080364843750002 0.061224515277777725
8 0.030564427734375 0.4205359048611111 0.009470667968750006 0.04438777638888891
2 0.5082465566974083 0.5574768744683352 0.008727993082316532 0.03377125661888525
0 0.35501183945971926 0.553494064830845 0.009953602975506126 0.016957990254566013
0 0.37139381102357305 0.5560746285652354 0.007050468774316865 0.013271470634008131
0 0.3135384937284436 0.553494064830845 0.006635735317004121 0.021381813799235427
0 0.31810056175888396 0.555337324641124 0.004147334573127548 0.01622068633045448
0 0.3193447621308222 0.5498075452102871 0.005806268402378578 0.014008774558119774
0 0.3288836316490156 0.5487015893241198 0.0041473345731276035 0.007373039241115653
